0 0.023148148147719476 0.5529247910709492 0.035185185184533604 0.058495821725390085
0 0.05925925925816186 0.5431754874500507 0.03703703703635117 0.061281337045646755
0 0.1333333333308642 0.5501392757506924 0.051851851850891625 0.08077994428744345
0 0.1629629629599451 0.5278551531886391 0.03703703703635117 0.058495821725390085
0 0.18888888888539093 0.5348189414892808 0.048148148147256514 0.07242339832667344
0 0.21203703703311041 0.5083565459468424 0.027777777777263372 0.05292479108487674
0 0.24074074073628257 0.5139275765873558 0.04074074073998628 0.06963788300641677
0 0.2712962962912723 0.5069637882867141 0.027777777777263372 0.055710306405133414
0 0.3083333333276234 0.5236768802082541 0.04629629629543895 0.07242339832667344
0 0.32037037036443755 0.4916434540253024 0.03333333333271605 0.06406685236590343
0 0.3638888888821502 0.4888579387050457 0.035185185184533604 0.05292479108487674
0 0.39907407406668377 0.4888579387050457 0.031481481480898486 0.05292479108487674
0 0.38240740740032575 0.6002785515153125 0.07592592592451988 0.13091922005206352
0 0.44166666665848764 0.5069637882867141 0.05370370370270919 0.0947075208887268
0 0.5481481481379972 0.5292479108487674 0.051851851850891625 0.08913649024821346
0 0.48148148147256514 0.4749303621037624 0.02962962962908093 0.04178272980385006
0 0.5166666666570987 0.45961002784235067 0.022222222221810698 0.04456824512410673
0 0.5611111111007201 0.48189415040440403 0.03333333333271605 0.061281337045646755
0 0.6416666666547839 0.5863509749140292 0.07592592592451988 0.1532033426141169
0 0.6990740740611282 0.5069637882867141 0.05370370370270919 0.10027855152924015
0 0.6712962962838649 0.5013927576462007 0.031481481480898486 0.061281337045646755
0 0.653703703691598 0.45821727018222236 0.02962962962908093 0.0473537604443634
0 0.612037037025703 0.4637883008227357 0.027777777777263372 0.058495821725390085
0 0.5972222222111625 0.456824512522094 0.02037037036999314 0.04456824512410673
0 0.5842592592484396 0.4470752089011957 0.012962962962722906 0.030640668522823378
0 0.5435185185084533 0.45543175486196563 0.016666666666358024 0.030640668522823378
0 0.6842592592465877 0.4470752089011957 0.024074074073628257 0.04178272980385006
0 0.7296296296161179 0.465181058482864 0.022222222221810698 0.04456824512410673
0 0.7148148148015775 0.43314763229991227 0.022222222221810698 0.04178272980385006
0 0.737962962949297 0.44011142060055397 0.02037037036999314 0.03899721448359339
0 0.7388888888752058 0.42339832867901395 0.018518518518175583 0.03342618384308005
0 0.79629629628155 0.4763231197638907 0.048148148147256514 0.0668523676861601
0 0.821296296281087 0.448467966561324 0.031481481480898486 0.061281337045646755
0 0.8518518518360768 0.44011142060055397 0.02962962962908093 0.061281337045646755
0 0.8999999999833332 0.49860724232594406 0.051851851850891625 0.0947075208887268
0 0.9185185185015089 0.45543175486196563 0.03703703703635117 0.06406685236590343
0 0.9027777777610596 0.40389972143721725 0.02037037036999314 0.03899721448359339
