0 0.11999999999781817 0.40048543688348337 0.08363636363484298 0.12135922329802526
0 0.10363636363447933 0.5691747572677385 0.07999999999854544 0.10436893203630172
0 0.21454545454155372 0.43932038833885145 0.061818181817057845 0.11165048543418324
0 0.26545454544971897 0.6249999999848301 0.07636363636224792 0.12378640776398576
0 0.33909090908474376 0.5291262135793902 0.06363636363520661 0.10194174757034122
0 0.36727272726604954 0.4174757281452069 0.05454545454446281 0.08737864077457819
0 0.41363636362884293 0.5327669902783309 0.06363636363520661 0.11407766990014374
0 0.5136363636270248 0.48665048542508127 0.06727272727150413 0.11893203883206475
0 0.5145454545360991 0.6759708737700006 0.07999999999854544 0.12378640776398576
0 0.6318181818066941 0.5109223300846863 0.06363636363520661 0.10436893203630172
0 0.655454545442628 0.6953883494976847 0.08545454545299173 0.12378640776398576
0 0.7909090908947107 0.5873786407624423 0.07999999999854544 0.1456310679576303
0 0.7836363636221156 0.3713592232919573 0.07636363636224792 0.12135922329802526
0 0.9490909090736528 0.38834951455368083 0.0872727272711405 0.12135922329802526
