0 0.18469387754913577 0.4346938775451062 0.0326530612241566 0.05034013605373686
0 0.254591836732096 0.6197278911480308 0.04795918367298001 0.07755102040710815
0 0.3168367346906445 0.6034013605360081 0.06224489795854852 0.08843537414845666
0 0.3127551020376249 0.5442176870674256 0.03775510204043107 0.054421768706742556
0 0.27908163265021346 0.5319727891084085 0.033673469387411496 0.05714285714207969
0 0.39897959183266346 0.5149659863875514 0.04285714285670554 0.05034013605373686
0 0.3841836734654675 0.5721088435296311 0.04795918367298001 0.06666666666575963
0 0.5846938775450541 0.6925170067932991 0.07551020408086213 0.12244897959017076
0 0.5622448979534465 0.5877551020328197 0.04693877550972511 0.0680272108834282
0 0.5219387755048781 0.5244897959112313 0.03979591836694086 0.053061224489073994
0 0.5729591836676229 0.5496598639380998 0.03979591836694086 0.05986394557741681
0 0.5877551020348188 0.5054421768638715 0.03061224489764681 0.042176870747725484
0 0.6280612244833871 0.5299319727819056 0.04795918367298001 0.053061224489073994
0 0.6785714285645044 0.5748299319649682 0.05510204081576426 0.07210884353643389
0 0.7795918367267388 0.6163265306038594 0.07959183673388172 0.10884353741348511
0 0.7586734693800135 0.5448979591762598 0.041836734693450645 0.055782312924411125
0 0.8198979591753072 0.5564625850264426 0.04591836734647022 0.06530612244809107
0 0.8061224489713661 0.5081632652992086 0.03877551020368596 0.04489795918306261
0 0.8372448979506403 0.49727891155786014 0.02755102040788213 0.04489795918306261
0 0.8540816326443461 0.5448979591762598 0.0326530612241566 0.05850340135974825
0 0.893877551011287 0.4979591836666944 0.0326530612241566 0.040816326530056915
0 0.9576530612147178 0.5782312925091396 0.07244897959109746 0.10068027210747373
0 0.9663265306023844 0.4986394557755287 0.0326530612241566 0.055782312924411125
