0 0.15903465346337828 0.6444444444342151 0.09777227722651272 0.15555555555308642
0 0.2852722772241922 0.477777777770194 0.0606435643556851 0.09523809523658351
0 0.4387376237569463 0.5880952380859032 0.10767326732540008 0.14761904761670444
0 0.786509900980365 0.708730158718909 0.17698019801761164 0.2142857142823129
0 0.6732673267243408 0.4865079365002141 0.07673267326637707 0.10317460317296548
0 0.8595297029596592 0.4126984126918619 0.08539603960290351 0.117460317458453
0 0.8131188118711248 0.38492063491452505 0.047029702969714975 0.06825396825288485
0 0.7821782178121017 0.3571428571371882 0.03712871287082761 0.05079365079284454
0 0.7153465346446121 0.3753968253908667 0.04455445544499314 0.04920634920556815
0 0.6627475247442729 0.38650793650180143 0.043316831682632215 0.06190476190377928
0 0.6429455445464982 0.44126984126283697 0.04579207920735406 0.06666666666560846
0 0.6132425742498361 0.4404761904691988 0.035891089108466695 0.0587301587292265
0 0.6051980197944901 0.39999999999365077 0.03465346534610577 0.05079365079284454
0 0.5358910891022786 0.4325396825328168 0.05198019801915866 0.07777777777654321
0 0.5068069306867969 0.42380952380279663 0.03341584158374485 0.06349206349105568
0 0.3917079207872313 0.44603174602466616 0.04579207920735406 0.05714285714195011
0 0.41150990098500606 0.4119047618982237 0.03836633663318854 0.04920634920556815
0 0.4808168316772176 0.40158730158092715 0.02599009900957933 0.047619047618291756
0 0.34282178217397496 0.4285714285646258 0.039603960395549455 0.0603174603165029
0 0.29331683167953815 0.3912698412636306 0.029702970296662093 0.03333333333280423
0 0.2530940594028082 0.4246031745964349 0.03836633663318854 0.0396825396819098
0 0.20730198019545418 0.4134920634855001 0.035891089108466695 0.0396825396819098
0 0.15470297029511507 0.4190476190409675 0.03712871287082761 0.047619047618291756
0 0.0761138613851966 0.43809523808828416 0.03836633663318854 0.05079365079284454
0 0.12004950494900929 0.40158730158092715 0.02227722772249657 0.03174603174552784
0 0.09839108910769317 0.392857142850907 0.02103960396013565 0.026984126983698665
0 0.06188118811804602 0.41031746031094735 0.02475247524721841 0.023809523809145878
0 0.04888613861325636 0.40555555554911815 0.02103960396013565 0.023809523809145878
0 0.17945544554233347 0.3880952380890778 0.02227722772249657 0.026984126983698665
0 0.31992574257029793 0.38571428570816324 0.023514851484857487 0.03174603174552784
0 0.3539603960352233 0.38492063491452505 0.02722772277194025 0.04285714285646258
0 0.4090346534602842 0.3666666666608465 0.02599009900957933 0.03809523809463341
0 0.3811881188071635 0.35952380951810275 0.017326732673052885 0.026984126983698665
0 0.36943069306473475 0.36904761904176114 0.018564356435413806 0.03015873015825145
0 0.45853960395472104 0.36349206348629376 0.023514851484857487 0.03174603174552784
0 0.13799504950324262 0.38888888888271606 0.016089108910691968 0.022222222221869488
0 0.1571782178198369 0.38492063491452505 0.017326732673052885 0.023809523809145878
0 0.1417079207903254 0.31031746031253465 0.016089108910691968 0.020634920634593094
0 0.24195544554155995 0.3880952380890778 0.02103960396013565 0.03015873015825145
0 0.2301980197991312 0.3785714285654195 0.019801980197774727 0.023809523809145878
0 0.25928217821461286 0.3785714285654195 0.02103960396013565 0.03015873015825145
0 0.2908415841548163 0.3714285714226757 0.017326732673052885 0.028571428570975055
0 0.30631188118432784 0.36825396824812295 0.013613861385970125 0.022222222221869488
0 0.3335396039562681 0.36904761904176114 0.013613861385970125 0.023809523809145878
0 0.45853960395472104 0.34841269840716804 0.023514851484857487 0.023809523809145878
0 0.4870049504890222 0.3412698412644243 0.02103960396013565 0.02539682539642227
0 0.5049504950432555 0.35634920634355 0.02227722772249657 0.03015873015825145
0 0.4931930693008268 0.35634920634355 0.018564356435413806 0.026984126983698665
0 0.2147277227696197 0.3912698412636306 0.02103960396013565 0.023809523809145878
0 0.5482673267258877 0.3515873015817208 0.02475247524721841 0.03015873015825145
0 0.5977722772203246 0.3714285714226757 0.032178217821383935 0.03492063492008062
0 0.529702970290474 0.3357142857089569 0.014851485148331046 0.023809523809145878
0 0.5655940593989407 0.33174603174076595 0.014851485148331046 0.02539682539642227
0 0.6070544554380315 0.33253968253440414 0.016089108910691968 0.020634920634593094
0 0.5853960395967154 0.3349206349153187 0.02227722772249657 0.022222222221869488
0 0.6714108910807993 0.3555555555499118 0.02103960396013565 0.03492063492008062
0 0.6509900990018441 0.32380952380438394 0.019801980197774727 0.028571428570975055
0 0.6342821782099718 0.3246031745980222 0.013613861385970125 0.020634920634593094
0 0.6837871287044086 0.32539682539166037 0.02103960396013565 0.028571428570975055
0 0.707301980189266 0.3341269841216805 0.02599009900957933 0.03333333333280423
0 0.7419554455353718 0.3206349206298312 0.023514851484857487 0.03174603174552784
0 0.7202970296940557 0.319841269836193 0.019801980197774727 0.026984126983698665
0 0.7611386138519661 0.3166666666616402 0.019801980197774727 0.026984126983698665
0 0.7951732673168914 0.3182539682489166 0.018564356435413806 0.026984126983698665
0 0.8199257425641098 0.30634920634434365 0.016089108910691968 0.02539682539642227
0 0.825495049494734 0.2777777777733686 0.02722772277194025 0.03174603174552784
0 0.894183168305765 0.2992063492015999 0.018564356435413806 0.026984126983698665
