0 0.10234374999840089 0.35058823528586847 0.051562499999194336 0.10352941176226989
0 0.15546874999757082 0.5588235293986159 0.09218749999855957 0.1529411764669896
0 0.25234374999605713 0.5270588235170104 0.07343749999885255 0.15529411764340484
0 0.2234374999965088 0.4094117646962491 0.04062499999936524 0.0658823529396263
0 0.4242187499933716 0.44352941175426985 0.07343749999885255 0.12470588235000692
0 0.645312499989917 0.7211764705712664 0.13749999999785156 0.27058823528775083
0 0.6484374999898682 0.5494117646929549 0.08437499999868164 0.1341176470556678
0 0.6078124999905029 0.46823529410662973 0.06874999999892578 0.12235294117359169
0 0.8007812499874878 0.5870588235155986 0.10156249999841309 0.20470588234812456
0 0.8593749999865723 0.5258823529288027 0.07187499999887696 0.15764705881982005
0 0.8140624999872803 0.3988235294023806 0.037499999999414065 0.06823529411604151
0 0.9539062499850952 0.4011764705787958 0.04218749999934082 0.10117647058585466
