0 0.32823871906363555 0.5701754385839873 0.05385735079979829 0.0964912280680594
0 0.32387190683662487 0.7423245613872297 0.07132459970784098 0.09868421052415166
0 0.44978165938209924 0.8146929824382743 0.07860262008619211 0.11622807017288973
0 0.4752547307063282 0.7050438596336612 0.06259097525381964 0.10307017543633618
0 0.5807860261924194 0.4462719298147747 0.04657933042144717 0.07236842105104455
0 0.6863173216785107 0.7642543859481523 0.07423580785918144 0.13815789473381232
0 0.7183406113432556 0.5317982456023728 0.045123726345776945 0.06798245613886003
0 0.7321688500621227 0.9331140350672562 0.10771470159959658 0.1337719298216278
0 0.7743813682565592 0.66008771928377 0.055312954875468515 0.0964912280680594
0 0.8973799126506932 0.6535087719154932 0.05094614264845784 0.0964912280680594
0 0.9657933042071937 0.6831140350727387 0.059679767102479186 0.10745614034852069
0 0.9752547306990501 0.8662280701564423 0.04949053857278762 0.16228070175082718
