0 0.02866666666647556 0.469777777773602 0.05333333333297778 0.10222222222131358
0 0.26499999999823337 0.4088888888852543 0.04333333333304445 0.06933333333271705
0 0.3169999999978867 0.4079999999963734 0.03533333333309778 0.05511111111062124
0 0.38699999999742 0.3946666666631585 0.03133333333312445 0.051555555555097284
0 0.37333333333084445 0.5702222222171536 0.09199999999938667 0.14844444444312493
0 0.4669999999968867 0.46577777777363755 0.055333333332964446 0.09599999999914667
0 0.5166666666632223 0.4186666666629452 0.03999999999973334 0.06755555555495507
0 0.6673333333288846 0.4248888888851121 0.037333333333084445 0.06044444444390716
0 0.7769999999948201 0.47866666666241187 0.06333333333291112 0.10933333333236149
0 0.9556666666602956 0.6426666666609541 0.08333333333277779 0.16355555555410173
