0 0.11901681759225075 0.689119170972554 0.11384217334910941 0.15889464593853378
0 0.1338939197912821 0.5768566493855465 0.09702457955890006 0.151986183071641
0 0.28654592496395154 0.5578583765015914 0.06856403622162272 0.09671848013649882
0 0.3719275549757836 0.5405872193343595 0.08150064682947605 0.11053540587028436
0 0.42432082793758963 0.5716753022353769 0.10349288486282673 0.13816925733785546
0 0.553686934016123 0.39550949912961125 0.0646830530392667 0.10362694300339159
0 0.5142302716621704 0.5440414507678059 0.07373868046476405 0.10362694300339159
0 0.6015523932651804 0.5708117443770153 0.08020698576869072 0.11226252158700756
0 0.6752910737299445 0.6493955094879206 0.11642949547068009 0.13816925733785546
0 0.7658473479849178 0.5846286701108009 0.07503234152554938 0.11226252158700756
0 0.8906856403507026 0.61658031087018 0.09702457955890006 0.13471502590440906
0 0.952134540738006 0.5552677029265066 0.07761966364712006 0.10535405872011479
