0 0.075499999999245 0.5014992503672938 0.04499999999955 0.07646176911429592
0 0.16099999999839 0.4925037481185532 0.0399999999996 0.07646176911429592
0 0.22799999999772 0.5089955022412445 0.03799999999962 0.061469265366394764
0 0.26099999999739 0.5322338830504912 0.0399999999996 0.06296851574118488
0 0.23699999999763 0.6206896551631081 0.0399999999996 0.06296851574118488
0 0.33799999999662 0.6334332833488241 0.0399999999996 0.07046476761513545
0 0.30299999999696997 0.5067466266790592 0.03799999999962 0.06296851574118488
0 0.33499999999665 0.514992503740405 0.03799999999962 0.06446776611597499
0 0.41099999999589 0.4985007496177136 0.0299999999997 0.05847076461681453
0 0.44049999999559497 0.516491754115195 0.02899999999971 0.0554722638672343
0 0.486499999995135 0.5232383808017506 0.03699999999963 0.06296851574118488
0 0.45199999999548 0.6154422788513427 0.0399999999996 0.05847076461681453
0 0.443499999995565 0.696401799090009 0.03299999999967 0.06746626686555524
0 0.56599999999434 0.6206896551631081 0.04399999999956 0.06896551724034534
0 0.5244999999947549 0.5209895052395653 0.02699999999973 0.05847076461681453
0 0.563499999994365 0.5074962518664543 0.02699999999973 0.05247376311765407
0 0.600499999993995 0.5232383808017506 0.03099999999969 0.04797601199328372
0 0.63199999999368 0.4985007496177136 0.03599999999964 0.061469265366394764
0 0.67399999999326 0.5142428785530099 0.0299999999997 0.05997001499160465
0 0.703499999992965 0.5277361319261209 0.03099999999969 0.06596701649076511
0 0.673499999993265 0.6341829085362192 0.04299999999957 0.07196401798992558
0 0.7499999999925 0.5232383808017506 0.03199999999968 0.06296851574118488
0 0.78799999999212 0.5119940029908246 0.03399999999966 0.06446776611597499
0 0.8679999999913199 0.5494752623605775 0.03399999999966 0.061469265366394764
0 0.926499999990735 0.5269865067387258 0.03899999999961 0.07646176911429592
