0 0.030701754384618342 0.3313253011848599 0.052631578945060015 0.12048192770358541
0 0.08114035087363419 0.34036144576262883 0.05701754385714835 0.1024096385480476
0 0.19517543858793088 0.30722891564414284 0.06578947368132501 0.12048192770358541
0 0.17543859648353338 0.23493975902199157 0.052631578945060015 0.09638554216286833
0 0.22587719297254924 0.12650602408876468 0.05701754385714835 0.09638554216286833
0 0.3070175438461834 0.1295180722813543 0.061403508769236684 0.1024096385480476
0 0.30921052630222756 0.3674698794959355 0.06578947368132501 0.10843373493322687
0 0.40350877191212675 0.2951807228737843 0.07017543859341335 0.10843373493322687
0 0.3618421052472876 0.24999999998493974 0.05701754385714835 0.1024096385480476
0 0.4780701754176285 0.1024096385480476 0.061403508769236684 0.09638554216286833
0 0.563596491203351 0.09939759035545798 0.05701754385714835 0.11445783131840614
0 0.6907894736539127 0.09337349397027869 0.06578947368132501 0.11445783131840614
0 0.7587719297912818 0.1355421686665336 0.061403508769236684 0.11445783131840614
0 0.5285087719066444 0.256024096370119 0.05701754385714835 0.11445783131840614
0 0.497807017522026 0.57831325297721 0.08333333332967835 0.13253012047394397
0 0.642543859620941 0.6265060240586442 0.0745614035055017 0.1445783132443025
0 0.6535087719011619 0.2801204819108361 0.061403508769236684 0.12650602408876468
0 0.8048245613682093 0.3584337349181666 0.05701754385714835 0.12650602408876468
0 0.8552631578572253 0.24999999998493974 0.07017543859341335 0.12650602408876468
0 0.9342105262748153 0.2951807228737843 0.061403508769236684 0.12048192770358541
0 0.9692982455715219 0.2951807228737843 0.052631578945060015 0.1445783132443025
