0 0.0829166666659757 0.5389610389532618 0.08916666666592361 0.12554112553931399
0 0.03833333333301389 0.6161616161527249 0.06999999999941667 0.16738816738575196
0 0.0829166666659757 0.3939393939337094 0.03583333333303473 0.06926406926306979
0 0.13208333333223266 0.29437229436804657 0.02416666666646528 0.054834054833263576
0 0.12499999999895835 0.4220779220718315 0.03833333333301389 0.07070707070605041
0 0.23833333333134724 0.4588744588678373 0.0683333333327639 0.12121212121037211
0 0.22874999999809378 0.3795093795039032 0.03083333333307639 0.049062049061341095
0 0.2858333333309514 0.4213564213503412 0.034999999999708334 0.07503607503499227
0 0.2783333333310139 0.7344877344771358 0.16999999999858334 0.2799422799382404
0 0.3658333333302848 0.45959595958932764 0.05666666666619445 0.08802308802181785
0 0.4295833333297535 0.3874458874402966 0.02416666666646528 0.04184704184643799
0 0.46916666666275697 0.3787878787824129 0.019999999999833335 0.03896103896047675
0 0.5099999999957501 0.3802308802253935 0.019999999999833335 0.04473304473239923
0 0.5037499999958022 0.4805194805125466 0.07416666666604861 0.13275613275421708
0 0.5424999999954793 0.3946608946551997 0.019999999999833335 0.04184704184643799
0 0.5487499999954272 0.3672438672385679 0.020833333333159725 0.04473304473239923
0 0.6162499999948646 0.4711399711331726 0.07083333333274307 0.1197691197673915
0 0.6974999999941875 0.25324675324309887 0.05499999999954167 0.10245310245162405
0 0.9249999999922918 0.6262626262535893 0.13166666666556945 0.24819624819266672
0 0.8970833333258578 0.4870129870059594 0.09916666666584029 0.16594516594277137
