0 0.026999999999459998 0.5854545454332561 0.04599999999908 0.10181818181447934
0 0.01799999999964 0.5327272727079008 0.02799999999944 0.06181818181593388
0 0.02899999999942 0.5036363636180495 0.02199999999956 0.047272727271008265
0 0.058999999998819996 0.49999999998181816 0.0299999999994 0.0690909090883967
0 0.07399999999852 0.7509090908817851 0.07999999999839999 0.17090909090287604
0 0.14599999999708 0.5854545454332561 0.051999999998959996 0.08727272726955372
0 0.21399999999572 0.5309090908897851 0.04399999999912 0.07999999999709091
0 0.24099999999518 0.6109090908868761 0.053999999998919995 0.10181818181447934
0 0.2849999999943 0.5563636363434049 0.049999999999 0.08727272726955372
0 0.34299999999313996 0.592727272705719 0.049999999999 0.10909090908694215
0 0.36999999999259997 0.5709090908883305 0.039999999999199995 0.08727272726955372
0 0.44399999999112 0.5654545454339834 0.04399999999912 0.08363636363332232
0 0.46799999999063996 0.6563636363397686 0.0599999999988 0.1418181818130248
0 0.51299999998974 0.39454545453110745 0.025999999999479998 0.06181818181593388
0 0.54099999998918 0.5909090908876033 0.049999999999 0.09818181817824793
0 0.54699999998906 0.5509090908890578 0.03399999999932 0.08363636363332232
0 0.64599999998708 0.5327272727079008 0.04399999999912 0.09818181817824793
0 0.6739999999865199 0.5909090908876033 0.051999999998959996 0.10545454545071074
0 0.67699999998646 0.6854545454296198 0.0699999999986 0.1418181818130248
0 0.62199999998756 0.9309090908752397 0.10799999999783999 0.1381818181767934
0 0.7269999999854599 0.5872727272513719 0.049999999999 0.09090909090578513
0 0.72299999998554 0.5363636363441322 0.04199999999916 0.07636363636085951
0 0.87899999998242 0.5909090908876033 0.07399999999852 0.09818181817824793
0 0.90799999998184 0.7109090908832396 0.07599999999847999 0.1418181818130248
0 0.98099999998038 0.48545454543689254 0.025999999999479998 0.0690909090883967
0 0.9849999999803 0.4981818181637025 0.025999999999479998 0.05818181817970248
