0 0.06666666666555555 0.45405405404178234 0.053333333332444444 0.11351351351044559
0 0.12999999999783332 0.4432432432312637 0.03999999999933333 0.0810810810788897
0 0.19416666666343055 0.45405405404178234 0.051666666665805557 0.09729729729466764
0 0.2699999999955 0.45540540539309715 0.06666666666555555 0.1432432432393718
0 0.3733333333271111 0.44594594593389336 0.03999999999933333 0.08648648648414901
0 0.33499999999441665 0.46891891890624543 0.023333333332944444 0.06216216216048211
0 0.4466666666592222 0.4783783783654492 0.059999999999 0.10810810810518627
0 0.5266666666578889 0.45135135133915266 0.04999999999916667 0.1189189189157049
0 0.5824999999902917 0.4675675675549306 0.04166666666597222 0.11351351351044559
0 0.6591666666556806 0.4418918918799489 0.05499999999908333 0.1054054054025566
0 0.7216666666546389 0.4675675675549306 0.04999999999916667 0.10270270269992696
0 0.7658333333205695 0.44594594593389336 0.038333333332694446 0.07027027026837107
0 0.8008333333199861 0.4527027026904675 0.024999999999583335 0.06216216216048211
0 0.8374999999860416 0.4837837837707085 0.034999999999416664 0.0810810810788897
0 0.8708333333188194 0.49324324322991236 0.03166666666613889 0.06216216216048211
0 0.8833333333186111 0.44999999998783785 0.023333333332944444 0.045945945944704164
0 0.928333333317861 0.4905405405272827 0.03666666666605556 0.08378378378151936
0 0.9774999999837083 0.4756756756628196 0.034999999999416664 0.054054054052593135
