0 0.0904166666659132 0.573749999992828 0.027499999999770836 0.049999999999374996
0 0.11458333333237848 0.5674999999929062 0.037499999999687506 0.06249999999921875
0 0.17041666666524655 0.6031249999924609 0.05749999999952084 0.09374999999882812
0 0.1966666666650278 0.5656249999929297 0.024999999999791668 0.05624999999929687
0 0.26249999999781254 0.5943749999925703 0.034999999999708334 0.06624999999917187
0 0.32249999999731255 0.6049999999924375 0.04333333333297223 0.079999999999
0 0.2949999999975417 0.5662499999929218 0.018333333333180556 0.04249999999946875
0 0.3545833333303785 0.583749999992703 0.025833333333118057 0.047499999999406246
0 0.41124999999657297 0.566874999992914 0.022499999999812503 0.04874999999939062
0 0.4454166666629549 0.57999999999275 0.027499999999770836 0.057499999999281244
0 0.5074999999957709 0.5812499999927343 0.029999999999750004 0.052499999999343745
0 0.5445833333287952 0.6124999999923437 0.040833333332993056 0.06249999999921875
0 0.8237499999931355 0.3693749999953828 0.12249999999897918 0.1937499999975781
