0 0.026499999999735 0.5202398800521704 0.04899999999951 0.1199400299832093
0 0.053499999999464996 0.4827586206824174 0.040999999999589996 0.07796101948908604
0 0.06899999999931 0.438530734626109 0.0299999999997 0.0554722638672343
0 0.112499999998875 0.4242878560656029 0.03899999999961 0.05997001499160465
0 0.16299999999837 0.4595202398731706 0.04599999999954 0.08545727136303663
0 0.202499999997975 0.41904047975383746 0.03099999999969 0.049475262368073834
0 0.28499999999715 0.5524737631101578 0.07799999999922 0.1394302848554808
0 0.26099999999739 0.42128935531602263 0.0399999999996 0.06296851574118488
0 0.27599999999724 0.32758620689164036 0.02199999999978 0.03448275862017267
0 0.01299999999987 0.41979010494123253 0.023999999999759998 0.05397301349244418
0 0.332499999996675 0.413043478254677 0.03499999999965 0.05247376311765407
0 0.37299999999627 0.39805097450677585 0.023999999999759998 0.05247376311765407
0 0.3899999999961 0.4370314842513189 0.04399999999956 0.07046476761513545
0 0.4199999999958 0.4722638680588866 0.05199999999948 0.0839580209882465
0 0.46399999999536 0.40479760119333136 0.03199999999968 0.05097451274286395
0 0.4399999999956 0.3935532233824055 0.023999999999759998 0.037481259369752905
0 0.416499999995835 0.39055472263282526 0.01899999999981 0.037481259369752905
0 0.499999999995 0.413043478254677 0.02599999999974 0.06746626686555524
0 0.58199999999418 0.3718140929479488 0.10199999999898 0.1769115442252337
0 0.67399999999326 0.3170914542681096 0.02599999999974 0.04047976011933314
0 0.653499999993465 0.4227886056908128 0.02499999999975 0.05397301349244418
0 0.67799999999322 0.5082458770538494 0.06199999999938 0.0929535232369872
0 0.72399999999276 0.4542728635614052 0.04599999999954 0.056971514242024415
0 0.708499999992915 0.4025487256311462 0.02499999999975 0.04347826086891337
0 0.777499999992225 0.4617691154353558 0.03299999999967 0.07496251873950581
0 0.78499999999215 0.40479760119333136 0.02599999999974 0.05097451274286395
0 0.850499999991495 0.39730134931938077 0.02899999999971 0.05397301349244418
0 0.882499999991175 0.44677661168745464 0.03899999999961 0.07496251873950581
0 0.8559999999914399 0.4580209894983805 0.0299999999997 0.05247376311765407
0 0.86299999999137 0.6109445277269724 0.08799999999912 0.17841079460002382
0 0.97099999999029 0.44827586206224473 0.04199999999958 0.08095952023866627
0 0.95699999999043 0.4220389805034177 0.0299999999997 0.061469265366394764
0 0.930499999990695 0.4235382308782078 0.03099999999969 0.05847076461681453
0 0.89899999999101 0.5532233882975529 0.047999999999519996 0.1019490254857279
