0 0.3669293725365763 0.43017578124859973 0.04607456805085469 0.1214192708329381
0 0.34214913610133046 0.3479817708322006 0.03652622006663151 0.08138020833306843
0 0.3697332525001974 0.3533528645821831 0.021370112155166154 0.05305989583316062
0 0.3892846317059877 0.33772786458223397 0.01652015762349724 0.04003906249986967
0 0.46961200363675415 0.3274739583322674 0.01985450136401962 0.04296874999986013
0 0.5284934828727971 0.3421223958322197 0.023340406183656653 0.04882812499984106
0 0.5594877235517437 0.3473307291655361 0.02197635647162477 0.05924479166647382
0 0.5736586844489638 0.35172526041552177 0.020006062443134274 0.05631510416648335
0 0.6156411033637229 0.36149088541548996 0.025462261291261803 0.05761718749981245
0 0.6290542588653697 0.388834635415401 0.023491967262771307 0.062174479166464285
0 0.6473173688986854 0.3709309895821259 0.025462261291261803 0.06803385416644521
0 0.7283267656854678 0.45100911458186527 0.06744468020602085 0.15397135416616547
0 0.7520460745669111 0.4021809895820242 0.04607456805085469 0.10058593749967258
