0 0.08048780487608566 0.49782608693487707 0.05365853658405711 0.09999999999565216
0 0.19756097560493754 0.5391304347591682 0.06341463414479476 0.10434782608241966
0 0.16707317072763236 0.49130434780472587 0.041463414633135035 0.06956521738827977
0 0.30121951218777515 0.6913043477960302 0.13414634146014276 0.2521739130325142
0 0.33414634145526473 0.5521739130194706 0.06829268292516359 0.1217391304294896
0 0.2926829268221297 0.4934782608481096 0.034146341462581796 0.07391304347504725
0 0.3853658536491374 0.515217391281947 0.04390243902331945 0.0913043478221172
0 0.5219512194994645 0.5978260869305293 0.07317073170553243 0.13478260868979206
0 0.49999999998780487 0.5217391304120983 0.058536585364425936 0.1217391304294896
0 0.5317073170602022 0.4826086956311909 0.034146341462581796 0.06956521738827977
0 0.5768292682786139 0.515217391281947 0.041463414633135035 0.07391304347504725
0 0.6219512194970256 0.5086956521517958 0.034146341462581796 0.06956521738827977
0 0.6414634146185009 0.5586956521496219 0.04878048780368828 0.09999999999565216
0 0.7048780487632956 0.8456521738762759 0.16585365853254014 0.2999999999869565
0 0.7670731707129982 0.5760869564966918 0.08048780487608566 0.14347826086332702
0 0.7048780487632956 0.5456521738893194 0.04390243902331945 0.08260869564858223
0 0.8390243902234384 0.5847826086702268 0.06341463414479476 0.10869565216918714
0 0.6548780487645152 0.3652173912884688 0.03658536585276621 0.06956521738827977
0 0.8256097560774242 0.5195652173687145 0.03658536585276621 0.07391304347504725
