0 0.6279166666614341 0.30937499999613277 0.18416666666513196 0.3437499999957031
0 0.4174999999965209 0.28124999999648437 0.13833333333218056 0.2449999999969375
0 0.23541666666470487 0.17687499999778905 0.1058333333324514 0.17124999999785936
0 0.09208333333256598 0.14312499999821093 0.07083333333274307 0.10874999999864061
0 0.035416666666371534 0.14062499999824218 0.060833333332826395 0.09874999999876562
0 0.35999999999700005 0.1043749999986953 0.04833333333293056 0.08874999999889062
0 0.4162499999965313 0.07562499999905468 0.03416666666638195 0.05124999999935937
0 0.40499999999662506 0.129999999998375 0.04333333333297223 0.05999999999925
0 0.4908333333292431 0.1193749999985078 0.03999999999966667 0.06624999999917187
0 0.559166666662007 0.07374999999907812 0.04499999999962501 0.06749999999915625
0 0.7449999999937917 0.1043749999986953 0.03666666666636111 0.06874999999914062
