0 0.41749999999304166 0.4137499999896563 0.07499999999875 0.1224999999969375
0 0.6458333333225694 0.4187499999895313 0.061666666665638886 0.0924999999976875
0 0.7699999999871666 0.414999999989625 0.059999999999 0.09499999999762501
0 0.8333333333194445 0.38124999999046877 0.04333333333261111 0.0624999999984375
0 0.8808333333186528 0.39374999999015625 0.048333333332527775 0.0824999999979375
0 0.7616666666539722 0.35124999999121875 0.03999999999933333 0.0624999999984375
0 0.7249999999879166 0.3624999999909375 0.026666666666222222 0.054999999998625
0 0.6708333333221528 0.34874999999128126 0.024999999999583335 0.047499999998812506
0 0.6474999999892084 0.34374999999140626 0.01833333333302778 0.0324999999991875
0 0.6283333333228611 0.3687499999907813 0.026666666666222222 0.0424999999989375
0 0.5958333333234027 0.3624999999909375 0.021666666666305553 0.039999999999
0 0.5741666666570973 0.354999999991125 0.02833333333286111 0.044999999998875
0 0.5341666666577639 0.34374999999140626 0.024999999999583335 0.037499999999062505
0 0.4833333333252778 0.3374999999915625 0.01666666666638889 0.034999999999125
0 0.4658333333255694 0.3287499999917813 0.021666666666305553 0.0424999999989375
0 0.42416666665959724 0.3399999999915 0.021666666666305553 0.039999999999
0 0.3883333333268611 0.34499999999137504 0.019999999999666666 0.034999999999125
0 0.3716666666604722 0.34999999999125003 0.01666666666638889 0.034999999999125
0 0.3541666666607639 0.34999999999125003 0.024999999999583335 0.034999999999125
0 0.32166666666130556 0.35874999999103124 0.019999999999666666 0.0324999999991875
0 0.30833333332819446 0.3399999999915 0.023333333332944444 0.039999999999
0 0.2833333333286111 0.34749999999131254 0.026666666666222222 0.044999999998875
0 0.247499999995875 0.4074999999898125 0.07166666666547222 0.13499999999662501
0 0.15999999999733333 0.4012499999899688 0.06666666666555555 0.10749999999731251
