0 0.017499999999708332 0.7172236503671664 0.01833333333302778 0.03084832904805017
0 0.03249999999945833 0.7056555269741476 0.01499999999975 0.03341902313538768
0 0.02083333333298611 0.687660668362785 0.011666666666472222 0.0179948586113626
0 0.05499999999908333 0.7326478148911915 0.023333333332944444 0.0359897172227252
0 0.051666666665805557 0.7030848328868101 0.01666666666638889 0.028277634960712655
0 0.05666666666572222 0.6915167094937913 0.01666666666638889 0.020565552698700112
0 0.08083333333198611 0.6915167094937913 0.01499999999975 0.02570694087337514
0 0.07416666666543055 0.7172236503671664 0.01833333333302778 0.03084832904805017
0 0.06583333333223611 0.8110539845549857 0.048333333332527775 0.05912596400876283
0 0.11749999999804167 0.7172236503671664 0.021666666666305553 0.03084832904805017
0 0.11416666666476388 0.6940874035811287 0.01499999999975 0.020565552698700112
0 0.12333333333127777 0.6838046272317787 0.013333333333111111 0.02570694087337514
0 0.15249999999745834 0.7056555269741476 0.01833333333302778 0.03341902313538768
0 0.1499999999975 0.6928020565374601 0.013333333333111111 0.023136246786037627
0 0.18249999999695832 0.6953727506247975 0.01833333333302778 0.028277634960712655
0 0.1933333333301111 0.7107969151488226 0.019999999999666666 0.023136246786037627
0 0.20583333332990278 0.687660668362785 0.01833333333302778 0.028277634960712655
0 0.217499999996375 0.6966580976684663 0.01833333333302778 0.02570694087337514
0 0.24416666666259723 0.6940874035811287 0.01499999999975 0.020565552698700112
0 0.20666666666322223 0.730077120803854 0.026666666666222222 0.041131105397400225
0 0.22749999999620832 0.7583547557645667 0.03166666666613889 0.05141388174675028
0 0.22666666666288887 0.8071979434239794 0.03999999999933333 0.05655526992142531
0 0.20916666666318054 0.8637532133454047 0.06833333333219445 0.10796915166817558
0 0.18249999999695832 0.7853470436816106 0.04166666666597222 0.06426735218343785
0 0.16999999999716667 0.7455012853278791 0.0299999999995 0.041131105397400225
0 0.2649999999955833 0.7429305912405416 0.026666666666222222 0.0359897172227252
0 0.2724999999954583 0.7146529562798289 0.021666666666305553 0.03084832904805017
0 0.292499999995125 0.719794344454504 0.01499999999975 0.02570694087337514
0 0.2941666666617639 0.7480719794152166 0.024999999999583335 0.04627249357207525
0 0.30666666666155556 0.7969151670746294 0.04333333333261111 0.06683804627077536
0 0.33499999999441665 0.7583547557645667 0.026666666666222222 0.05655526992142531
0 0.36499999999391664 0.7519280205462229 0.026666666666222222 0.043701799484737736
0 0.39083333332681947 0.7467866323715479 0.024999999999583335 0.043701799484737736
0 0.3616666666606389 0.7185089974108352 0.019999999999666666 0.028277634960712655
0 0.3641666666605972 0.6953727506247975 0.01833333333302778 0.023136246786037627
0 0.3799999999936667 0.7069408740178164 0.019999999999666666 0.02570694087337514
0 0.39833333332669446 0.7133676092361602 0.01666666666638889 0.03341902313538768
0 0.40416666665993056 0.7005141387994726 0.01499999999975 0.023136246786037627
0 0.32666666666122224 0.7210796914981727 0.019999999999666666 0.023136246786037627
0 0.33083333332781945 0.7107969151488226 0.01833333333302778 0.023136246786037627
0 0.43499999999275 0.8097686375113169 0.04666666666588889 0.08226221079480045
0 0.44499999999258333 0.7853470436816106 0.03333333333277778 0.05912596400876283
0 0.4499999999925 0.7429305912405416 0.026666666666222222 0.041131105397400225
0 0.45666666665905553 0.7210796914981727 0.019999999999666666 0.03341902313538768
0 0.4849999999919167 0.6915167094937913 0.01666666666638889 0.020565552698700112
0 0.4933333333251111 0.7095115681051539 0.01666666666638889 0.02570694087337514
0 0.5091666666581806 0.730077120803854 0.021666666666305553 0.041131105397400225
0 0.5183333333246944 0.7442159382842103 0.023333333332944444 0.04884318765941277
0 0.5366666666577222 0.7699228791575855 0.03666666666605556 0.05398457583408779
0 0.5608333333239861 0.7159383033234976 0.021666666666305553 0.03341902313538768
0 0.52499999999125 0.7043701799304789 0.009999999999833333 0.020565552698700112
0 0.5783333333236944 0.6953727506247975 0.013333333333111111 0.0179948586113626
0 0.6183333333230278 0.6940874035811287 0.019999999999666666 0.020565552698700112
0 0.6233333333229444 0.7634961439392417 0.03999999999933333 0.06169665809610034
0 0.6191666666563472 0.8907455012624487 0.08166666666530556 0.14138817480356328
0 0.719999999988 0.7956298200309606 0.053333333332444444 0.09511568123148802
0 0.6924999999884583 0.7429305912405416 0.034999999999416664 0.04627249357207525
0 0.6708333333221528 0.7390745501095353 0.021666666666305553 0.04884318765941277
0 0.6383333333226945 0.7236503855855102 0.019999999999666666 0.03341902313538768
0 0.6016666666566389 0.7133676092361602 0.01666666666638889 0.028277634960712655
0 0.6366666666560555 0.6979434447121351 0.01666666666638889 0.028277634960712655
0 0.6766666666553889 0.6953727506247975 0.019999999999666666 0.028277634960712655
0 0.6808333333219861 0.7069408740178164 0.01499999999975 0.02570694087337514
0 0.6941666666550972 0.7095115681051539 0.01833333333302778 0.02570694087337514
0 0.73499999998775 0.7172236503671664 0.023333333332944444 0.03084832904805017
0 0.7316666666544722 0.7467866323715479 0.023333333332944444 0.043701799484737736
0 0.7591666666540139 0.7172236503671664 0.021666666666305553 0.041131105397400225
0 0.7474999999875417 0.6953727506247975 0.01499999999975 0.023136246786037627
0 0.7774999999870417 0.6915167094937913 0.01499999999975 0.02570694087337514
0 0.7841666666535972 0.6915167094937913 0.011666666666472222 0.020565552698700112
0 0.8183333333196944 0.7223650385418414 0.023333333332944444 0.041131105397400225
0 0.8266666666528889 0.7609254498519041 0.03999999999933333 0.0719794344454504
0 0.8374999999860416 0.6529562981837286 0.01833333333302778 0.0359897172227252
0 0.862499999985625 0.7210796914981727 0.01833333333302778 0.028277634960712655
0 0.8749999999854167 0.6992287917558038 0.01666666666638889 0.03084832904805017
0 0.8641666666522638 0.6838046272317787 0.011666666666472222 0.020565552698700112
0 0.9008333333183194 0.719794344454504 0.021666666666305553 0.02570694087337514
0 0.9274999999845417 0.7840616966379418 0.05499999999908333 0.10282776349350056
0 0.8883333333185278 0.7506426735025541 0.023333333332944444 0.04627249357207525
0 0.9724999999837917 0.8020565552493044 0.048333333332527775 0.06683804627077536
0 0.982499999983625 0.7416452441968728 0.024999999999583335 0.03341902313538768
0 0.9399999999843334 0.7056555269741476 0.023333333332944444 0.038560411310062714
0 0.9649999999839166 0.7056555269741476 0.019999999999666666 0.03341902313538768
0 0.9891666666501805 0.7159383033234976 0.01833333333302778 0.03341902313538768
0 0.9108333333181527 0.6915167094937913 0.01499999999975 0.02570694087337514
0 0.8933333333184444 0.6889460154064537 0.01666666666638889 0.0359897172227252
0 0.9316666666511388 0.6850899742754475 0.013333333333111111 0.0179948586113626
0 0.4666666666588889 0.5938303341749658 0.009999999999833333 0.015424164524025084
0 0.5283333333245278 0.597686375305972 0.009999999999833333 0.0179948586113626
