0 0.047260273971955334 0.5287474332540298 0.08630136986183148 0.2073921971209981
0 0.17260273972366297 0.4753593429060501 0.10410958903966973 0.16632443531485985
0 0.14452054794322575 0.2987679671396557 0.06712328767031338 0.09650924024442485
0 0.16643835616210356 0.27926078028174 0.047945205478795265 0.11498973305718707
0 0.11164383561490898 0.2710472279205124 0.050684931506154995 0.09034907597350413
0 0.3678082191730437 0.3213552361330317 0.07260273972503284 0.10882956878626633
0 0.4904109588973916 0.10882956878626633 0.06301369862927378 0.09856262833473177
0 0.5691780821839838 0.3870636550228529 0.09999999999863013 0.14989733059240457
0 0.6013698630054607 0.2535934291529036 0.06849315068399324 0.10061601642503869
0 0.5623287671155844 0.2720739219656658 0.056164383560874456 0.10061601642503869
0 0.6643835616347344 0.2443531827465225 0.06301369862927378 0.09034907597350413
0 0.749315068482886 0.2587268993786709 0.06849315068399324 0.11498973305718707
0 0.7075342465656501 0.4599589322287483 0.11095890410806905 0.1724845995857806
0 0.8890410958782322 0.6273100615887616 0.1671232876689435 0.26488706364959164
0 0.8472602739609963 0.3162217659072644 0.07808219177975229 0.12731006159902852
0 0.8965753424534715 0.24845995892713635 0.056164383560874456 0.09445585215411795
0 0.973287671219544 0.21355236139191883 0.050684931506154995 0.09034907597350413
