0 0.047333333332702225 0.3722222222139506 0.05199999999930667 0.10888888888646914
0 0.016666666666444445 0.2255555555505432 0.027999999999626667 0.0733333333317037
0 0.04266666666609778 0.31222222221528395 0.04266666666609778 0.08222222222039506
0 0.07733333333230223 0.3322222222148395 0.034666666666204445 0.0733333333317037
0 0.0899999999988 0.3088888888820247 0.03066666666625778 0.06666666666518518
0 0.1806666666642578 0.38111111110264195 0.05199999999930667 0.08222222222039506
0 0.22133333333038224 0.3766666666582963 0.04266666666609778 0.08666666666474074
0 0.15866666666455112 0.25888888888313577 0.03999999999946667 0.07777777777604938
0 0.21399999999714667 0.2999999999933333 0.025333333332995558 0.044444444443456785
0 0.22799999999696002 0.23888888888358023 0.029333333332942226 0.05999999999866666
0 0.26266666666316446 0.23999999999466665 0.02133333333304889 0.044444444443456785
0 0.27599999999632 0.2811111111048642 0.02133333333304889 0.04666666666562963
0 0.2706666666630578 0.37333333332503704 0.03999999999946667 0.07555555555387654
0 0.30266666666263115 0.35777777776982717 0.026666666666311113 0.06666666666518518
0 0.2986666666626845 0.3066666666598518 0.026666666666311113 0.053333333332148146
0 0.31733333332910224 0.2888888888824691 0.02399999999968 0.04888888888780247
0 0.29599999999605336 0.24444444443901234 0.026666666666311113 0.053333333332148146
0 0.3113333333291822 0.2411111111057531 0.017333333333102222 0.042222222221283946
0 0.33199999999557334 0.24666666666118517 0.01866666666641778 0.03999999999911111
0 0.3819999999949067 0.2599999999942222 0.019999999999733335 0.04888888888780247
0 0.4359999999941867 0.22777777777271604 0.050666666665991116 0.09999999999777777
0 0.48533333332686224 0.2522222222166173 0.053333333332622225 0.10444444444212345
0 0.5306666666595912 0.24666666666118517 0.031999999999573335 0.07111111110953086
0 0.5733333333256889 0.24444444443901234 0.029333333332942226 0.06222222222083951
0 0.6053333333252623 0.25111111110553086 0.034666666666204445 0.06222222222083951
0 0.6506666666579911 0.2366666666614074 0.034666666666204445 0.08222222222039506
0 0.6999999999906668 0.2555555555498765 0.03999999999946667 0.07999999999822222
0 0.7266666666569778 0.22777777777271604 0.05866666666588445 0.12222222221950617
0 0.7986666666560178 0.1966666666622963 0.04799999999936 0.09555555555343209
0 0.7626666666564978 0.2411111111057531 0.034666666666204445 0.06888888888735802
0 0.5786666666589512 0.4855555555447654 0.053333333332622225 0.09555555555343209
0 0.6286666666582845 0.4922222222112839 0.043999999999413335 0.06888888888735802
0 0.6606666666578578 0.4666666666562963 0.05199999999930667 0.10222222221995061
