0 0.18749999999942554 0.5761846405205221 0.09926470588204882 0.13439542483605232
0 0.23988970588161798 0.6200980392131532 0.1023284313722355 0.1266339869275873
0 0.3466605392146242 0.4959150326777128 0.062193627450789844 0.09395424836562928
0 0.4401041666653183 0.4048202614362548 0.07077205882331258 0.10049019607802087
0 0.24693627450904737 0.42463235293944185 0.03737745098027764 0.05106209150305939
0 0.23054534313654856 0.37540849673049265 0.025428921568549544 0.03758169934625171
0 0.1864276960778602 0.35600490195933004 0.03462009803910962 0.05106209150305939
0 0.160692401960292 0.35702614378939124 0.022977941176400188 0.04084967320244751
0 0.1416973039211345 0.3594771241815381 0.028492647058736234 0.03186274509790906
0 0.05729166666649114 0.3615196078416605 0.047794117646912396 0.055555555555328616
0 0.6104473039196984 0.6454248365986707 0.0965073529408808 0.1576797385614474
0 0.810814950977908 0.6094771241805169 0.11121323529377691 0.18137254901886696
0 0.7449448529388941 0.528799019605683 0.06341911764686452 0.0919117647055069
0 0.5859374999982049 0.49244281045550475 0.056066176470416465 0.09272875816955585
0 0.5212928921552656 0.36703431372399087 0.038909313725370986 0.06658496731998945
0 0.4906556372533987 0.3594771241815381 0.025428921568549544 0.04411764705864331
0 0.5402879901944231 0.36744281045601535 0.024816176470512204 0.04779411764686359
0 0.6063112745079463 0.3758169934625171 0.03431372549009095 0.05882352941152442
0 0.643688725488224 0.3803104575147863 0.023897058823456198 0.04575163398674121
0 0.6740196078410722 0.35151143790706085 0.03063725490186692 0.06004901960759784
0 0.7248774509781714 0.3594771241815381 0.04105392156850167 0.06209150326772021
