0 3000000000.0 14600000000.0 3600000000.0 2800000000.0
0 1650000000.0 13350000000.0 2900000000.0 3100000000.0
0 8050000000.0 15650000000.0 4300000000.0 4300000000.0
0 12600000000.0 18450000000.0 6800000000.0 4700000000.0
0 28300000000.0 29450000000.0 13200000000.0 14300000000.0
0 29650000000.0 16250000000.0 4100000000.0 3900000000.0
0 21700000000.0 14150000000.0 2600000000.0 2700000000.0
0 20450000000.0 12700000000.0 2300000000.0 2000000000.0
0 17000000000.0 13050000000.0 2800000000.0 2900000000.0
0 13050000000.0 12650000000.0 2500000000.0 2700000000.0
0 17000000000.0 10050000000.0 1800000000.0 1900000000.0
0 20400000000.0 10200000000.0 1400000000.0 1600000000.0
0 25200000000.0 11800000000.0 2800000000.0 2200000000.0
0 25850000000.0 9450000000.0 1300000000.0 1500000000.0
0 28350000000.0 12050000000.0 1700000000.0 1700000000.0
0 32600000000.0 13850000000.0 2200000000.0 2300000000.0
0 33400000000.0 12500000000.0 1600000000.0 1800000000.0
0 32000000000.0 12100000000.0 1400000000.0 1600000000.0
0 35700000000.0 11650000000.0 1400000000.0 1300000000.0
0 36150000000.0 12400000000.0 1700000000.0 1600000000.0
0 38700000000.0 13000000000.0 2000000000.0 2000000000.0
0 38550000000.0 14850000000.0 3100000000.0 2900000000.0
0 39400000000.0 11600000000.0 1800000000.0 1400000000.0
0 43650000000.0 18400000000.0 6100000000.0 5600000000.0
0 50050000000.0 15300000000.0 3900000000.0 4400000000.0
0 49100000000.0 11950000000.0 2400000000.0 2900000000.0
0 54850000000.0 14250000000.0 3900000000.0 3500000000.0
0 56950000000.0 12700000000.0 2500000000.0 2600000000.0
0 45450000000.0 12500000000.0 2500000000.0 3000000000.0
0 42200000000.0 12300000000.0 1800000000.0 1800000000.0
0 43900000000.0 11950000000.0 1800000000.0 1700000000.0
