0 0.05833333333236111 0.4788888888782469 0.04999999999916667 0.06444444444301234
0 0.12833333333119445 0.5222222222106173 0.07666666666538889 0.10666666666429629
0 0.19249999999679165 0.484444444433679 0.05833333333236111 0.06222222222083951
0 0.23916666666268055 0.8188888888706913 0.21499999999641667 0.33555555554809874
0 0.3816666666603056 0.6411111110968641 0.11333333333144444 0.16666666666296295
0 0.4558333333257361 0.5388888888769136 0.08166666666530556 0.09555555555343209
0 0.4816666666586389 0.5022222222110617 0.07666666666538889 0.10222222221995061
0 0.5191666666580139 0.46111111110086417 0.051666666665805557 0.06888888888735802
0 0.6574999999890416 0.4833333333225926 0.061666666665638886 0.09111111110908642
0 0.7458333333209027 0.5822222222092839 0.13166666666447222 0.17333333332948148
