0 0.039855072463190505 0.3152804642105361 0.062318840578806975 0.10831721469809831
0 0.13260869565025205 0.348162475815316 0.07971014492638101 0.12765957446561588
0 0.25942028985131277 0.3916827852922305 0.08695652173787019 0.14506769825638166
0 0.5260869565141146 0.4874274661414424 0.12173913043301827 0.17794970986116151
0 0.5572463768035182 0.31237911024540854 0.07101449275259399 0.09864603481433953
0 0.6789855072365364 0.3646034816177059 0.07391304347718966 0.11411992262835358
0 0.43550724637049987 0.2746615086987493 0.05362318840501995 0.08897485493058076
0 0.3427536231834383 0.27176015473362164 0.05072463768042428 0.06382978723280794
0 0.3159420289809284 0.23210831721021066 0.03478260869514808 0.061895551256056176
0 0.24420289854718547 0.2572533849079835 0.03913043478204159 0.0696324951630632
0 0.1746376811568893 0.24274661508234532 0.04492753623123293 0.05996131527930442
0 0.12898550724450744 0.22630560927995538 0.04057971014433942 0.054158607349049155
0 0.4195652173852237 0.2514506769777282 0.04492753623123293 0.058027079302552666
0 0.487681159413222 0.2562862669196076 0.04492753623123293 0.07156673113981496
0 0.5188405797026255 0.21663442939619662 0.03478260869514808 0.054158607349049155
0 0.5572463768035182 0.24274661508234532 0.03913043478204159 0.06382978723280794
0 0.594202898542113 0.21953578336132426 0.03478260869514808 0.05609284332580091
0 0.655797101439771 0.21663442939619662 0.03043478260825457 0.061895551256056176
0 0.7079710144824931 0.2698259187568699 0.056521739129615625 0.07930367504682198
0 0.7956521739015123 0.24274661508234532 0.04637681159353077 0.07543520309331847
0 0.8565217391180214 0.28046421662900456 0.0637681159411048 0.08510638297707725
0 0.939855072450147 0.2514506769777282 0.05072463768042428 0.0696324951630632
0 0.9449275362181895 0.20599613152406196 0.03768115941974375 0.05609284332580091
