0 0.15083333333081944 0.7142857142653062 0.1483333333308611 0.30857142856261227
0 0.07083333333215278 0.4971428571286531 0.10499999999825 0.18285714285191837
0 0.16833333333052777 0.46999999998657144 0.07666666666538889 0.139999999996
0 0.20749999999654167 0.24857142856432654 0.05833333333236111 0.10285714285420408
0 0.10916666666484721 0.3728571428464898 0.061666666665638886 0.11714285713951021
0 0.10333333333161111 0.2671428571352245 0.053333333332444444 0.1057142857112653
0 0.03333333333277778 0.21428571427959184 0.053333333332444444 0.10857142856832654
0 0.46249999999229163 0.4185714285594694 0.04499999999925 0.07714285714065307
0 0.49583333332506946 0.394285714274449 0.05499999999908333 0.09714285714008164
0 0.58499999999025 0.4328571428447755 0.06333333333227778 0.11142857142538776
0 0.5741666666570973 0.39999999998857144 0.04166666666597222 0.07999999999771429
0 0.622499999989625 0.3957142857029796 0.04499999999925 0.08285714285477551
0 0.6583333333223611 0.3828571428462041 0.03666666666605556 0.08571428571183673
0 0.7358333333210695 0.5357142856989796 0.08833333333186111 0.16857142856661225
0 0.7408333333209861 0.42571428570212244 0.05833333333236111 0.11999999999657143
0 0.7641666666539305 0.445714285701551 0.048333333332527775 0.09714285714008164
0 0.8691666666521806 0.4414285714159592 0.08833333333186111 0.15714285713836734
0 0.9566666666507222 0.5871428571260816 0.08666666666522221 0.17999999999485713
0 0.9608333333173195 0.4071428571312245 0.048333333332527775 0.0942857142830204
0 0.9874999999835417 0.4314285714162449 0.024999999999583335 0.08571428571183673
