0 0.22222222221728394 0.609634551474763 0.04888888888780247 0.07641196013035176
0 0.304444444437679 0.6162790697469674 0.04888888888780247 0.07641196013035176
0 0.13111111110819754 0.3803986710837077 0.04888888888780247 0.07641196013035176
0 0.19444444444012346 0.4302325581252414 0.04666666666562963 0.07641196013035176
0 0.24888888888335803 0.4302325581252414 0.044444444443456785 0.06312292358594275
0 0.2622222222163951 0.3770764119476054 0.03999999999911111 0.07641196013035176
0 0.3144444444374568 0.4053156146044745 0.03777777777693827 0.066445182722045
0 0.3722222222139506 0.4136212624447302 0.042222222221283946 0.06976744185814726
0 0.43222222221261725 0.41196013287667904 0.042222222221283946 0.07308970099424951
0 0.49444444443345675 0.3920265780600655 0.042222222221283946 0.079734219266454
0 0.574444444431679 0.43355481726134365 0.042222222221283946 0.06976744185814726
0 0.6333333333192592 0.4485049833738038 0.04888888888780247 0.079734219266454
0 0.6622222222075062 0.41196013287667904 0.03555555555476543 0.066445182722045
0 0.6999999999844444 0.4136212624447302 0.044444444443456785 0.08305647840255626
0 0.7655555555385432 0.42026578071693466 0.042222222221283946 0.08305647840255626
0 0.6611111110964197 0.6079734219067118 0.04666666666562963 0.079734219266454
0 0.7522222222055062 0.6179401993150185 0.04666666666562963 0.07308970099424951
0 0.8166666666485185 0.4219269102849858 0.042222222221283946 0.07308970099424951
0 0.892222222202395 0.42857142855719027 0.055555555554320984 0.09302325581086301
