0 0.040287990195955 0.40175653594607125 0.07383578431349927 0.1164215686269754
0 0.18903186274451889 0.33803104575025317 0.06495098039195787 0.09436274509765374
0 0.2918198529402824 0.3080065359464542 0.05238970588219243 0.08660130718918872
0 0.37178308823415507 0.3927696078415328 0.0836397058820967 0.12050653594722016
0 0.42478553921438483 0.2726715686263371 0.040134803921445666 0.0755718954245279
0 0.4950980392141694 0.36397058823380735 0.07904411764681665 0.11437908496685303
0 0.5197610294101723 0.275122549018484 0.04932598039200574 0.0788398692807237
0 0.5574448529394685 0.2975898692798301 0.0487132352939684 0.06985294117618525
0 0.5940563725471996 0.32945261437773915 0.06495098039195787 0.0935457516336048
0 0.6314338235274772 0.29064542483541406 0.047181372548875056 0.06985294117618525
0 0.6818321078410483 0.2937091503255976 0.05974264705864049 0.08169934640489503
0 0.6848958333312349 0.233864379084012 0.040134803921445666 0.06576797385594049
0 0.8412990196052657 0.2050653594762865 0.04411764705868836 0.06781045751606286
0 0.8667279411738151 0.2626633986917375 0.054534313725323115 0.08578431372513977
0 0.8783700980365245 0.20649509803837215 0.038602941176352316 0.05514705882330414
0 0.940410539212805 0.22773692810364488 0.04932598039200574 0.06576797385594049
0 0.9453124999971038 0.1870915032672096 0.039522058823408326 0.055555555555328616
