0 0.08437499999868164 0.4246861924597346 0.04062499999936524 0.0502092050198701
0 0.28203124999559326 0.4560669455971534 0.029687499999536134 0.04602510460154759
0 0.3226562499949585 0.5376569037544423 0.03593749999943848 0.04602510460154759
0 0.3351562499947632 0.6391213388987631 0.08593749999865723 0.11506276150386897
0 0.3968749999937988 0.547071129695668 0.043749999999316405 0.06066945606567637
0 0.5054687499921021 0.6924686192323751 0.08906249999860841 0.13389121338632026
0 0.490624999992334 0.5533472803231517 0.043749999999316405 0.06066945606567637
0 0.48593749999240726 0.5167364016628297 0.04062499999936524 0.0502092050198701
0 0.5640624999911865 0.5230125522903135 0.04062499999936524 0.05439330543819261
0 0.6281249999901856 0.510460251035346 0.03437499999946289 0.0502092050198701
0 0.6921874999891846 0.5815899581468287 0.06249999999902344 0.08368200836645016
0 0.7226562499887086 0.5418410041727648 0.03906249999938965 0.05439330543819261
0 0.7406249999884278 0.5198744769765716 0.037499999999414065 0.052301255229031354
0 0.8210937499871704 0.5156903765582491 0.03593749999943848 0.052301255229031354
0 0.8914062499860719 0.5658995815781193 0.057812499999096684 0.0774058577389664
0 0.9742187499847779 0.5376569037544423 0.03906249999938965 0.06276150627483762
