0 5500000000.0 43950000000.0 10800000000.0 18700000000.0
0 10150000000.0 40350000000.0 10300000000.0 11500000000.0
0 35550000000.0 47250000000.0 11300000000.0 13300000000.0
0 45600000000.0 29200000000.0 11000000000.0 11800000000.0
0 68050000000.0 29500000000.0 10100000000.0 12400000000.0
0 90550000000.0 42750000000.0 19100000000.0 21100000000.0
0 94150000000.0 20950000000.0 6500000000.0 7900000000.0
0 112450000000.0 26550000000.0 8100000000.0 9300000000.0
0 108900000000.0 43350000000.0 14400000000.0 14900000000.0
0 115250000000.0 66850000000.0 24500000000.0 33700000000.0
