0 0.09791666666462673 0.4013888888777392 0.14583333333029513 0.20277777777214506
0 0.026041666666124133 0.30972222221361884 0.0479166666656684 0.1138888888857253
0 0.1291666666639757 0.22499999999375 0.049999999998958336 0.09999999999722223
0 0.240624999994987 0.19722222221674385 0.03541666666592882 0.07222222222021606
0 0.33749999999296876 0.26111111110385804 0.07916666666501736 0.12222222221882717
0 0.4083333333248264 0.20416666666099537 0.03749999999921875 0.06944444444251544
0 0.4458333333240451 0.2222222222160494 0.049999999998958336 0.08888888888641976
0 0.7072916666519314 0.25277777777075616 0.052083333332248266 0.08888888888641976
0 0.7447916666511502 0.2277777777714506 0.08124999999830729 0.1444444444404321
0 0.9447916666469834 0.3986111111000386 0.11041666666436632 0.24722222221535495
0 0.6947916666521918 0.1930555555501929 0.03541666666592882 0.06944444444251544
