0 0.06731672932315011 0.5942796610148507 0.04628759398485365 0.07485875706188257
0 0.11219454887191684 0.5600282485855932 0.03641917293224526 0.05790960451956953
0 0.13851033834553922 0.5570268361562252 0.029840225563839664 0.051906779660833666
0 0.19854323308224028 0.5469632768342269 0.031015037593912092 0.04661016949136084
0 0.23179041353328997 0.5402542372862279 0.027020676691665836 0.04166666666651954
0 0.26903195488658593 0.5361935028229654 0.029605263157825176 0.04555084745746628
0 0.2912359022549548 0.5231285310715992 0.022791353383405096 0.036370056497046714
0 0.35303101503676454 0.5178319209021264 0.01527255639094156 0.03213276836146846
0 0.40730733082611065 0.5225988700546519 0.017152255639057444 0.03742937853094128
0 0.46675281954777553 0.5215395480207573 0.02420112781949201 0.039548022598730415
0 0.5185620300739696 0.5241878531054938 0.020206766917245756 0.03213276836146846
0 0.5728383458633157 0.5164194915236002 0.019266917293187812 0.03919491525409889
0 0.6342810150361037 0.5188912429360208 0.016682330827028472 0.038488700564835845
0 0.691024436088602 0.5220692090377046 0.019266917293187812 0.04272598870041411
0 0.7230968045095792 0.5464336158172796 0.029840225563839664 0.0540254237286228
0 0.7465930451110278 0.5351341807890708 0.02420112781949201 0.05614406779641192
0 0.7935855263139249 0.5496115819189633 0.034069548872100404 0.06461864406756844
0 0.852678571426568 0.5547316384161203 0.038533834586375625 0.06850282485851518
0 0.8993186090204434 0.5776836158171692 0.049107142857027476 0.0706214689263043
