0 0.04950495049434929 0.4187675069910709 0.08203677510492169 0.1540616246455445
0 0.014851485148304788 0.32633053220374425 0.024045261668683943 0.10924369747593154
0 0.19731258839890647 0.3753501400455084 0.06082036775020056 0.12324929971643558
0 0.26449787835552335 0.29971988794678656 0.0509193776513307 0.11204481792403236
0 0.2503536067857093 0.5028011204340952 0.07920792079095887 0.18207282912655257
0 0.34158415841101014 0.17507002800630056 0.02687411598264676 0.0644257703063186
0 0.3741159830215825 0.3123249299632402 0.038189533238498025 0.10924369747593154
0 0.4179632248880062 0.439775910351827 0.07496463932001464 0.1512605041974437
0 0.4738330975887718 0.3389355742201979 0.04526166902340507 0.11764705882023398
0 0.4922206506295301 0.2591036414493248 0.036775106081516615 0.0924369747873267
0 0.4405940593997087 0.1890756302468046 0.029702970296609576 0.07002801120252022
0 0.5516265912227493 0.33473389354804667 0.04526166902340507 0.10924369747593154
0 0.5601131541646377 0.23389355741641754 0.036775106081516615 0.07563025209872185
0 0.6188118811793661 0.38795518206196206 0.06082036775020056 0.13725490195693962
0 0.6647807637812619 0.34453781511639947 0.04526166902340507 0.10644257702783073
0 0.6428571428480501 0.29831932772273617 0.041018387552460844 0.07563025209872185
0 0.6725601131446597 0.2535014005531232 0.038189533238498025 0.08683473389112507
0 0.659830268731827 0.6666666666479926 0.10608203677360563 0.24089635853666957
0 0.7355021216303324 0.4677871148328351 0.0848656294188845 0.20168067226325825
0 0.8217821782061983 0.30532212884298815 0.04243281470944225 0.10084033613162913
0 0.872701555857529 0.27731092436198007 0.039603960395479434 0.0952380952354275
0 0.9101838755175363 0.4117647058708189 0.06082036775020056 0.14005602240504045
0 0.9660537482183019 0.31372549018729057 0.04809052333736789 0.12324929971643558
