0 0.38124999999046877 0.41666666665088387 0.037499999999062505 0.06818181817923553
0 0.6124999999846875 0.47348484846691347 0.034999999999125 0.06060606060376492
0 0.7474999999813126 0.640151515127267 0.02999999999925 0.053030303028294305
0 0.7812499999804688 0.6723484848230171 0.0324999999991875 0.056818181816029614
0 0.8237499999794063 0.6723484848230171 0.0324999999991875 0.06439393939150023
0 0.8487499999787813 0.7253787878513114 0.037499999999062505 0.07196969696697085
0 0.8974999999775626 0.7481060605777232 0.054999999998625 0.09469696969338269
0 0.19124999999521877 0.935606060570621 0.09749999999756251 0.12878787878300046
0 0.21499999999462502 0.8636363636036501 0.07499999999812501 0.11363636363205923
0 0.224999999994375 0.7840909090612087 0.0599999999985 0.098484848481118
0 0.26124999999346876 0.6477272727027377 0.037499999999062505 0.06060606060376492
0 0.23874999999403126 0.6136363636131198 0.0274999999993125 0.037878787877353076
0 0.2024999999949375 0.7272727272451791 0.04999999999875 0.06818181817923553
