0 0.037499999999687506 0.4088888888828313 0.05666666666619445 0.12444444444260083
0 0.07833333333268057 0.5170370370293773 0.06166666666615278 0.1451851851830343
0 0.13083333333224306 0.559259259250974 0.07666666666602778 0.16148148147908917
0 0.19791666666501737 0.6540740740643841 0.11916666666567362 0.22666666666330865
0 0.2254166666647882 0.7340740740631989 0.12416666666563196 0.19111111110827986
0 0.2633333333311389 0.41703703703085876 0.06666666666611112 0.09629629629486969
0 0.31874999999734377 0.49703703702967356 0.07916666666600695 0.13481481481281757
0 0.3858333333301181 0.5148148148071879 0.0683333333327639 0.1140740740723841
0 0.43291666666305906 0.16444444444200823 0.06749999999943751 0.15999999999762965
0 0.561249999995323 0.43185185184545405 0.05583333333286806 0.11703703703530316
0 0.6570833333278577 0.7251851851744417 0.12749999999893752 0.25333333332958025
0 0.6599999999945001 0.48814814814091634 0.09999999999916667 0.18814814814536077
0 0.6899999999942501 0.419259259253048 0.05833333333284723 0.12148148147968177
0 0.7395833333271702 0.3888888888831276 0.05749999999952084 0.11999999999822222
0 0.7912499999934063 0.406666666660642 0.05083333333290973 0.09925925925778875
0 0.7895833333267536 0.5148148148071879 0.08249999999931251 0.13481481481281757
0 0.9308333333255765 0.43037037036399456 0.08166666666598611 0.1585185185161701
0 0.9637499999919689 0.38296296295728943 0.062499999999479174 0.11111111110946503
