0 0.21687499999728904 0.2866666666602963 0.05374999999932812 0.10666666666429629
0 0.18187499999772655 0.5677777777651605 0.14374999999820312 0.2022222222177284
0 0.2343749999970703 0.844444444425679 0.2637499999967031 0.31111111110419754
0 0.2731249999965859 0.49777777776671606 0.05874999999926562 0.12444444444167901
0 0.4481249999943984 0.47777777776716046 0.07374999999907812 0.14222222221906172
0 0.5412499999932343 0.48777777776693826 0.11499999999856249 0.23777777777249381
0 0.593749999992578 0.4299999999904444 0.0449999999994375 0.11777777777516049
0 0.503124999993711 0.214444444439679 0.033749999999578124 0.06444444444301234
0 0.6987499999912656 0.4199999999906667 0.057499999999281244 0.09333333333125926
0 0.8056249999899296 0.31999999999288886 0.06374999999920312 0.11999999999733332
0 0.7549999999905624 0.394444444435679 0.054999999999312495 0.1399999999968889
0 0.7674999999904062 0.8188888888706913 0.21749999999728123 0.35777777776982717
