0 0.32765957446459937 0.10610687022738768 0.09148936170115438 0.18778625953911776
0 0.4558510638249378 0.34809160304812076 0.02659574468056813 0.054961832060229594
0 0.4989361702074581 0.38549618320022144 0.027659574467790857 0.04732824427408659
0 0.5297872340369172 0.42061068701647925 0.021276595744454504 0.029007633587343394
0 0.5712765957386035 0.39465648854359303 0.027659574467790857 0.053435114503000994
0 0.6973404255244964 0.47709923663393744 0.02021276595723178 0.04122137404517219
0 0.7111702127583919 0.4832061068628518 0.015957446808340877 0.032061068701800595
0 0.7489361702047985 0.48549618319869475 0.019148936170009054 0.027480916030114797
0 0.7867021276512053 0.4763358778553231 0.013829787233895429 0.027480916030114797
0 0.8047872340339917 0.4671755725119515 0.035106382978349934 0.05190839694577239
0 0.8430851063740098 0.4740458015194802 0.04148936170168628 0.056488549617458195
0 0.8851063829693074 0.4496183206038226 0.05744680851002716 0.07786259541865859
0 0.96808510637268 0.44198473281767964 0.06382978723336351 0.11450381679214498
