0 0.08749999999890624 0.7061769615908818 0.079999999999 0.1068447412336086
0 0.05999999999925 0.6627712854647283 0.05999999999925 0.08347245408875671
0 0.023749999999703123 0.6385642737789888 0.04249999999946875 0.0584307178621297
0 0.021249999999734374 0.6135225375523619 0.0399999999995 0.0584307178621297
0 0.13312499999833594 0.6185308847976873 0.04124999999948437 0.07178631051633078
0 0.17749999999778124 0.4891485809601144 0.047499999999406246 0.05676126878035457
0 0.17624999999779686 0.6969949916411186 0.0749999999990625 0.12854757929668534
0 0.24374999999695313 0.7654424039938991 0.1249999999984375 0.21535893154899233
0 0.1893749999976328 0.6185308847976873 0.036249999999546874 0.06510851418923023
0 0.2406249999969922 0.65191986643319 0.04374999999945312 0.06844741235278051
0 0.29249999999634374 0.6686143572509413 0.052499999999343745 0.07512520867988104
0 0.34812499999564844 0.6727879799553791 0.05874999999926562 0.10016694490650806
0 0.4862499999939219 0.8363939899693423 0.11499999999856249 0.18697829715881503
0 0.4781249999940234 0.7095158597544321 0.06874999999914062 0.11018363939715886
0 0.5981249999925234 0.6719532554144916 0.07624999999904687 0.10183639398828319
0 0.6818749999914765 0.7545909849623608 0.09124999999885937 0.13689482470556102
0 0.6881249999913984 0.6619365609238408 0.05624999999929687 0.09849749582473293
0 0.7312499999908594 0.6752921535780418 0.06749999999915625 0.10517529215183347
0 0.8481249999893984 0.6602671118420657 0.07374999999907812 0.111853088478934
