0 0.09523809523663229 0.6499999999845238 0.09831029185716882 0.15714285713911566
0 0.01612903225781676 0.517857142844813 0.029185867895096994 0.09761904761672335
0 0.14055299538954605 0.5190476190352608 0.03533026113617004 0.0571428571414966
0 0.16973886328464302 0.5059523809403345 0.029185867895096994 0.049999999998809525
0 0.22119815667862983 0.5357142857015307 0.04301075268751136 0.07142857142687076
0 0.22734254991970287 0.5821428571289966 0.03993855606697483 0.06428571428418367
0 0.3402457757244202 0.5833333333194445 0.053763440859389194 0.09047619047403628
0 0.34178187403468846 0.5214285714161565 0.029185867895096994 0.0571428571414966
0 0.4039938556005531 0.5380952380824263 0.03379416282590178 0.0571428571414966
0 0.44930875575346685 0.5523809523678005 0.03533026113617004 0.06190476190328798
0 0.5714285714197938 0.3869047618955499 0.024577572964292204 0.03095238095164399
0 0.6996927803271937 0.46309523808421205 0.023041474654023942 0.03571428571343538
0 0.7150537634298764 0.4261904761803288 0.026113671274560466 0.03809523809433107
0 0.7334869431530955 0.47261904760779483 0.026113671274560466 0.040476190475226756
0 0.7795698924611434 0.48690476189316895 0.023041474654023942 0.04523809523701814
0 0.7995391704946307 0.44761904760839005 0.026113671274560466 0.047619047617913836
0 0.8079877112011062 0.3988095238000284 0.027649769584828728 0.03571428571343538
0 0.8563748079745565 0.3880952380859978 0.019969278033487414 0.03333333333253968
0 0.8317972350102643 0.6119047618901927 0.0414746543772431 0.06190476190328798
0 0.9339477726431038 0.5928571428430273 0.05837173579019399 0.09047619047403628
0 0.9854070660370906 0.5583333333200398 0.029185867895096994 0.05476190476060091
0 0.9224270353160918 0.46190476189376417 0.029185867895096994 0.05238095237970522
0 0.8870967741799217 0.44761904760839005 0.026113671274560466 0.04285714285612245
0 0.9032258064377385 0.3988095238000284 0.024577572964292204 0.040476190475226756
0 0.9592933947625301 0.3952380952286848 0.023041474654023942 0.047619047617913836
