0 0.25416666666243054 0.25667655785588495 0.09166666666513888 0.19287833827320836
0 0.1841666666635972 0.27744807120838433 0.05499999999908333 0.115727002963925
0 0.16666666666388888 0.20919881305017213 0.03999999999933333 0.0860534124603545
0 0.20416666666326388 0.22255192877677887 0.038333333332694446 0.08308605340999745
0 0.32916666666118055 0.2537091988055279 0.05833333333236111 0.115727002963925
0 0.40833333332652777 0.4540059347046289 0.11333333333144444 0.26706231453213464
0 0.4558333333257361 0.24629080117963528 0.06499999999891666 0.1483679525178526
0 0.5166666666580555 0.2700296735824917 0.05666666666572222 0.12462908011499617
0 0.6166666666563889 0.2715133531076702 0.04333333333261111 0.10979228486321091
0 0.6608333333223194 0.2804154302587414 0.05499999999908333 0.13353115726606732
0 0.7174999999880417 0.25222551928034936 0.03166666666613889 0.07715133530928334
0 0.7566666666540556 0.23145400592785 0.026666666666222222 0.06528189910785513
0 0.7641666666539305 0.2759643916832058 0.02833333333286111 0.05934718100714103
0 0.6633333333222777 0.44955489612909333 0.09666666666505555 0.22848664687749298
0 0.8391666666526806 0.3620178041435603 0.08166666666530556 0.1958456973235654
0 0.9399999999843334 0.35163204746731064 0.053333333332444444 0.12166172106463911
