0 0.052083333332248266 0.2402777777711034 0.04166666666579861 0.06944444444251544
0 0.013541666666384549 0.2722222222146605 0.022916666666189234 0.07222222222021606
0 0.21666666666215278 0.2263888888826003 0.029166666666059028 0.05277777777631173
0 0.240624999994987 0.2208333333271991 0.03124999999934896 0.058333333331712964
0 0.28958333332730035 0.243055555548804 0.04583333333237847 0.07499999999791666
0 0.31145833332684464 0.28055555554776235 0.06458333333198785 0.09999999999722223
0 0.3718749999922526 0.31527777776902005 0.08541666666488715 0.13611111110733026
0 0.479166666656684 0.5249999999854167 0.15833333333003471 0.23333333332685186
0 0.43333333332430557 0.20138888888329476 0.03333333333263889 0.04722222222091049
0 0.4312499999910156 0.2555555555484568 0.03749999999921875 0.049999999998611114
0 0.49062499998977865 0.25416666665960647 0.0479166666656684 0.0638888888871142
0 0.5864583333211154 0.2277777777714506 0.052083333332248266 0.08888888888641976
0 0.8124999999830729 0.33194444443522375 0.10416666666449653 0.14722222221813272
