0 0.17799999999762667 0.5783333333140556 0.06799999999909334 0.1633333333278889
0 0.16266666666449778 0.4466666666517778 0.050666666665991116 0.10666666666311111
0 0.14333333333142223 0.41499999998616666 0.03333333333288889 0.08999999999700001
0 0.09666666666537778 0.40166666665327777 0.041333333332782225 0.08999999999700001
0 0.10266666666529778 0.5316666666489445 0.06133333333251556 0.15666666666144444
0 0.06933333333240889 0.4933333333168889 0.04799999999936 0.09999999999666667
0 0.031333333332915554 0.4366666666521111 0.038666666666151116 0.09333333333022223
0 0.26599999999645335 0.49833333331672225 0.043999999999413335 0.10999999999633334
0 0.3066666666625778 0.4716666666509445 0.04799999999936 0.1366666666621111
0 0.3366666666621778 0.539999999982 0.06266666666583111 0.1599999999946667
0 0.3426666666620978 0.3866666666537778 0.02399999999968 0.07999999999733334
0 0.36533333332846224 0.40166666665327777 0.029333333332942226 0.08333333333055556
0 0.3906666666614578 0.4216666666526111 0.034666666666204445 0.08333333333055556
0 0.41333333332782224 0.38499999998716666 0.02399999999968 0.06333333333122222
0 0.4599999999938667 0.27666666665744444 0.029333333332942226 0.09333333333022223
0 0.4926666666600978 0.42333333331922224 0.03066666666625778 0.07333333333088889
0 0.5586666666592178 0.449999999985 0.031999999999573335 0.09333333333022223
0 0.5939999999920801 0.6116666666462778 0.06533333333246223 0.20333333332655557
0 0.6913333333241156 0.5716666666476111 0.059999999999200006 0.1633333333278889
0 0.7706666666563912 0.6566666666447778 0.06933333333240889 0.2066666666597778
0 0.7973333333227023 0.5083333333163889 0.05866666666588445 0.18333333332722224
0 0.8819999999882401 0.6383333333120556 0.06799999999909334 0.1633333333278889
0 0.9326666666542311 0.6216666666459445 0.06799999999909334 0.15666666666144444
0 0.9499999999873334 0.8616666666379444 0.09999999999866667 0.24999999999166667
0 0.8906666666547911 0.4316666666522778 0.03999999999946667 0.09666666666344445
0 0.7553333333232622 0.39499999998683333 0.027999999999626667 0.07666666666411111
0 0.7559999999899201 0.48666666665044445 0.04266666666609778 0.09333333333022223
0 0.67199999999104 0.48999999998366667 0.034666666666204445 0.08666666666377779
0 0.68399999999088 0.43999999998533335 0.029333333332942226 0.06666666666444444
0 0.6373333333248355 0.38166666665394444 0.02399999999968 0.07666666666411111
0 0.60599999999192 0.449999999985 0.03333333333288889 0.09999999999666667
0 0.6286666666582845 0.45333333331822223 0.03066666666625778 0.09333333333022223
0 0.6073333333252355 0.389999999987 0.022666666666364445 0.06666666666444444
