0 0.0993749999987578 0.8074999999865417 0.14874999999814062 0.20166666666330554
0 0.03687499999953906 0.7116666666548055 0.07124999999910937 0.12333333333127777
0 0.059374999999257806 0.6058333333232361 0.061249999999234375 0.09833333333169444
0 0.09124999999885937 0.5733333333237778 0.0449999999994375 0.07333333333211112
0 0.1343749999983203 0.5799999999903334 0.05624999999929687 0.07666666666538889
0 0.040624999999492185 0.5283333333245278 0.03874999999951562 0.04999999999916667
0 0.15062499999811718 0.652499999989125 0.06624999999917187 0.09166666666513888
0 0.18812499999764842 0.6058333333232361 0.04624999999942187 0.06833333333219445
0 0.21812499999727342 0.5683333333238612 0.036249999999546874 0.053333333332444444
0 0.1937499999975781 0.5374999999910417 0.03749999999953125 0.051666666665805557
0 0.23062499999711716 0.5283333333245278 0.026249999999671873 0.04999999999916667
0 0.24249999999696875 0.5583333333240278 0.029999999999625 0.053333333332444444
0 0.28249999999646874 0.5458333333242361 0.03749999999953125 0.05833333333236111
0 0.2687499999966406 0.607499999989875 0.04249999999946875 0.06499999999891666
0 0.23124999999710935 0.6991666666550139 0.0849999999989375 0.14499999999758334
0 0.34124999999573435 0.7099999999881667 0.05999999999925 0.07333333333211112
0 0.33187499999585157 0.6049999999899166 0.05874999999926562 0.08666666666522221
0 0.3443749999956953 0.547499999990875 0.03874999999951562 0.05833333333236111
0 0.38812499999514843 0.5391666666576805 0.04124999999948437 0.06833333333219445
0 0.3756249999953047 0.6091666666565139 0.03874999999951562 0.061666666665638886
0 0.43187499999460155 0.5349999999910833 0.033749999999578124 0.06666666666555555
0 0.6324999999920937 0.35749999999404164 0.024999999999687498 0.034999999999416664
0 0.6243749999921953 0.5108333333248194 0.028749999999640622 0.051666666665805557
0 0.6331249999920859 0.5341666666577639 0.028749999999640622 0.048333333332527775
0 0.6531249999918359 0.5608333333239861 0.031249999999609375 0.05499999999908333
0 0.6937499999913281 0.5799999999903334 0.04249999999946875 0.07333333333211112
0 0.7237499999909531 0.6174999999897083 0.054999999999312495 0.08499999999858333
0 0.7343749999908202 0.5724999999904583 0.04124999999948437 0.07166666666547222
0 0.696874999991289 0.5208333333246528 0.031249999999609375 0.061666666665638886
0 0.766874999990414 0.5441666666575972 0.028749999999640622 0.048333333332527775
0 0.7681249999903984 0.5099999999915 0.036249999999546874 0.05666666666572222
0 0.7874999999901562 0.5949999999900834 0.04249999999946875 0.07999999999866667
0 0.8562499999892969 0.5966666666567222 0.049999999999374996 0.10333333333161111
0 0.8437499999894531 0.5449999999909166 0.0349999999995625 0.04999999999916667
0 0.8493749999893828 0.5033333333249445 0.03874999999951562 0.06999999999883333
0 0.8981249999887734 0.5824999999902917 0.04374999999945312 0.07833333333202777
0 0.8874999999889062 0.7891666666535139 0.10249999999871874 0.17166666666380556
0 0.9431249999882109 0.5974999999900417 0.05124999999935937 0.08833333333186111
0 0.916874999988539 0.5416666666576389 0.04874999999939062 0.07333333333211112
