0 6850000000.0 12100000000.0 3700000000.0 3800000000.0
0 9400000000.0 12000000000.0 4000000000.0 4600000000.0
0 13600000000.0 11200000000.0 6600000000.0 7200000000.0
0 23000000000.0 13150000000.0 3000000000.0 3100000000.0
0 27300000000.0 12450000000.0 3800000000.0 4100000000.0
0 30650000000.0 13650000000.0 4300000000.0 4500000000.0
0 35600000000.0 12850000000.0 8600000000.0 10500000000.0
0 47550000000.0 12550000000.0 3300000000.0 3500000000.0
0 55900000000.0 12300000000.0 14600000000.0 17400000000.0
0 42850000000.0 13150000000.0 4100000000.0 4300000000.0
