0 13550000000.0 5950000000.0 7300000000.0 10300000000.0
0 22650000000.0 24650000000.0 6100000000.0 6100000000.0
0 20500000000.0 20900000000.0 4600000000.0 5800000000.0
0 16350000000.0 32550000000.0 9300000000.0 6700000000.0
0 31000000000.0 31950000000.0 10000000000.0 7700000000.0
0 36300000000.0 24250000000.0 7800000000.0 8500000000.0
0 29050000000.0 20500000000.0 4500000000.0 5200000000.0
0 19950000000.0 17600000000.0 4700000000.0 3800000000.0
0 49600000000.0 17450000000.0 6600000000.0 6900000000.0
0 52300000000.0 24050000000.0 7000000000.0 9100000000.0
0 57550000000.0 30100000000.0 8900000000.0 8200000000.0
0 62050000000.0 24800000000.0 3900000000.0 6800000000.0
