0 0.08177083333248156 0.2270833333301794 0.09895833333230251 0.1208333333316551
0 0.333854166663189 0.26666666666296296 0.05104166666613498 0.07777777777669753
0 0.3526041666629937 0.32222222221774693 0.05937499999938151 0.07777777777669753
0 0.39947916666250544 0.3472222222173997 0.06354166666600478 0.07777777777669753
0 0.424479166662245 0.477777777771142 0.08854166666574435 0.13333333333148148
0 0.5307291666611382 0.3861111111057485 0.07604166666587457 0.1194444444427855
0 0.4874999999949219 0.2361111111078318 0.058333333332725695 0.08611111110991512
0 0.5526041666609104 0.2583333333297454 0.05104166666613498 0.06944444444347994
0 0.605729166660357 0.224999999996875 0.04479166666620009 0.07499999999895833
0 0.6520833333265408 0.235416666663397 0.05416666666610243 0.09027777777652392
0 0.7317708333257107 0.17777777777530865 0.09687499999899088 0.14444444444243829
0 0.7999999999916667 0.19513888888617864 0.05624999999941406 0.09305555555426312
0 0.7463541666588921 0.09861111110974152 0.05104166666613498 0.08611111110991512
0 0.8135416666581923 0.1256944444426987 0.047916666666167534 0.05972222222139275
0 0.8739583333242296 0.04166666666608797 0.0520833333327908 0.07777777777669753
0 0.8979166666573134 0.21874999999696182 0.1041666666655816 0.16527777777548225
0 0.978645833323139 0.15416666666452547 0.042708333332888454 0.10277777777635032
