0 0.045454545453719006 0.3346994535427678 0.05090909090816528 0.07923497267543074
0 0.03909090909019834 0.286885245893801 0.04181818181742149 0.07103825136417928
0 0.01909090909056198 0.1748633879733644 0.030909090908528922 0.054644808741676376
0 0.1054545454526281 0.2950819672050524 0.032727272726677685 0.06010928961584401
0 0.10454545454355371 0.3934426229400699 0.05636363636261157 0.09836065573501747
0 0.15363636363357025 0.3346994535427678 0.03818181818112396 0.0737704918012631
0 0.20090909090543801 0.30054644807922004 0.030909090908528922 0.06010928961584401
0 0.2290909090867438 0.2950819672050524 0.02545454545408264 0.06010928961584401
0 0.2609090909043471 0.39617486337715374 0.05272727272631405 0.09836065573501747
0 0.29818181817639666 0.4549180327744558 0.05818181818076033 0.11202185792043656
0 0.291818181812876 0.3374316939798516 0.027272727272231404 0.05191256830459256
0 0.310909090903438 0.29781420764213623 0.029090909090380163 0.0437158469933411
0 0.38272727272031404 0.31420765026463915 0.030909090908528922 0.054644808741676376
0 0.37454545453864463 0.3606557376950641 0.0363636363629752 0.06010928961584401
0 0.4163636363560661 0.40163934425132136 0.04363636363557025 0.08196721311251456
0 0.4436363636282975 0.4603825136486235 0.05090909090816528 0.09016393442376602
0 0.48272727271849586 0.34153005463547736 0.023636363635933882 0.049180327867508734
0 0.5072727272635041 0.37295081966194127 0.029090909090380163 0.06830601092709547
0 0.5272727272631405 0.38524590162881844 0.032727272726677685 0.06557377049001165
0 0.5627272727170413 0.44398907102612056 0.04181818181742149 0.08469945354959837
0 0.5690909090805619 0.3524590163838126 0.02545454545408264 0.049180327867508734
0 0.5699999999896364 0.32240437157589064 0.023636363635933882 0.049180327867508734
0 0.6036363636253884 0.37704918031756696 0.032727272726677685 0.06557377049001165
0 0.6609090908970743 0.3387978141983935 0.027272727272231404 0.049180327867508734
0 0.6854545454420826 0.36202185791360597 0.029090909090380163 0.057377049178760194
0 0.6990909090781983 0.38251366119173463 0.030909090908528922 0.06010928961584401
0 0.6818181818057851 0.44398907102612056 0.04363636363557025 0.0737704918012631
0 0.7290909090776528 0.34153005463547736 0.029090909090380163 0.054644808741676376
0 0.7818181818039669 0.35655737703943835 0.032727272726677685 0.05191256830459256
0 0.796363636349157 0.392076502721528 0.032727272726677685 0.06284153005292784
0 0.8272727272576859 0.43032786884070146 0.0363636363629752 0.0737704918012631
0 0.9418181818010578 0.30054644807922004 0.029090909090380163 0.049180327867508734
