0 0.06649999999983375 0.844333333330519 0.12799999999968 0.19599999999934667
0 0.12062499999969845 0.5876666666647078 0.07424999999981438 0.11133333333296222
0 0.17749999999955626 0.5799999999980667 0.058999999999852504 0.09599999999968001
0 0.3226249999991935 0.6513333333311623 0.08874999999977813 0.1273333333329089
0 0.3011249999992472 0.5896666666647011 0.07574999999981064 0.1093333333329689
0 0.34087499999914783 0.5431666666648561 0.05524999999986188 0.09699999999967666
0 0.4446249999988885 0.5376666666648745 0.06274999999984313 0.09999999999966667
0 0.5161249999987098 0.5228333333315905 0.06824999999982938 0.09699999999967666
0 0.512374999998719 0.6011666666646628 0.09224999999976938 0.12033333333293222
0 0.5767499999985581 0.36483333333211726 0.06349999999984125 0.08566666666638112
0 0.6392499999984019 0.5486666666648378 0.07049999999982376 0.10399999999965334
0 0.5964999999985088 0.6866666666643778 0.11499999999971251 0.15333333333282223
0 0.514374999998714 0.9214999999969283 0.1962499999995094 0.1563333333328122
0 0.7009999999982476 0.5699999999981 0.05149999999987125 0.08199999999972667
0 0.78399999999804 0.5118333333316273 0.061499999999846254 0.09499999999968334
0 0.8051249999979873 0.6468333333311772 0.10674999999973313 0.14233333333285889
0 0.8548749999978629 0.5679999999981067 0.07124999999982189 0.10199999999966
0 0.8863749999977841 0.5138333333316206 0.050749999999873126 0.08499999999971666
0 0.9483749999976291 0.5053333333316489 0.08274999999979313 0.12199999999959334
