0 0.09531249999851074 0.3656249999923828 0.10312499999838867 0.1562499999967448
0 0.30703124999520265 0.1979166666625434 0.0671874999989502 0.09999999999791667
0 0.43046874999327395 0.21979166666208766 0.07031249999890136 0.08958333333146701
0 0.46093749999279787 0.2968749999938151 0.043749999999316405 0.08124999999830729
0 0.48515624999241946 0.3177083333267144 0.03593749999943848 0.060416666665407986
0 0.5515624999913818 0.3781249999921224 0.053124999999169926 0.08541666666488715
0 0.5656249999911621 0.32499999999322915 0.03437499999946289 0.049999999998958336
0 0.5976562499906617 0.33333333332638887 0.04218749999934082 0.06666666666527778
0 0.85312499998667 0.5062499999894531 0.0999999999984375 0.1374999999971354
0 0.8273437499870728 0.4020833333249566 0.057812499999096684 0.09999999999791667
0 0.9679687499848756 0.4885416666564887 0.06406249999899903 0.1229166666641059
