0 0.11400894187609525 0.8284574467864771 0.13263785394735264 0.2579787233973942
0 0.04172876303961656 0.712765957427852 0.0685543964222272 0.15425531914483362
0 0.10804769001329288 0.6077127659412842 0.05812220566232307 0.0984042553165318
0 0.05663189269662248 0.5305851063688674 0.04470938897101774 0.08776595744447431
0 0.12146050670459821 0.41622340424424936 0.0521609537995207 0.08776595744447431
0 0.20715350223238221 0.5744680850911046 0.05663189269662248 0.10638297872057492
0 0.2555886736176514 0.6715425531736292 0.08196721311353253 0.156914893612848
0 0.20342771981813074 0.39893617020215594 0.05812220566232307 0.09574468084851742
0 0.2831594634831124 0.492021276582659 0.0357675111768142 0.06382978723234495
0 0.3509687034224893 0.4946808510506734 0.0342771982111136 0.058510638296316204
0 0.35916542473384255 0.35106382977789724 0.023845007451209464 0.058510638296316204
0 0.39195230997925556 0.5212765957308171 0.02980625931401183 0.06382978723234495
0 0.4172876303961656 0.49601063828468056 0.03278688524541301 0.06648936170035932
0 0.49478390461259636 0.5119680850927668 0.03278688524541301 0.06648936170035932
0 0.49850968702684784 0.599734042537241 0.04918032786811952 0.08244680850844556
0 0.456035767504381 0.805851063808355 0.11624441132464614 0.19148936169703484
0 0.47913561847274017 0.4800531914765943 0.0342771982111136 0.08244680850844556
0 0.476154992541339 0.37765957445804094 0.025335320416910057 0.058510638296316204
0 0.5134128166838537 0.3936170212661272 0.02235469448550887 0.05319148936028746
0 0.5558867362063206 0.5239361701988314 0.038748137108215376 0.07446808510440245
0 0.5312965722722609 0.45744680849847213 0.03129657227971242 0.058510638296316204
0 0.581967213106081 0.4627659574345009 0.025335320416910057 0.058510638296316204
0 0.5901639344174342 0.3962765957341416 0.02980625931401183 0.058510638296316204
0 0.6311475409742004 0.5039893616887237 0.03129657227971242 0.06117021276433058
0 0.5991058122116377 0.5824468084951476 0.05067064083382011 0.10106382978454617
0 0.6296572280084999 0.46808510637052964 0.016393442622706506 0.04255319148822997
0 0.6572280178739608 0.46010638296648654 0.02086438151980828 0.04787234042425871
0 0.6706408345652661 0.48670212764663023 0.026825633382610646 0.05319148936028746
0 0.7295081967104395 0.38962765956410567 0.05812220566232307 0.0984042553165318
0 0.7041728762935294 0.6183510638133417 0.0521609537995207 0.13563829786873302
0 0.8070044709268703 0.5319148936028746 0.04023845007391597 0.07446808510440245
0 0.8159463487210739 0.48936170211464464 0.025335320416910057 0.05319148936028746
0 0.8397913561722833 0.4946808510506734 0.02831594634831124 0.06382978723234495
0 0.8397913561722833 0.6742021276416436 0.0879284649763349 0.18351063829299175
0 0.9076005961116602 0.6462765957274926 0.06557377049082602 0.12234042552866116
0 0.8710879284519957 0.5571808510490112 0.05514157973092188 0.10372340425256055
0 0.944858420254175 0.5678191489210687 0.04470938897101774 0.09308510638050306
0 0.9418777943227739 0.4654255319025153 0.02980625931401183 0.0691489361683737
0 0.9567809239797798 0.492021276582659 0.026825633382610646 0.06382978723234495
