0 0.0788888888871358 0.5414201183271768 0.08666666666474074 0.130177514789048
0 0.16777777777404937 0.5739644970244389 0.11333333333081481 0.1538461538416022
0 0.214444444439679 0.5236686390377613 0.05999999999866666 0.10650887573649381
0 0.22777777777271604 0.178994082834941 0.0733333333317037 0.10946745561806309
0 0.26777777777182715 0.5961538461362085 0.09555555555343209 0.13313609467061727
0 0.40777777776871604 0.7736686390303648 0.16666666666296295 0.23964497040711108
0 0.4622222222119506 0.5355029585640384 0.06666666666518518 0.10059171597335527
0 0.5488888888766913 0.6050295857809163 0.11555555555298765 0.18047337277572564
0 0.5899999999868889 0.5221893490969767 0.08222222222039506 0.11538461538120164
0 0.6733333333183703 0.5177514792746227 0.07999999999822222 0.12426035502590946
0 0.8999999999799999 0.7218934911029026 0.15555555555209877 0.23076923076240327
0 0.8288888888704691 0.6065088757217009 0.09777777777560494 0.15976331360474072
0 0.8688888888695802 0.536982248504823 0.08444444444256789 0.12721893490747874
