0 0.1406666666647911 0.8397565922750555 0.08133333333224889 0.12576064908467016
0 0.25933333332987557 0.6004056795010059 0.05466666666593778 0.09330628803056173
0 0.28199999999624004 0.5405679513074935 0.041333333332782225 0.07505070993762573
0 0.4059999999945867 0.6531440162139321 0.05733333333256889 0.08924949289879817
0 0.022666666666364445 0.5425963488733753 0.04266666666609778 0.05882352941057152
0 0.08066666666559112 0.42393509126929135 0.03066666666625778 0.04868154158116264
0 0.07333333333235556 0.3874239350834193 0.026666666666311113 0.040567951317635534
0 0.1173333333317689 0.4584178498892815 0.03999999999946667 0.0608519269764533
0 0.012666666666497779 0.41987829613752775 0.022666666666364445 0.052738336712926194
0 0.11333333333182223 0.36206896550989714 0.029333333332942226 0.04665314401528087
0 0.13999999999813334 0.3762677484710696 0.031999999999573335 0.04259634888351731
0 0.1653333333311289 0.41987829613752775 0.031999999999573335 0.04462474644939909
0 0.21266666666383113 0.3853955375175376 0.03066666666625778 0.040567951317635534
0 0.23933333333014223 0.3671399594246016 0.025333333332995558 0.04462474644939909
0 0.20333333333062223 0.3397565922851976 0.022666666666364445 0.03853955375175376
0 0.1806666666642578 0.3569979715951927 0.022666666666364445 0.028397565922344874
0 0.17599999999765334 0.32657200810696607 0.02399999999968 0.03245436105410843
0 0.15199999999797334 0.34381338741696116 0.02133333333304889 0.0344827586199902
0 0.23666666666351113 0.3296146044557887 0.019999999999733335 0.03853955375175376
0 0.25933333332987557 0.3468559837657838 0.022666666666364445 0.03651115618587198
0 0.25999999999653334 0.3215010141922616 0.01866666666641778 0.03042596348822665
0 0.24399999999674668 0.30020283975050294 0.02133333333304889 0.03245436105410843
0 0.2853333333295289 0.32657200810696607 0.01866666666641778 0.03245436105410843
0 0.30466666666260445 0.3154158214946163 0.019999999999733335 0.03042596348822665
0 0.33466666666220446 0.4878296145945673 0.04266666666609778 0.05882352941057152
0 0.37466666666167114 0.41480730222282336 0.034666666666204445 0.050709939147044414
0 0.3886666666614845 0.3965517241298873 0.03066666666625778 0.04259634888351731
0 0.40199999999464003 0.35395537524637005 0.019999999999733335 0.0344827586199902
0 0.41666666666111113 0.3397565922851976 0.017333333333102222 0.03042596348822665
0 0.4119999999945067 0.3275862068899069 0.013333333333155556 0.022312373224699544
0 0.4233333333276889 0.31237322514579363 0.017333333333102222 0.028397565922344874
0 0.4506666666606578 0.2961460446187394 0.02399999999968 0.028397565922344874
0 0.49733333332670226 0.29310344826991674 0.01866666666641778 0.0344827586199902
0 0.43733333332750224 0.47160243406751307 0.03733333333283556 0.05882352941057152
0 0.4653333333271289 0.39959432047871 0.026666666666311113 0.03651115618587198
0 0.4719999999937067 0.3742393509051878 0.02399999999968 0.03042596348822665
0 0.4586666666605511 0.3651115618587198 0.015999999999786668 0.02434077079058132
0 0.47066666666039114 0.35395537524637005 0.015999999999786668 0.026369168356463097
0 0.4793333333269422 0.3286004056728478 0.019999999999733335 0.03651115618587198
0 0.47666666666031116 0.3062880324481483 0.014666666666471113 0.02434077079058132
0 0.5153333333264623 0.31237322514579363 0.019999999999733335 0.02434077079058132
0 0.5139999999931467 0.33164300202167046 0.019999999999733335 0.022312373224699544
0 0.5173333333264356 0.3580121703781336 0.02399999999968 0.0344827586199902
0 0.5346666666595378 0.34279918863402026 0.01866666666641778 0.03245436105410843
0 0.5319999999929067 0.39959432047871 0.026666666666311113 0.040567951317635534
0 0.5479999999926933 0.417849898571646 0.03733333333283556 0.0608519269764533
0 0.5186666666597511 0.4655172413698678 0.03999999999946667 0.05882352941057152
0 0.5266666666596445 0.5283975659122029 0.03999999999946667 0.054766734278807974
0 0.5473333333260356 0.6653144016092227 0.05466666666593778 0.08924949289879817
0 0.5326666666595645 0.7586206896397845 0.07866666666561778 0.10141987829408883
0 0.9079999999878934 0.617647058811001 0.055999999999253335 0.0791075050693893
0 0.8493333333220089 0.5527383367027842 0.04799999999936 0.07099391480586219
0 0.7766666666563111 0.44827586205987263 0.03333333333288889 0.052738336712926194
0 0.7626666666564978 0.4259634888351731 0.026666666666311113 0.052738336712926194
0 0.8399999999888 0.4249492900522322 0.034666666666204445 0.05882352941057152
0 0.9019999999879734 0.47464503041633577 0.038666666666151116 0.0608519269764533
0 0.9573333333205689 0.5314401622610255 0.04799999999936 0.08113590263527107
0 0.981333333320249 0.4645030425869269 0.03733333333283556 0.06490872210821685
0 0.7746666666563378 0.3488843813316656 0.02133333333304889 0.03651115618587198
0 0.76799999998976 0.3286004056728478 0.02133333333304889 0.040567951317635534
0 0.7213333333237156 0.35192697768048825 0.02399999999968 0.03853955375175376
0 0.729333333323609 0.3154158214946163 0.02133333333304889 0.03042596348822665
0 0.7073333333239022 0.3215010141922616 0.019999999999733335 0.03042596348822665
0 0.6706666666577245 0.3458417849828429 0.02133333333304889 0.0344827586199902
0 0.6866666666575112 0.3133874239287345 0.01866666666641778 0.026369168356463097
0 0.6533333333246223 0.32251521297520247 0.015999999999786668 0.03245436105410843
0 0.6419999999914401 0.3154158214946163 0.019999999999733335 0.03042596348822665
