0 2950000000.0 31500000000.0 5300000000.0 6000000000.0
0 9000000000.0 32400000000.0 6800000000.0 7200000000.0
0 15100000000.0 33650000000.0 5200000000.0 4700000000.0
0 16800000000.0 31050000000.0 5200000000.0 5500000000.0
0 10750000000.0 27250000000.0 4100000000.0 4500000000.0
0 6700000000.0 26100000000.0 3400000000.0 4000000000.0
0 14550000000.0 26000000000.0 3100000000.0 3800000000.0
0 22250000000.0 26800000000.0 3900000000.0 4200000000.0
0 27100000000.0 33700000000.0 5200000000.0 4600000000.0
0 31800000000.0 32000000000.0 5200000000.0 5600000000.0
0 28950000000.0 28450000000.0 4900000000.0 6300000000.0
0 32100000000.0 26900000000.0 3400000000.0 4000000000.0
0 32350000000.0 19050000000.0 3300000000.0 2900000000.0
0 39050000000.0 29250000000.0 4700000000.0 4900000000.0
0 39850000000.0 25600000000.0 3500000000.0 3800000000.0
0 43750000000.0 28950000000.0 4900000000.0 5100000000.0
0 43500000000.0 33300000000.0 5600000000.0 5400000000.0
0 46100000000.0 25650000000.0 3200000000.0 3900000000.0
0 48400000000.0 26950000000.0 3200000000.0 3900000000.0
0 51800000000.0 28750000000.0 4600000000.0 4900000000.0
0 53500000000.0 29500000000.0 5000000000.0 5000000000.0
