0 0.02079372623569203 0.5308277027004611 0.030655893536048823 0.06672297297269121
0 0.1608840304178686 0.5711570945921827 0.05798479087438692 0.11021959459412915
0 0.16623098859276086 0.476140202700692 0.03493346007596261 0.0696790540537598
0 0.20211501901092654 0.5394847972950191 0.041112167300282526 0.07474662162130598
0 0.10111692015185096 0.6072635135109491 0.04348859315579019 0.07347972972941944
0 0.25249524714768895 0.5922719594569583 0.0791349809884051 0.14315878378317923
0 0.3216492395429619 0.7407094594563315 0.15185361216693952 0.3597972972957779
0 0.3216492395429619 0.5513091216192935 0.046815589353500914 0.07812499999967008
0 0.27970532319325164 0.5346283783761206 0.0413498098858333 0.09206081081042204
0 0.3807034220523272 0.5834037162137525 0.03897338403032564 0.08319256756721626
0 0.38913973383937944 0.5542652027003621 0.03635931558926721 0.0696790540537598
0 0.4426093155883018 0.5842483108083436 0.04253802281358712 0.09163851351312653
0 0.5201996197706269 0.6140202702676774 0.08174904942946352 0.16131756756688634
0 0.5756891634967308 0.5749577702678422 0.040636882129181 0.08572635135098934
0 0.6141872623559549 0.5859374999975256 0.03493346007596261 0.08826013513476241
0 0.5225760456261346 0.4263091216198214 0.02946768060829499 0.06461148648621363
0 0.9028041825073603 0.6085304054028357 0.03897338403032564 0.07094594594564635
0 0.9233602661575016 0.635135135132453 0.04966730038011011 0.08699324324287588
