0 0.08029197080145453 0.4765193370034111 0.03284671532786776 0.04696132596555356
0 0.13321167882968593 0.4295580110378575 0.02919708029143801 0.052486187843853976
0 0.15145985401183468 0.47375690606426085 0.02919708029143801 0.058011049722154394
0 0.17244525547130574 0.4461325966727588 0.027372262773223133 0.052486187843853976
0 0.20894160583560326 0.48066298341213637 0.031021897809652886 0.0607734806613046
0 0.21076642335381812 0.43370165744658284 0.031021897809652886 0.05524861878300418
0 0.24726277371811564 0.4696132596555356 0.031021897809652886 0.049723756904703764
0 0.25456204379097513 0.4295580110378575 0.023722627736793383 0.04696132596555356
0 0.29835766422813215 0.4281767955682824 0.031021897809652886 0.05524861878300418
0 0.28010948904598343 0.49585635357746255 0.031021897809652886 0.052486187843853976
0 0.3211678832058181 0.48756906076001194 0.02919708029143801 0.04696132596555356
0 0.34397810218350405 0.4502762430814841 0.027372262773223133 0.049723756904703764
0 0.36770072992029745 0.4903314916991621 0.031021897809652886 0.058011049722154394
0 0.38959854013887596 0.4475138121423339 0.027372262773223133 0.0607734806613046
0 0.39963503648905774 0.49585635357746255 0.02554744525500826 0.052486187843853976
0 0.44343065692621475 0.4999999999861879 0.02554744525500826 0.049723756904703764
0 0.4343065693351404 0.46270718230766006 0.02554744525500826 0.052486187843853976
0 0.4589416058310412 0.4502762430814841 0.031021897809652886 0.05524861878300418
0 0.48175182480872714 0.4447513812031837 0.02919708029143801 0.049723756904703764
0 0.4945255474362313 0.48066298341213637 0.02919708029143801 0.0607734806613046
0 0.535583941596066 0.4903314916991621 0.031021897809652886 0.052486187843853976
0 0.5282846715232065 0.4530386740206343 0.027372262773223133 0.049723756904703764
0 0.5593065693328594 0.4447513812031837 0.023722627736793383 0.049723756904703764
0 0.5684306569239338 0.49861878451661273 0.027372262773223133 0.052486187843853976
0 0.6012773722518016 0.5069060773340633 0.027372262773223133 0.052486187843853976
0 0.5885036496242974 0.4516574585510592 0.023722627736793383 0.052486187843853976
0 0.6131386861201982 0.4585635358989347 0.02554744525500826 0.049723756904703764
0 0.6386861313752065 0.4585635358989347 0.021897810218578506 0.04419889502640335
0 0.6414233576525288 0.49861878451661273 0.031021897809652886 0.04696132596555356
0 0.6788321167759337 0.515193370151514 0.02919708029143801 0.052486187843853976
0 0.6843065693305783 0.46408839777723515 0.02919708029143801 0.04419889502640335
0 0.7089416058264791 0.49585635357746255 0.020072992700363633 0.041436464087253135
0 0.7217153284539833 0.4765193370034111 0.023722627736793383 0.041436464087253135
0 0.7417883211543469 0.4848066298208617 0.027372262773223133 0.04696132596555356
0 0.7645985401320329 0.46408839777723515 0.021897810218578506 0.04419889502640335
0 0.7837591240732891 0.4917127071687372 0.027372262773223133 0.049723756904703764
0 0.835766423342413 0.4779005524729862 0.02919708029143801 0.0607734806613046
0 0.908759124071008 0.4861878452904368 0.03284671532786776 0.0607734806613046
