0 0.05799999999884 0.594879518054371 0.03599999999928 0.05722891566092683
0 0.01699999999966 0.594879518054371 0.0299999999994 0.05120481927556612
0 0.05099999999898 0.5587349397422068 0.0299999999994 0.05120481927556612
0 0.07899999999842 0.5557228915495264 0.025999999999479998 0.05120481927556612
0 0.0949999999981 0.5843373493799898 0.037999999999239996 0.06626506023896792
0 0.13699999999726 0.5677710843202478 0.03399999999932 0.05120481927556612
0 0.1899999999962 0.5933734939580309 0.039999999999199995 0.06626506023896792
0 0.20099999999598 0.5707831325129282 0.0299999999994 0.045180722890205395
0 0.23599999999527999 0.5542168674531862 0.03199999999936 0.048192771082885756
0 0.24199999999516 0.5873493975726701 0.03199999999936 0.05421686746824648
0 0.28799999999424 0.5798192770909693 0.039999999999199995 0.06927710843164828
0 0.31999999999359996 0.5617469879348871 0.03199999999936 0.05120481927556612
0 0.34099999999318 0.5783132529946291 0.037999999999239996 0.06626506023896792
0 0.399999999992 0.5753012048019487 0.03599999999928 0.07228915662432864
0 0.44099999999118 0.5843373493799898 0.037999999999239996 0.06626506023896792
0 0.5049999999899 0.5843373493799898 0.037999999999239996 0.06024096385360719
0 0.57399999998852 0.569277108416588 0.03599999999928 0.06024096385360719
0 0.6009999999879799 0.5828313252836496 0.0299999999994 0.05722891566092683
0 0.6449999999871 0.5783132529946291 0.037999999999239996 0.06626506023896792
0 0.75699999998486 0.5903614457653505 0.03399999999932 0.05421686746824648
0 0.78299999998434 0.4804216867325174 0.0299999999994 0.06325301204628755
