0 0.7799999999844 0.22905027932321087 0.30399999999391997 0.43016759775334723
0 0.45699999999086 0.49162011171811115 0.09399999999811999 0.1452513966439874
0 0.29099999999417997 0.5810055865759496 0.11799999999763999 0.18994413407290658
0 0.11599999999768 0.44832402233384566 0.08399999999832 0.12011173184022034
0 0.02799999999944 0.38547486032442807 0.051999999998959996 0.1005586592150682
0 0.07099999999857999 0.31424581004708807 0.053999999998919995 0.07541899441130114
0 0.14899999999702 0.3337988826722402 0.05799999999884 0.08100558658991604
0 0.18799999999623998 0.3156424580917418 0.04399999999912 0.07821229050060859
0 0.27399999999452 0.3966480446816579 0.06399999999872 0.10614525139368308
0 0.27399999999452 0.3324022346275865 0.04399999999912 0.07821229050060859
0 0.2599999999948 0.29469273742193597 0.039999999999199995 0.05865921787545644
0 0.35999999999279997 0.31424581004708807 0.04399999999912 0.06983240223268625
0 0.3749999999925 0.3868715083690818 0.06199999999876 0.09776536312576074
0 0.36799999999264 0.25977653630559283 0.03199999999936 0.0502793296075341
0 0.41299999999174 0.279329608930745 0.03399999999932 0.061452513964763894
0 0.44399999999112 0.25977653630559283 0.02799999999944 0.05586592178614899
0 0.48699999999026 0.3645251396546222 0.049999999999 0.08100558658991604
0 0.49799999999003997 0.27094972066282264 0.03599999999928 0.061452513964763894
0 0.6019999999879599 0.2849162011093599 0.03599999999928 0.0670391061433788
