0 0.06666666666597222 0.42407407406622083 0.0979166666656467 0.18888888888539093
0 0.2578124999973144 0.33703703703079557 0.06979166666593967 0.15925925925631002
0 0.34270833332976347 0.2657407407358196 0.03958333333292101 0.07962962962815501
0 0.3687499999961589 0.25740740740264056 0.03333333333298611 0.07037037036906721
0 0.41249999999570314 0.29907407406853564 0.04374999999954427 0.08703703703542523
0 0.4499999999953125 0.2685185185135459 0.037499999999609374 0.07777777777633745
0 0.5057291666613987 0.23981481481037378 0.03020833333301866 0.06851851851724965
0 0.4437499999953776 0.48333333332438266 0.11458333333213976 0.25555555555082304
0 0.6130208333269477 0.3490740740676097 0.06354166666600478 0.13888888888631687
0 0.5822916666606012 0.25648148147673183 0.035416666666297746 0.07222222222088477
0 0.59999999999375 0.22037037036628943 0.029166666666362848 0.06296296296179697
0 0.6348958333267198 0.29814814814262686 0.04062499999957682 0.09999999999814814
0 0.6505208333265571 0.26018518518036693 0.042708333332888454 0.07962962962815501
0 0.6718749999930013 0.23611111110673866 0.027083333333051216 0.06481481481361454
0 0.7619791666587293 0.35185185184533607 0.09062499999905599 0.2037037036999314
0 0.7583333333254341 0.22037037036628943 0.037499999999609374 0.07777777777633745
0 0.7703124999919759 0.20092592592220507 0.03020833333301866 0.06111111110997942
0 0.8062499999916015 0.2527777777730967 0.04166666666623264 0.09444444444269547
0 0.8786458333241808 0.24166666666219133 0.05937499999938151 0.12777777777541152
0 0.9390624999902181 0.35925925925260627 0.08020833333249783 0.17407407407085046
