0 0.022920203734755173 0.1573170731668947 0.0424448217310281 0.11951219511903628
0 0.056027164684957095 0.16341463414235574 0.04414261460026923 0.09756097560737656
0 0.041595925296407536 0.08658536585154669 0.02546689303861686 0.03170731707239738
0 0.015280135823170116 0.08658536585154669 0.023769100169375737 0.026829268292028554
0 0.027164685907857984 0.07560975609571684 0.01697792869241124 0.019512195121475312
0 0.035653650254063605 0.06585365853497918 0.02037351443089349 0.029268292682212968
0 0.05857385398881878 0.07195121951044021 0.022071307300134613 0.03658536585276621
0 0.09083191850440013 0.08170731707117787 0.02546689303861686 0.03658536585276621
0 0.08658743633129733 0.05975609755951814 0.02037351443089349 0.026829268292028554
0 0.13327674023542824 0.1902439024343843 0.06621392190040383 0.11219512194848305
0 0.13497453310466936 0.09512195121719215 0.02546689303861686 0.034146341462581796
0 0.1095076400660525 0.07195121951044021 0.022071307300134613 0.03658536585276621
0 0.14346349745087497 0.060975609754610346 0.022071307300134613 0.034146341462581796
0 0.2028862478743143 0.09756097560737656 0.03904923599254585 0.058536585364425936
0 0.19354838709348815 0.05975609755951814 0.01697792869241124 0.021951219511659726
0 0.21561969439362275 0.047560975608596075 0.02037351443089349 0.03170731707239738
0 0.24533106960534243 0.10121951219265318 0.028862478777099108 0.056097560974241525
0 0.23599320882451624 0.070731707315348 0.023769100169375737 0.04390243902331945
0 0.28098471985940604 0.10121951219265318 0.028862478777099108 0.056097560974241525
0 0.2928692699440939 0.07560975609571684 0.018675721561652363 0.034146341462581796
0 0.2665534804708565 0.19999999999512194 0.06791171476964496 0.11219512194848305
0 0.321731748721193 0.16707317072763236 0.05263157894647484 0.09024390243682331
0 0.3378607809789837 0.10243902438774538 0.03395585738482248 0.058536585364425936
0 0.32767402376353694 0.05731707316933373 0.023769100169375737 0.03658536585276621
0 0.3463497453251893 0.035365853657674 0.01697792869241124 0.03658536585276621
0 0.3650254668868417 0.05975609755951814 0.02037351443089349 0.041463414633135035
0 0.39219015279469965 0.058536585364425936 0.02037351443089349 0.039024390242950624
0 0.4159592529640754 0.09878048780246877 0.027164685907857984 0.056097560974241525
0 0.3633276740176005 0.14756097560615705 0.03056027164634023 0.056097560974241525
0 0.4422750424373128 0.16341463414235574 0.05942275042343934 0.11707317072885187
0 0.47962648556061754 0.13536585365523499 0.03225806451558136 0.07560975609571684
0 0.49915110355689046 0.09999999999756097 0.027164685907857984 0.04878048780368828
0 0.4940577249491671 0.05487804877914931 0.02037351443089349 0.03658536585276621
0 0.47283531408365304 0.04268292682822725 0.022071307300134613 0.041463414633135035
0 0.4575551782604829 0.035365853657674 0.015280135823170116 0.026829268292028554
0 0.44736842104503616 0.05975609755951814 0.018675721561652363 0.03658536585276621
0 0.4354838709603483 0.08170731707117787 0.022071307300134613 0.03658536585276621
0 0.42359932087566043 0.041463414633135035 0.018675721561652363 0.02439024390184414
0 0.4252971137449016 0.02439024390184414 0.015280135823170116 0.02439024390184414
0 0.41935483870255763 0.06829268292516359 0.02037351443089349 0.039024390242950624
0 0.5280135823339895 0.04024390243804283 0.02037351443089349 0.03658536585276621
0 0.5721561969342588 0.16341463414235574 0.07470288624660945 0.12195121950922069
0 0.5636672325880532 0.058536585364425936 0.03395585738482248 0.05365853658405711
0 0.5730050933688794 0.03292682926748959 0.022071307300134613 0.03658536585276621
0 0.6273344651845953 0.05975609755951814 0.03225806451558136 0.05121951219387269
0 0.6366723259654214 0.07804878048590125 0.027164685907857984 0.04878048780368828
0 0.6663837011771412 0.08048780487608566 0.035653650254063605 0.05365853658405711
0 0.6629881154386589 0.14268292682578823 0.03904923599254585 0.06585365853497918
0 0.7410865874237507 0.1573170731668947 0.07640067911585058 0.13414634146014276
0 0.7139219015158926 0.08170731707117787 0.03225806451558136 0.056097560974241525
0 0.6960950763888608 0.06341463414479476 0.03395585738482248 0.058536585364425936
0 0.7317487266429245 0.05731707316933373 0.03056027164634023 0.04634146341350387
0 0.7096774193427898 0.021951219511659726 0.023769100169375737 0.029268292682212968
0 0.6833616298695524 0.025609756096936345 0.015280135823170116 0.026829268292028554
0 0.6621392190040384 0.039024390242950624 0.02037351443089349 0.029268292682212968
0 0.6536502546578328 0.023170731706751935 0.02037351443089349 0.03658536585276621
0 0.629881154488457 0.029268292682212968 0.01697792869241124 0.029268292682212968
0 0.6146010186652869 0.04024390243804283 0.02037351443089349 0.03170731707239738
0 0.8225806451473245 0.08902439024173112 0.035653650254063605 0.060975609754610346
0 0.8438030560128387 0.15853658536198692 0.057724957554198215 0.10731707316811422
0 0.9448217317326855 0.16951219511781676 0.09677419354674408 0.15853658536198692
0 0.9261460101710332 0.04878048780368828 0.028862478777099108 0.039024390242950624
0 0.9872665534637136 0.03780487804785842 0.02546689303861686 0.04634146341350387
0 0.9745331069444052 0.014634146341106484 0.027164685907857984 0.02439024390184414
0 0.9074702886093808 0.030487804877305173 0.02546689303861686 0.03170731707239738
0 0.9202037351286892 0.013414634146014277 0.023769100169375737 0.021951219511659726
0 0.87606112052842 0.017073170731290898 0.023769100169375737 0.029268292682212968
0 0.8463497453167003 0.035365853657674 0.02546689303861686 0.03658536585276621
0 0.8183361629742217 0.02439024390184414 0.023769100169375737 0.039024390242950624
