0 0.45399999999092 0.5975975975796517 0.051999999998959996 0.09009009008738468
0 0.5229999999895399 0.7567567567340313 0.0699999999986 0.12612612612233853
0 0.59299999998814 0.8198198197952006 0.07399999999852 0.12612612612233853
0 0.66199999998676 0.8078078077835492 0.06399999999872 0.08408408408155903
0 0.75699999998486 0.7597597597369441 0.0699999999986 0.10810810810486161
0 0.8109999999837799 0.8528528528272415 0.10199999999796 0.1321321321281642
0 0.46099999999078 0.8873873873607391 0.1099999999978 0.14114114113690265
0 0.34299999999313996 0.8108108107864621 0.07799999999844 0.12012012011651291
0 0.29699999999406 0.7747747747515082 0.0699999999986 0.09609609609321032
0 0.23299999999534 0.7432432432209236 0.0699999999986 0.10510510510194879
0 0.14399999999712 0.7102102101888825 0.0599999999988 0.09909909909612315
