0 0.13549440298475865 0.7022471910087702 0.09468283582067472 0.1488764044938593
0 0.21851679104426652 0.5926966292114021 0.07276119402968106 0.10112359550526291
0 0.2874300373127625 0.5400280898857444 0.051539179104357416 0.09901685393223661
0 0.31833022387985466 0.4838483146050427 0.04197761194020061 0.07724719101096472
0 0.16721082089513242 0.47349016853766335 0.04524253731332733 0.07759831460646911
0 0.20767257462638136 0.4508426966276305 0.03288246268649048 0.05688202247171039
0 0.23600746268601677 0.4306530898861283 0.03917910447752057 0.05793539325822355
0 0.2778684701486057 0.4176615168524661 0.031016791044703784 0.05653089887620601
0 0.3111007462679312 0.40993679775136965 0.028917910447693755 0.04529494382006568
0 0.38829291044685565 0.47243679775115016 0.03917910447752057 0.0754915730334428
0 0.1050606343281132 0.39132724718963724 0.031016791044703784 0.03897471910098675
0 0.028218283582023745 0.41257022471765253 0.03498134328350051 0.052668539325657765
0 0.18598414179061104 0.3681530898863478 0.025419776119343703 0.0424859550560306
0 0.16056436567126733 0.3862359550548236 0.018423507462643603 0.037219101123464826
0 0.13899253731310868 0.38307584269528416 0.02192164179099365 0.037219101123464826
0 0.34036847014845995 0.3846558988750539 0.02122201492532364 0.029845505617872737
0 0.3622901119394536 0.37640449438070084 0.019822761193983622 0.03230337078640343
0 0.40368470149159585 0.40783005617834334 0.026119402985013713 0.04318820224703937
0 0.3793143656707572 0.4166081460659529 0.025419776119343703 0.03195224719089904
0 0.5626166044762999 0.3897471910098675 0.019822761193983622 0.04634831460657884
0 0.5834888059687885 0.38202247190877103 0.020522388059653632 0.039325842696491135
0 0.6019123134314321 0.4181882022457227 0.024720149253673693 0.04564606741557006
0 0.6345615671626993 0.44083567415575553 0.026585820895460386 0.049508426966118305
0 0.6651119402969563 0.404845505616556 0.026119402985013713 0.039325842696491135
0 0.6543843283566828 0.39132724718963724 0.013059701492506856 0.027036516853837653
0 0.644822761192526 0.3814957865155144 0.02005597014920696 0.03616573033695167
0 0.7131529850729638 0.5014044943802619 0.0438432835819873 0.08567415730306997
0 0.731343283580384 0.5535463483126631 0.05830223880583418 0.09726123595471468
0 0.7128031716401287 0.41362359550416566 0.024020522388003684 0.050561797752631456
0 0.7361240671624624 0.44188904494226866 0.029617537313363765 0.05793539325822355
0 0.7772854477593814 0.45224719100964805 0.03777985074618055 0.07022471910087702
0 0.830107276117467 0.48683286516683 0.0501399253730174 0.0733848314604165
0 0.8969216417889531 0.5136938202229154 0.050839552238687406 0.07724719101096472
