0 0.06484374999898682 0.4020833333249566 0.08281249999870606 0.11666666666423611
0 0.17968749999719238 0.37916666665876736 0.07187499999887696 0.11249999999765625
0 0.28124999999560546 0.3989583333250217 0.07187499999887696 0.11041666666436632
0 0.3703124999942139 0.43333333332430557 0.06562499999897461 0.09166666666475694
0 0.4445312499930542 0.42395833332450084 0.06093749999904786 0.1020833333312066
0 0.51328124999198 0.42499999999114585 0.057812499999096684 0.09166666666475694
0 0.6289062499901734 0.3781249999921224 0.07656249999880371 0.11041666666436632
0 0.7070312499889527 0.3447916666594835 0.08281249999870606 0.1354166666638455
0 0.8406249999868652 0.3802083333254123 0.08437499999868164 0.1229166666641059
0 0.9367187499853639 0.3843749999919922 0.09218749999855957 0.14791666666358508
