0 0.14023437499890443 0.4572916666619032 0.07109374999944458 0.08749999999908854
0 0.2554687499980042 0.4635416666618381 0.04218749999967041 0.058333333332725695
0 0.257031249997992 0.3895833333292752 0.03906249999969483 0.04999999999947917
0 0.38789062499696964 0.6291666666601128 0.08828124999931031 0.12708333333200955
0 0.44296874999653935 0.49947916666146375 0.04843749999962158 0.08229166666580946
0 0.4445312499965271 0.4390624999954264 0.03593749999971924 0.05937499999938151
0 0.4390624999965698 0.39531249999588214 0.02968749999976807 0.04479166666620009
0 0.5175781249959565 0.4229166666622613 0.05390624999957886 0.06666666666597222
0 0.528906249995868 0.36770833332950303 0.03749999999970703 0.06041666666603732
0 0.5605468749956207 0.4890624999949056 0.050781249999603276 0.08229166666580946
0 0.6218749999951416 0.6161458333269152 0.090624999999292 0.13437499999860025
0 0.6238281249951264 0.2947916666635959 0.02890624999977417 0.035416666666297746
0 0.8105468749936676 0.3833333333293403 0.039843749999688725 0.05416666666610243
0 0.8929687499930238 0.3796874999960449 0.03906249999969483 0.05729166666606988
