0 4100000000.0 11300000000.0 7800000000.0 9400000000.0
0 10500000000.0 8700000000.0 3000000000.0 3400000000.0
0 14150000000.0 9050000000.0 2900000000.0 3300000000.0
0 17450000000.0 8450000000.0 2900000000.0 3500000000.0
0 22950000000.0 8850000000.0 3100000000.0 3900000000.0
0 22500000000.0 5550000000.0 2400000000.0 2900000000.0
0 26700000000.0 10250000000.0 3400000000.0 4100000000.0
0 26750000000.0 6800000000.0 2500000000.0 3200000000.0
0 31050000000.0 9650000000.0 3500000000.0 4300000000.0
0 34450000000.0 5800000000.0 2900000000.0 3400000000.0
