0 0.5023041474596508 0.8886010362540828 0.12211981566679585 0.19170984455627443
0 0.7229262672727773 0.7504317789162275 0.07949308755668787 0.15371329878836418
0 0.86693548386098 0.7012089809896164 0.06797235022963165 0.11744386873717713
0 0.7661290322492381 0.6735751295220453 0.062211981566103546 0.09326424870305243
0 0.6002304147396287 0.710708117431594 0.0599078341006923 0.1018998272866684
0 0.5345622119754082 0.6856649395391077 0.0599078341006923 0.10362694300339159
0 0.42569124423472704 0.7694300518001825 0.07258064516045414 0.11917098445390033
0 0.39285714285261686 0.6381692573292199 0.06912442396233727 0.09499136441977563
0 0.29205069124087496 0.7150259067234019 0.09562211981456656 0.12780656303751628
0 0.31105990783051773 0.9326424870305243 0.14516129032090827 0.13126079447096267
0 0.21025345621877586 0.8704663212284893 0.11635944700326774 0.151986183071641
0 0.03686635944657988 0.8143350604349856 0.06682027649692603 0.23316062175763108
0 0.06854838709598446 0.6675302245135142 0.0656682027642204 0.11226252158700756
0 0.21889400921406804 0.6658031087967909 0.0599078341006923 0.08462867011943646
