0 0.8989795918183882 0.20934256054638953 0.10816326530391504 0.17647058822918787
0 0.608163265293711 0.23010380622041163 0.02857142857084548 0.04498269896038122
0 0.5938775510082882 0.19550173009704144 0.02040816326488963 0.038062283735707185
0 0.5438775510093087 0.22664359860807462 0.02653061224435652 0.051903114185055256
0 0.5051020408060184 0.19204152248470444 0.018367346938400666 0.038062283735707185
0 0.4806122448881508 0.21972318338340058 0.018367346938400666 0.038062283735707185
0 0.4285714285626822 0.19723183390320997 0.02040816326488963 0.0415224913480442
0 0.35102040815610164 0.21107266435255803 0.024489795917867554 0.0415224913480442
0 0.2765306122392545 0.21799307957723207 0.018367346938400666 0.0415224913480442
0 0.24489795917867557 0.22837370241424312 0.02857142857084548 0.048442906572718235
0 0.17346938775156184 0.24048442905742268 0.03673469387680133 0.051903114185055256
0 0.13673469387476053 0.302768166079489 0.05714285714169096 0.09342560553309946
0 0.10612244897742608 0.22837370241424312 0.04897959183573511 0.06920415224674034
0 0.05612244897844648 0.29411764704864646 0.05102040816222408 0.07612456747141437
0 0.04693877550924615 0.25778546711910777 0.04897959183573511 0.06574394463440332
0 0.2581632653008538 0.5432525951369116 0.12857142856880466 0.15916955016750278
0 0.27142857142303206 0.35986159168304976 0.06938775510062474 0.13148788926880664
0 0.4857142857043732 0.608996539771315 0.14693877550720533 0.25605536331293927
