0 0.5816176470502703 0.4624724061708063 0.033823529411267296 0.06401766004273692
0 0.5683823529328179 0.6986754966733184 0.08970588235162197 0.17880794701592034
0 0.5286764705804606 0.9039735099138195 0.17205882352688148 0.1876379690907806
0 0.7073529411660683 0.6203090507589335 0.07352941176362457 0.12803532008547383
0 0.8176470588115051 0.6898454745984581 0.11470588235125431 0.17880794701592034
0 0.8639705882225887 0.5441501103632638 0.057352941175627156 0.09933774834217797
0 0.9617647058682093 0.5927152317749952 0.06764705882253459 0.12582781456675876
0 0.5470588235213667 0.538631346566476 0.055882352940354665 0.07505518763631225
0 0.41323529411157006 0.5055187637857501 0.061764705881444636 0.08830022074860264
0 0.3198529411717668 0.604856512127928 0.07794117646944204 0.1103752759357533
0 0.20882352940869375 0.8543046357427305 0.14411764705670416 0.2384105960212271
0 0.05147058823453719 0.5838852097001349 0.08235294117525951 0.16114790286619982
0 0.1419117647037954 0.5375275938071186 0.07205882352835208 0.10816777041703823
0 0.2448529411728698 0.4768211920424542 0.04852941176399221 0.061810154524021846
