0 0.13399999999731999 0.48290598289222486 0.07199999999856 0.09971509971225882
0 0.12199999999755999 0.588319088302327 0.07199999999856 0.1168091168057889
0 0.05799999999884 0.623931623913848 0.09599999999808 0.15384615384177075
0 0.39599999999207997 0.49287749286345073 0.051999999998959996 0.09116809116549378
0 0.44799999999104 0.49999999998575495 0.07199999999856 0.13960113959716236
0 0.49599999999008 0.5242165242015893 0.07599999999847999 0.10826210825902387
0 0.59099999998818 0.5541310541152669 0.08599999999828 0.13960113959716236
0 0.64899999998702 0.44729344728070386 0.06599999999868 0.1025641025611805
0 0.6279999999874399 0.29202279201447223 0.039999999999199995 0.07692307692088537
0 0.7199999999855999 0.49999999998575495 0.05599999999888 0.1168091168057889
0 0.6929999999861399 0.7350427350217936 0.11399999999772 0.22792022791373445
0 0.849999999983 0.8048433048203748 0.21599999999567998 0.3105413105324632
0 0.82699999998346 0.5470085469929626 0.09399999999811999 0.12535612535255394
0 0.95199999998096 0.5754985754821794 0.09199999999816 0.13675213674824066
0 0.9159999999816799 0.48575498574114656 0.06399999999872 0.10541310541010218
