0 0.10010214504494278 0.3978201634823185 0.05515832482068275 0.07356948228782602
0 0.20837589376702373 0.5299727520363764 0.12053115423778824 0.16621253405768102
0 0.4121552604656572 0.3978201634823185 0.0418794688453332 0.06811989100724632
0 0.5316649642438032 0.4870572207018112 0.07048008171531685 0.11580381471231874
0 0.5035750766036406 0.40735694822333296 0.04290091930497547 0.06267029972666661
0 0.5766087844680632 0.398501362392391 0.03575076608747956 0.05858310626623183
0 0.6317671092887459 0.4087193460434779 0.05209397344175593 0.08719346048927529
0 0.6894790602585343 0.4734332425003619 0.09601634320637367 0.15122615803608683
0 0.7599591419738513 0.4175749318744199 0.051072522982113656 0.08310626702884051
0 0.8202247190927453 0.47820163487086914 0.07558733401352821 0.11989100817275353
0 0.8289070479997047 0.3876021798312316 0.05413687436104048 0.08855585830942021
