0 0.826874999994832 0.6543151969919859 0.07874999999950781 0.11538461538353299
0 0.75999999999525 0.6181988742906361 0.051249999999679684 0.07692307692235532
0 0.6278124999960761 0.6111632270111524 0.05562499999965234 0.08724202626559811
0 0.5290624999966933 0.6693245778548845 0.07312499999954297 0.11350844277567067
0 0.46624999999708594 0.6050656660355999 0.05249999999967187 0.08442776735380463
0 0.41468749999740817 0.9052532832935719 0.21937499999862892 0.18198874296264553
0 0.26874999999832033 0.6815196998059896 0.06499999999959374 0.11350844277567067
0 0.27562499999827733 0.6378986866731905 0.05749999999964062 0.075046904314493
0 0.27906249999825583 0.5478424014957989 0.03687499999976953 0.05065666041228278
0 0.3240624999979746 0.5347091932407626 0.028124999999824218 0.035647279549384174
0 0.17187499999892578 0.6050656660355999 0.04749999999970313 0.0675422138830437
0 0.1499999999990625 0.5816135084373207 0.03874999999975781 0.05440900562800743
0 0.14968749999906444 0.551125703559558 0.033124999999792966 0.04409005628476464
0 0.16906249999894335 0.519699812377864 0.024374999999847657 0.0450281425886958
0 0.10781249999932617 0.5469043151918678 0.033124999999792966 0.04878048780442045
0 0.05874999999963281 0.5938086303884259 0.06374999999960156 0.0900562851773916
0 0.12062499999924609 0.6796435271981273 0.08249999999948437 0.12101313320711997
0 0.04124999999974219 0.4957786116276194 0.026249999999835936 0.04784240150048929
0 0.07374999999953906 0.4756097560930994 0.023749999999851563 0.035647279549384174
0 0.09843749999938477 0.49249530956386034 0.025624999999839842 0.0375234521572465
0 0.06781249999957617 0.4530956847987515 0.01687499999989453 0.028142589117934876
0 0.1353124999991543 0.46294559099002874 0.018124999999886718 0.030956848029728364
0 0.15437499999903515 0.49108818010796357 0.022499999999859376 0.03658536585331534
0 0.14624999999908594 0.4488742964310613 0.013749999999914062 0.02532833020614139
0 0.1853124999988418 0.4666979362057534 0.018124999999886718 0.02908067542186604
0 0.1887499999988203 0.4512195121908892 0.017499999999890624 0.028142589117934876
0 0.21499999999865624 0.4859287054363422 0.021249999999867188 0.03189493433365952
0 0.24312499999848047 0.5117260787944492 0.023749999999851563 0.03846153846117766
0 0.24093749999849415 0.4666979362057534 0.014374999999910156 0.02908067542186604
0 0.2684374999983223 0.4826454033725831 0.018124999999886718 0.030956848029728364
0 0.273124999998293 0.4535647279507171 0.016249999999898436 0.030956848029728364
0 0.30218749999811134 0.45825515947037293 0.015624999999902344 0.023452157598279063
0 0.3365624999978965 0.45403377110268267 0.014374999999910156 0.024390243902210226
0 0.3053124999980918 0.4957786116276194 0.020624999999871094 0.03658536585331534
0 0.32562499999796485 0.45497185740661383 0.011249999999929688 0.0225140712943479
0 0.36499999999771876 0.4591932457743041 0.017499999999890624 0.02532833020614139
0 0.3968749999975195 0.47514071294113386 0.016249999999898436 0.023452157598279063
0 0.4056249999974648 0.4587242026223385 0.013749999999914062 0.028142589117934876
0 0.4171874999973926 0.44465290806337104 0.014374999999910156 0.0300187617257972
0 0.4359374999972754 0.46763602250968456 0.01687499999989453 0.032833020637590686
0 0.44218749999723633 0.4901500938040324 0.018124999999886718 0.027204502814003714
0 0.45093749999718163 0.4662288930537878 0.014374999999910156 0.0225140712943479
0 0.48218749999698635 0.47936210130882406 0.020624999999871094 0.028142589117934876
0 0.4853124999969668 0.45497185740661383 0.014374999999910156 0.0225140712943479
0 0.500312499996873 0.4488742964310613 0.010624999999933594 0.02532833020614139
0 0.49906249999688085 0.4826454033725831 0.018124999999886718 0.032833020637590686
0 0.5096874999968144 0.5220450281376919 0.019374999999878906 0.03658536585331534
0 0.5312499999966797 0.4812382739166864 0.01499999999990625 0.0300187617257972
0 0.5340624999966621 0.455909943710545 0.01687499999989453 0.0300187617257972
0 0.5559374999965254 0.4990619136913785 0.020624999999871094 0.0375234521572465
0 0.5612499999964922 0.5290806754171756 0.018749999999882812 0.028142589117934876
0 0.5815624999963652 0.5028142589071031 0.014374999999910156 0.028142589117934876
0 0.5756249999964024 0.47467166978916825 0.016249999999898436 0.0300187617257972
0 0.5743749999964102 0.4545028142546483 0.013749999999914062 0.027204502814003714
0 0.6228124999961074 0.47467166978916825 0.01687499999989453 0.03189493433365952
0 0.6353124999960292 0.5225140712896575 0.020624999999871094 0.03189493433365952
0 0.6521874999959238 0.48686679174027336 0.014374999999910156 0.02626641651007255
0 0.66718749999583 0.49859287053941287 0.018124999999886718 0.032833020637590686
0 0.687187499995705 0.4948405253236882 0.015624999999902344 0.02532833020614139
0 0.7056249999955898 0.4873358348922389 0.023749999999851563 0.04409005628476464
0 0.7074999999955781 0.46294559099002874 0.012499999999921876 0.02908067542186604
0 0.7343749999954101 0.5046904315149654 0.013749999999914062 0.020637898686485575
0 0.7587499999952578 0.5079737335787246 0.018749999999882812 0.03470919324545301
0 0.7293749999954414 0.4887429643481357 0.013749999999914062 0.0225140712943479
