0 0.04099999999918 0.6366366366175183 0.049999999999 0.0660660660640821
0 0.04199999999916 0.5825825825650875 0.02399999999952 0.04204204204077951
0 0.07299999999854 0.5735735735563491 0.025999999999479998 0.04804804804660516
0 0.08299999999834 0.7807807807573338 0.08599999999828 0.13813813813398984
0 0.15599999999688 0.6396396396204312 0.04399999999912 0.0660660660640821
0 0.22099999999557998 0.5960960960781952 0.04599999999908 0.07507507507282056
0 0.25099999999498 0.668168168148103 0.053999999998919995 0.08108108107864621
0 0.29099999999417997 0.6156156155971286 0.04199999999916 0.07807807807573339
0 0.34399999999312 0.642642642623344 0.04799999999904 0.08408408408155903
0 0.37399999999252 0.6261261261073235 0.03599999999928 0.06906906906699492
0 0.44299999999114 0.6321321321131491 0.04599999999908 0.08108108107864621
0 0.47099999999057995 0.6876876876670364 0.05799999999884 0.10810810810486161
0 0.51199999998976 0.48498498497042086 0.02799999999944 0.04504504504369234
0 0.5399999999892 0.6441441441248005 0.051999999998959996 0.0930930930902975
0 0.61099999998778 0.9264264263986057 0.10599999999788 0.12912912912525137
0 0.6739999999865199 0.7162162161947082 0.06399999999872 0.11111111110777443
0 0.66899999998662 0.6441441441248005 0.049999999999 0.07507507507282056
0 0.63899999998722 0.609609609591303 0.04199999999916 0.0660660660640821
0 0.7199999999855999 0.642642642623344 0.04799999999904 0.07207207206990773
0 0.7149999999857 0.5990990990811081 0.04199999999916 0.06306306306116927
0 0.86099999998278 0.6486486486291697 0.04199999999916 0.07807807807573339
0 0.9029999999819399 0.7492492492267492 0.07399999999852 0.11111111110777443
