0 0.07545454545317355 0.5819672130988534 0.05272727272631405 0.07650273223834693
0 0.08999999999836363 0.5013661202048807 0.03818181818112396 0.06284153005292784
0 0.18909090908747106 0.42486338796653383 0.047272727271867765 0.06830601092709547
0 0.32545454544862806 0.4658469945227911 0.03999999999927272 0.06830601092709547
0 0.3354545454484463 0.573770491787602 0.049090909090016524 0.08196721311251456
0 0.3709090909023471 0.38797814206590225 0.0363636363629752 0.06010928961584401
0 0.4581818181734876 0.4631147540857073 0.047272727271867765 0.06830601092709547
0 0.5545454545353719 0.4084699453440309 0.03999999999927272 0.06284153005292784
0 0.6299999999885454 0.5177595628273837 0.04181818181742149 0.06830601092709547
0 0.5881818181711239 0.5969945355028143 0.05636363636261157 0.07923497267543074
0 0.7290909090776528 0.42759562840361764 0.05818181818076033 0.08469945354959837
0 0.9227272727104958 0.5956284152842725 0.06363636363520661 0.09836065573501747
0 0.9499999999827272 0.45901639343008155 0.045454545453719006 0.0874316939866822
