0 0.18399999999632 0.4444444444310977 0.03599999999928 0.060060060058256454
0 0.23199999999536 0.49849849848352856 0.04399999999912 0.08408408408155903
0 0.28699999999426 0.43393393392090285 0.037999999999239996 0.06906906906699492
0 0.32399999999351997 0.5270270270112003 0.07999999999839999 0.1471471471427283
0 0.3449999999931 0.4429429429296413 0.04599999999908 0.06906906906699492
0 0.37799999999244 0.4954954954806157 0.04399999999912 0.09009009008738468
0 0.45799999999083996 0.5600600600432414 0.1199999999976 0.20720720720098476
0 0.5819999999883599 0.47447447446022595 0.0599999999988 0.14414414413981547
0 0.75599999998488 0.5315315315155695 0.12799999999744 0.18018018017476936
0 0.16599999999668 0.4444444444310977 0.02399999999952 0.05405405405243081
