0 0.04634146341453996 0.41090785907719884 0.04065040650398242 0.06775067750654556
0 0.07652439024374691 0.41565040650265705 0.042073170731621805 0.07249322493200375
0 0.13191056910542295 0.4788279132775108 0.061788617886053276 0.1168699186987911
0 0.2186991869914254 0.5098238482367554 0.08130081300796484 0.15311653116479298
0 0.2980691056904511 0.3736449864485988 0.026626016260108486 0.04674796747951644
0 0.33902439024321335 0.4127710027086288 0.0386178861787833 0.06199186991848919
0 0.38455284552767366 0.6517615176129683 0.10853658536563306 0.228997289972124
0 0.4174796747958994 0.4151422764213579 0.031707317073106284 0.06673441734394737
0 0.437093495934071 0.44139566395514435 0.044105691056820925 0.07723577235746194
0 0.5170731707306564 0.4203929539281152 0.026016260162548748 0.053523035230171
0 0.5475609756086431 0.4266598915974707 0.02804878048774787 0.057249322493031
0 0.5856707317061267 0.4600271002694444 0.038414634146263386 0.07723577235746194
0 0.62418699186865 0.5167682926811763 0.06097560975597363 0.11822493224892201
0 0.6078252032507971 0.44088753387384527 0.029471544715387255 0.057249322493031
0 0.6420731707304023 0.4373306233047516 0.03373983739830541 0.06639566395641465
0 0.6998983739823172 0.500338753385839 0.053861788617776706 0.09688346883436015
0 0.7069105691042543 0.42090108400941434 0.03983739837390277 0.07350948509460194
0 0.8358739837381385 0.5670731707297864 0.0806910569104051 0.1436314363138766
0 0.8239837398357236 0.4759485094834826 0.0386178861787833 0.07113821138187285
0 0.9267276422745392 0.48458672086556714 0.057520325203135124 0.10060975609722016
