0 0.12040441176433699 0.5980392156838316 0.09191176470560075 0.13071895424783203
0 0.14782475490150787 0.509803921566545 0.056066176470416465 0.07189542483630762
0 0.10906862745064623 0.5163398692789365 0.0367647058822403 0.04901960784293701
0 0.1004901960781235 0.48304738561894184 0.03431372549009095 0.03799019607827619
0 0.2103247549013164 0.5118464052266674 0.046262254901819046 0.06781045751606286
0 0.23391544117575394 0.4948937908476516 0.039522058823408326 0.05351307189520624
0 0.282475490195213 0.5267565359455606 0.037990196078314976 0.06168300653569574
0 0.31939338235196263 0.5412581699324295 0.06280637254882718 0.08660130718918872
0 0.3740808823517951 0.56229575163169 0.08517156862719004 0.1245915032674649
0 0.4761029411750119 0.5257352941154995 0.04105392156850167 0.059640522875573365
0 0.44653799019471035 0.49632352940973723 0.0327818627449976 0.04493464052269226
0 0.47487745097893724 0.3803104575147863 0.031249999999904257 0.04575163398674121
0 0.5029105392141455 0.49040032679538237 0.029105392156773574 0.05106209150305939
0 0.5317095588219004 0.5114379084946429 0.03584558823518429 0.05473856209127966
0 0.558517156861034 0.4948937908476516 0.03431372549009095 0.06004901960759784
0 0.5491727941159645 0.648284313722842 0.12775735294078505 0.2034313725481886
0 0.6609987745077788 0.550245098036968 0.07015931372527524 0.09885620914992298
0 0.6266850490176878 0.5198120915011446 0.03584558823518429 0.07148692810428314
0 0.6404718137235279 0.4948937908476516 0.03216911764696027 0.05187908496710834
0 0.6721813725469602 0.48754084967121103 0.028186274509717564 0.034722222222080386
0 0.7202818627428913 0.521854575161267 0.047181372548875056 0.07393790849642999
0 0.7244178921546433 0.4973447712397984 0.02971813725481091 0.05269607843115729
0 0.7801776960760411 0.5079656862724348 0.03523284313714696 0.04779411764686359
0 0.8178615196053374 0.5049019607822512 0.02971813725481091 0.049836601306985966
0 0.8417585784287936 0.4983660130698596 0.02665441176462422 0.04656862745079016
0 0.8791360294090712 0.5028594771221289 0.03462009803910962 0.059640522875573365
0 0.9113051470560315 0.5386029411742704 0.04197303921555768 0.06576797385594049
0 0.8284313725464815 0.5606617647035921 0.06433823529392053 0.07802287581667475
0 0.9643075980362613 0.5831290849649382 0.06403186274490186 0.13439542483605232
0 0.9292279411736236 0.50388071895219 0.031249999999904257 0.05187908496710834
0 0.9676776960754666 0.4999999999979575 0.03339460784303494 0.053921568627230715
