0 0.25310344827237097 0.48340248961652693 0.031724137930596905 0.04979253111929891
0 0.34482758620214027 0.506224066379539 0.035862068965022594 0.04979253111929891
0 0.33172413792645894 0.4854771784131644 0.028965517240979784 0.04979253111929891
0 0.40275862068409984 0.5041493775829015 0.04689655172349108 0.06639004149239855
0 0.3986206896496742 0.387966804971204 0.02206896551693698 0.0414937759327491
0 0.2758620689617122 0.6120331950080491 0.055172413792342445 0.07883817427222328
0 0.26482758620324376 0.563278008287069 0.035862068965022594 0.05186721991593637
0 0.39586206896005705 0.6400414937626547 0.09379310344698216 0.13485477178143454
0 0.46344827585567655 0.5985477178299057 0.055172413792342445 0.07676348547558583
0 0.48551724137261354 0.4657676348451086 0.030344827585788346 0.043568464729386545
0 0.5441379310269774 0.4626556016501524 0.03448275862021403 0.05394190871257382
0 0.5765517241299786 0.506224066379539 0.041379310344256834 0.06639004149239855
0 0.5813793103368086 0.631742738576105 0.09517241379179073 0.13485477178143454
0 0.6841379310250464 0.8848547717658745 0.21241379310051842 0.23029045642675747
0 0.9468965517110772 0.8402489626381692 0.10620689655025921 0.28215767634269384
0 0.8268965517127325 0.517634854761045 0.05379310344753389 0.09751037344196037
0 0.8875862068843091 0.5186721991593637 0.05931034482676813 0.0829875518654982
0 0.9517241379179072 0.49066390040475805 0.041379310344256834 0.07261410788231092
0 0.76689655171356 0.5072614107778577 0.04413793103387396 0.0643153526957611
0 0.7310344827485374 0.46991701243838346 0.03310344827540547 0.047717842322661456
0 0.7172413793004518 0.44813278007369023 0.03310344827540547 0.045643153526024
0 0.6675862068873436 0.4647302904467898 0.027586206896171223 0.045643153526024
0 0.6565517241288751 0.5093360995744951 0.049655172413108205 0.0643153526957611
