0 0.06858846918352707 0.6349809885690121 0.06560636182772155 0.1368821292723619
0 0.15805168985769283 0.7072243345738698 0.07355864810986962 0.15969581748442221
0 0.26143141152561766 0.23764258554229495 0.09343936381523978 0.20152091253986612
0 0.36679920476407957 0.5855513307762148 0.05765407554557348 0.11406844106030158
0 0.41351888667169945 0.6425855513063655 0.059642147116110496 0.1368821292723619
0 0.2534791252434696 0.9334600760101346 0.11332007952060995 0.13307984790368518
0 0.5168986083396243 0.8079847908438028 0.09940357852685083 0.16349809885309893
0 0.475149105358347 0.5437262357207708 0.0477137176928884 0.10646387832294814
0 0.5854870775231514 0.5798479087231997 0.04970178926342542 0.10266159695427142
0 0.5745526838851978 0.4961977186123119 0.0477137176928884 0.08745247147956454
0 0.6471172962097989 0.5361216729834174 0.04572564612235138 0.10646387832294814
0 0.6769383697678542 0.5057034220340036 0.04174950298127735 0.09125475284824126
0 0.7047713717553724 0.650190114043719 0.08548707753309172 0.15209125474706878
0 0.7266401590312795 0.8155893535811563 0.11332007952060995 0.20912547527721956
0 0.7952286282148067 0.6996197718365164 0.0715705765393326 0.18250950569648253
0 0.8260437375581304 0.6254752851473203 0.05765407554557348 0.12547528516633175
0 0.8538767395456487 0.5741444866701846 0.04174950298127735 0.10646387832294814
0 0.7912524850737326 0.49239543724363516 0.03976143141074033 0.08745247147956454
0 0.7395626242397701 0.5095057034026804 0.0357852882696663 0.09125475284824126
0 0.9115308150912221 0.6806083649931327 0.06958250496879557 0.1368821292723619
0 0.9572564612135736 0.6216730037786435 0.04572564612235138 0.10266159695427142
0 0.9155069582322961 0.5570342205111394 0.04970178926342542 0.08745247147956454
