0 0.04437499999944531 0.6683333333221945 0.07124999999910937 0.10666666666488889
0 0.03249999999959375 0.5941666666567639 0.0449999999994375 0.061666666665638886
0 0.02687499999966406 0.5508333333241527 0.04124999999948437 0.048333333332527775
0 0.1393749999982578 0.532499999991125 0.04124999999948437 0.051666666665805557
0 0.20187499999747655 0.6108333333231528 0.06624999999917187 0.09166666666513888
0 0.239999999997 0.7241666666545972 0.057499999999281244 0.10499999999825
0 0.29624999999629686 0.8558333333190694 0.12749999999840625 0.18833333333019445
0 0.30624999999617186 0.5366666666577222 0.03749999999953125 0.05666666666572222
0 0.3649999999954375 0.5558333333240695 0.0349999999995625 0.05499999999908333
0 0.39124999999510934 0.5824999999902917 0.049999999999374996 0.06833333333219445
0 0.4006249999949922 0.5308333333244861 0.033749999999578124 0.04499999999925
0 0.49062499999386716 0.5341666666577639 0.031249999999609375 0.038333333332694446
0 0.5137499999935781 0.5658333333239027 0.03749999999953125 0.051666666665805557
0 0.4912499999938594 0.6274999999895416 0.0649999999991875 0.07166666666547222
0 0.5981249999925234 0.6549999999890833 0.05874999999926562 0.0899999999985
0 0.613749999992328 0.6033333333232778 0.054999999999312495 0.07666666666538889
0 0.633749999992078 0.5383333333243611 0.03749999999953125 0.059999999999
0 0.6937499999913281 0.577499999990375 0.04249999999946875 0.06833333333219445
0 0.6837499999914531 0.5274999999912083 0.027499999999656247 0.03166666666613889
0 0.7943749999900702 0.5874999999902083 0.06374999999920312 0.09833333333169444
0 0.7331249999908359 0.61499999998975 0.04624999999942187 0.07666666666538889
0 0.7381249999907734 0.7258333333212361 0.10624999999867187 0.13166666666447222
0 0.8899999999888749 0.5824999999902917 0.0449999999994375 0.06499999999891666
0 0.9356249999883046 0.6166666666563889 0.05374999999932812 0.059999999999
0 0.8924999999888437 0.5299999999911666 0.027499999999656247 0.03666666666605556
0 0.9287499999883906 0.553333333324111 0.0399999999995 0.04999999999916667
0 0.9424999999882187 0.5216666666579722 0.029999999999625 0.04333333333261111
0 0.6412499999919844 0.43749999999270833 0.024999999999687498 0.034999999999416664
