0 0.7733333333075556 0.6407035175718416 0.21333333332622223 0.18592964823653443
0 0.16499999999450002 0.5150753768714805 0.149999999995 0.14070351758440444
0 0.2549999999915 0.4874371859174011 0.09666666666344445 0.09547738693227445
0 0.3583333333213889 0.4497487437072928 0.08333333333055556 0.07537688442021667
0 0.3999999999866667 0.42462311556722054 0.059999999998 0.06532663316418777
0 0.41499999998616666 0.3768844221010833 0.04333333333188889 0.03517587939610111
0 0.48166666665061114 0.40326633164815917 0.05666666666477778 0.047738693466137225
0 0.568333333314389 0.4723618090333578 0.08999999999700001 0.09547738693227445
0 0.5733333333142222 0.42587939697422417 0.07333333333088889 0.047738693466137225
0 0.5416666666486112 0.4045226130551628 0.049999999998333336 0.040201005024115555
0 0.5283333333157222 0.3743718592870761 0.04333333333188889 0.030150753768086666
0 0.5949999999801667 0.384422110543105 0.03666666666544444 0.03517587939610111
0 0.6199999999793333 0.4233668341602169 0.05333333333155556 0.05778894472216611
0 0.6716666666442778 0.4183417085322025 0.049999999998333336 0.047738693466137225
0 0.6983333333100555 0.4007537688341519 0.04333333333188889 0.04271356783812277
0 0.689999999977 0.37185929647306887 0.02666666666577778 0.030150753768086666
0 0.7099999999763333 0.36809045225205805 0.03333333333222222 0.032663316582093885
0 0.5899999999803334 0.3630653266240436 0.046666666665111114 0.027638190954079444
0 0.8683333333043889 0.4912060301384119 0.1033333333298889 0.11809045225833945
0 0.8333333333055556 0.43592964823025304 0.08666666666377779 0.06281407035018055
0 0.8433333333052222 0.37060301506606524 0.046666666665111114 0.04271356783812277
0 0.8266666666391111 0.40577889446216636 0.05333333333155556 0.037688442210108336
0 0.33499999998883334 0.3580402009960292 0.04333333333188889 0.04271356783812277
0 0.2566666666581111 0.3894472361711194 0.046666666665111114 0.05025125628014444
0 0.2249999999925 0.3919597989851267 0.04333333333188889 0.04522613065213
0 0.16833333332772224 0.4158291457181953 0.06333333333122222 0.06281407035018055
0 0.05499999999816667 0.4183417085322025 0.05666666666477778 0.05778894472216611
0 0.059999999998 0.384422110543105 0.06666666666444444 0.04522613065213
0 0.12499999999583333 0.3655778894380508 0.049999999998333336 0.04271356783812277
0 0.14499999999516666 0.36432160803104724 0.029999999999 0.03517587939610111
0 0.1949999999935 0.36683417084505443 0.03666666666544444 0.040201005024115555
