0 0.10871694417131522 0.39770723103355016 0.0235063663073114 0.04056437389699181
0 0.09549461312345256 0.5202821869396775 0.0950048971587169 0.14462081128492732
0 0.02693437806046098 0.45767195766388585 0.05190989226197934 0.1075837742485435
0 0.2306562193904931 0.7336860670064606 0.13614103819651185 0.2539682539637748
0 0.3237022526902674 0.5282186948760456 0.05974534769774981 0.13932980599401534
0 0.2585700293804254 0.5061728394972457 0.05288932419145065 0.1093474426788475
0 0.14250734573807536 0.46737213403055783 0.032321253672553174 0.07407407407276766
0 0.15964740450382325 0.430335096994174 0.031341821743081866 0.04938271604851177
0 0.20812928501265301 0.4082892416153741 0.02252693437784009 0.05114638447881576
0 0.3075416258539908 0.4444444444366059 0.027424094025196633 0.05291005290911975
0 0.4069539666953286 0.48324514990329376 0.05778648383880719 0.12345679012127943
0 0.484329089123562 0.5917107583669893 0.08912830558188906 0.18518518518191915
0 0.5788442703175432 0.5767195767094053 0.07639569049876205 0.13756613756371136
0 0.5783545543528076 0.48765432097905376 0.05190989226197934 0.08994708994550359
0 0.547992164539197 0.46031746030934184 0.038197845249381024 0.08112874779398362
0 0.48775710087671154 0.44003527336084597 0.031341821743081866 0.05467372133942375
0 0.45151811948627313 0.44268077600630196 0.03917727717885233 0.08112874779398362
0 0.49951028403036724 0.4056437389699181 0.031341821743081866 0.05643738976972774
0 0.2595494613098967 0.44003527336084597 0.03330068560202448 0.044091710757599795
0 0.182664054846399 0.429453262779022 0.02252693437784009 0.04056437389699181
0 0.2487757100857123 0.41446208112143806 0.027424094025196633 0.03880070546668782
0 0.2703232125340811 0.40476190475476614 0.019588638589426166 0.04056437389699181
0 0.2840352595466794 0.42857142856387 0.019588638589426166 0.03880070546668782
0 0.3163565132192326 0.4135802469062861 0.019588638589426166 0.03703703703638383
0 0.33937316356180836 0.4118165784759821 0.02252693437784009 0.044091710757599795
0 0.3550440744333493 0.41798941798204603 0.014691478942069625 0.03880070546668782
0 0.37267384916383284 0.430335096994174 0.020568070518897474 0.04938271604851177
0 0.3854064642469598 0.4109347442608301 0.026444662095725324 0.05291005290911975
0 0.5318315377029204 0.423280423272958 0.0235063663073114 0.04938271604851177
0 0.5641527913754736 0.4109347442608301 0.02938295788413925 0.059964726630335724
0 0.5808031341764859 0.43650793650023795 0.031341821743081866 0.05467372133942375
0 0.6013712046953833 0.4135802469062861 0.0235063663073114 0.04761904761820778
0 0.624387855037959 0.41446208112143806 0.02252693437784009 0.05291005290911975
0 0.6390793339800287 0.43650793650023795 0.030362389813610557 0.0652557319212477
0 0.6674828599346966 0.44091710757599795 0.026444662095725324 0.05643738976972774
0 0.7267384916677108 0.5185185185093736 0.06856023506299158 0.13756613756371136
0 0.7081292850077558 0.4488536155123659 0.04505386875568018 0.08641975308489559
0 0.7345739471034812 0.42416225748811004 0.02938295788413925 0.06878306878185568
0 0.7688540646349771 0.429453262779022 0.03917727717885233 0.08994708994550359
0 0.8016650342722659 0.4770723103972298 0.06758080313352027 0.11816578483036745
0 0.8305582761916694 0.4470899470820619 0.0470127326146228 0.10052910052732754
0 0.8197845249674851 0.7222222222094846 0.14495592556175363 0.30511463844259057
0 0.9064642507256958 0.6349206349094371 0.10479921645342999 0.22222222221830296
0 0.952987267375583 0.5679012345578853 0.08814887365241775 0.16931216930918322
0 0.9094025465141098 0.4911816578396617 0.04799216454409411 0.10405643738793552
0 0.8947110675720401 0.43915343914569394 0.04603330068515149 0.08818342151519959
0 0.940254652292456 0.4656084656002538 0.0470127326146228 0.10229276895763152
0 0.9848188050834005 0.43738977071539 0.030362389813610557 0.08112874779398362
