0 0.05408163265195752 0.5885558582945898 0.0714285714271137 0.0980926430490983
0 0.18469387754725114 0.5231607629285242 0.06734693877413578 0.09264305176859283
0 0.27551020407601 0.4972752043461233 0.05714285714169096 0.07901907356732918
0 0.3357142857074344 0.49046321524549147 0.05102040816222408 0.070844686646571
0 0.41632653060374847 0.46321525884296416 0.04081632652977926 0.070844686646571
0 0.4469387755010829 0.4536784741020796 0.03673469387680133 0.06811989100631827
0 0.49999999998979594 0.4373297002605632 0.03673469387680133 0.0626702997258128
0 0.5428571428460641 0.4373297002605632 0.03673469387680133 0.05177111716480188
0 0.5938775510082882 0.4264305176995523 0.02857142857084548 0.05177111716480188
0 0.6183673469261558 0.4114441416781623 0.02857142857084548 0.04359673024404369
0 0.6775510203943357 0.4032697547574041 0.02857142857084548 0.04904632152454915
0 0.7806122448820284 0.4536784741020796 0.07551020408009163 0.0899182561283401
