0 0.12109374999940872 0.8108723958280543 0.11425781249944211 0.16731770833224405
0 0.07641601562462688 0.5764973958295802 0.06689453124967337 0.11263020833260007
0 0.037109374999818805 0.49283854166345814 0.0400390624998045 0.06770833333289253
0 0.08154296874960185 0.49641927083010146 0.03808593749981404 0.059244791666280966
0 0.15087890624926328 0.4833984374968529 0.03320312499983788 0.04101562499973298
0 0.16894531249917508 0.45475260416370605 0.025390624999876023 0.031901041666458976
0 0.20898437499897957 0.4443359374971072 0.025390624999876023 0.030598958333134123
0 0.21411132812395456 0.5058593749967066 0.051269531249749666 0.06770833333289253
0 0.20581054687399508 0.5983072916627715 0.08837890624956847 0.12109374999921163
0 0.2558593749987507 0.5133463541633246 0.03808593749981404 0.05533854166630639
0 0.2971191406235492 0.512369791663331 0.03857421874981165 0.04296874999972026
0 0.3210449218734324 0.4716796874969292 0.027832031249864102 0.03580729166643355
0 0.2917480468735755 0.4619140624969928 0.02001953124990225 0.03450520833310869
0 0.2648925781237066 0.4690755208302795 0.027832031249864102 0.031901041666458976
0 0.36303710937322736 0.5621744791630067 0.053222656249740125 0.07226562499952953
0 0.369873046873194 0.512369791663331 0.03857421874981165 0.04947916666634454
0 0.3671874999982071 0.4661458333302986 0.022460937499890327 0.03124999999979655
0 0.40844726562300565 0.47493489583024134 0.027832031249864102 0.03580729166643355
0 0.42749023437291267 0.4606119791636679 0.018066406249911786 0.031901041666458976
0 0.44848632812281014 0.548828124996427 0.051269531249749666 0.07812499999949138
0 0.4873046874976206 0.620442708329294 0.09374999999954224 0.13151041666581048
0 0.4892578124976111 0.5133463541633246 0.03515624999982834 0.059244791666280966
0 0.45483398437277917 0.5003255208300761 0.03369140624983549 0.04752604166635725
0 0.47363281249768735 0.466796874996961 0.024414062499880793 0.03776041666642083
0 0.5964355468720878 0.5462239583297772 0.04052734374980212 0.05208333333299425
0 0.6308593749969197 0.5745442708295928 0.06835937499966621 0.0787760416661538
0 0.7192382812464881 0.6409505208291605 0.09277343749954702 0.12825520833249834
0 0.7548828124963141 0.5237630208299234 0.055664062499728204 0.07617187499950409
0 0.7038574218715632 0.5279947916632293 0.034667968749830726 0.058593749999618534
0 0.6948242187466074 0.47265624999692285 0.03027343749985218 0.044270833333045115
0 0.660888671871773 0.4791666666635471 0.034667968749830726 0.03906249999974569
0 0.6318359374969149 0.4860026041635026 0.022460937499890327 0.038411458333083265
0 0.614013671872002 0.47688802083022863 0.021972656249892714 0.03580729166643355
0 0.5839843749971485 0.4833984374968529 0.02343749999988556 0.03320312499978384
0 0.5366210937473798 0.4602864583303367 0.026367187499871256 0.03515624999977112
0 0.5527343749973012 0.47330729166358526 0.022460937499890327 0.03124999999979655
0 0.5742187499971962 0.45019531249706907 0.026367187499871256 0.04101562499973298
0 0.8376464843709099 0.5618489583296755 0.0649414062496829 0.08984374999941508
0 0.8151855468710196 0.5172526041632992 0.03173828124984503 0.06315104166625553
0 0.9238281249954892 0.6722005208289571 0.12304687499939919 0.19466145833206602
0 0.9814453124952078 0.552083333329739 0.037109374999818805 0.11067708333261278
0 0.8610839843707956 0.5338541666631911 0.05029296874975443 0.07812499999949138
