0 0.030468749999761964 0.5207031249959321 0.04218749999967041 0.046093749999639895
0 0.06289062499950868 0.5003906249960908 0.03359374999973755 0.041406249999676514
0 0.09296874999927368 0.5234374999959107 0.02656249999979248 0.03906249999969483
0 0.12734374999900513 0.4914062499961609 0.03593749999971924 0.03749999999970703
0 0.14687499999885253 0.5179687499959534 0.031249999999755862 0.03593749999971924
0 0.1722656249986542 0.5242187499959046 0.02734374999978638 0.03281249999974365
0 0.18554687499855044 0.5492187499957093 0.03359374999973755 0.04218749999967041
0 0.2015624999984253 0.5308593749958527 0.02656249999979248 0.03359374999973755
0 0.20898437499836733 0.5093749999960205 0.02890624999977417 0.02968749999976807
0 0.23984374999812624 0.48437499999621586 0.02968749999976807 0.03437499999973145
0 0.25351562499801944 0.5460937499957337 0.03203124999974976 0.03906249999969483
0 0.24335937499809876 0.5257812499958924 0.022656249999823 0.02968749999976807
0 0.271874999997876 0.5207031249959321 0.028124999999780274 0.03203124999974976
0 0.29374999999770507 0.5269531249958832 0.028124999999780274 0.03203124999974976
0 0.32890624999743046 0.5453124999957398 0.03437499999973145 0.03906249999969483
0 0.32812499999743655 0.5171874999959595 0.02499999999980469 0.03593749999971924
0 0.3046874999976196 0.5089843749960236 0.02499999999980469 0.025781249999798587
0 0.3570312499972107 0.5046874999960571 0.02656249999979248 0.031249999999755862
0 0.3609374999971802 0.5371093749958039 0.02968749999976807 0.03203124999974976
0 0.40351562499684757 0.5445312499957459 0.030468749999761964 0.03749999999970703
0 0.38749999999697265 0.5175781249959565 0.023437499999816896 0.02890624999977417
0 0.40742187499681703 0.5085937499960267 0.019531249999847414 0.031249999999755862
0 0.42929687499664615 0.4929687499961487 0.02421874999981079 0.02656249999979248
0 0.42851562499665224 0.528906249995868 0.035156249999725345 0.03593749999971924
0 0.4664062499963562 0.5406249999957764 0.03593749999971924 0.03906249999969483
0 0.45312499999646 0.5046874999960571 0.02968749999976807 0.031249999999755862
0 0.4792968749962555 0.49726562499611515 0.02890624999977417 0.035156249999725345
0 0.4933593749961457 0.5332031249958343 0.025781249999798587 0.03203124999974976
0 0.5226562499959168 0.535937499995813 0.02656249999979248 0.03749999999970703
0 0.5222656249959198 0.5050781249960541 0.030468749999761964 0.030468749999761964
0 0.4992187499960999 0.5042968749960602 0.020312499999841308 0.02734374999978638
0 0.5539062499956726 0.5265624999958862 0.03593749999971924 0.040624999999682616
0 0.5644531249955902 0.5054687499960511 0.02421874999981079 0.02968749999976807
0 0.5871093749954133 0.5207031249959321 0.025781249999798587 0.03828124999970093
0 0.5894531249953949 0.4953124999961304 0.025781249999798587 0.02656249999979248
0 0.6152343749951935 0.5175781249959565 0.03203124999974976 0.036718749999713134
0 0.6328124999950562 0.5445312499957459 0.02968749999976807 0.03906249999969483
0 0.6515624999949097 0.5152343749959748 0.028124999999780274 0.03203124999974976
0 0.6882812499946228 0.5113281249960053 0.02499999999980469 0.02734374999978638
0 0.6890624999946168 0.5339843749958283 0.02656249999979248 0.03359374999973755
0 0.7195312499943787 0.5292968749958649 0.021874999999829104 0.036718749999713134
0 0.6765624999947144 0.4999999999960938 0.021874999999829104 0.02968749999976807
0 0.7617187499940491 0.5339843749958283 0.03437499999973145 0.039843749999688725
0 0.7820312499938904 0.5394531249957856 0.023437499999816896 0.03359374999973755
0 0.7820312499938904 0.5085937499960267 0.02656249999979248 0.031249999999755862
0 0.8058593749937043 0.5339843749958283 0.02421874999981079 0.041406249999676514
0 0.8285156249935273 0.5324218749958405 0.03828124999970093 0.041406249999676514
0 0.853124999993335 0.528124999995874 0.02499999999980469 0.03593749999971924
0 0.8703124999932007 0.5195312499959411 0.03281249999974365 0.03749999999970703
0 0.9074218749929108 0.5269531249958832 0.02890624999977417 0.03828124999970093
0 0.9386718749926667 0.5222656249959198 0.030468749999761964 0.036718749999713134
0 0.9667968749924469 0.5414062499957703 0.03828124999970093 0.03906249999969483
0 0.6261718749951081 0.6277343749950959 0.035156249999725345 0.041406249999676514
0 0.702343749994513 0.6300781249950775 0.03593749999971924 0.046093749999639895
0 0.7785156249939179 0.6249999999951172 0.039843749999688725 0.04374999999965821
0 0.8730468749931793 0.6367187499950256 0.04921874999961548 0.051562499999597174
