0 0.9045454545290083 0.6951219512006742 0.13272727272485949 0.20867208671521212
0 0.8027272727126776 0.5216802167880303 0.04181818181742149 0.067750677504939
0 0.7663636363497024 0.5745257452418827 0.05272727272631405 0.08672086720632192
0 0.7181818181687603 0.5243902438882279 0.032727272726677685 0.05691056910414876
0 0.6699999999878181 0.5487804877900059 0.030909090908528922 0.05149051490375364
0 0.6099999999889091 0.5311653116387218 0.01999999999963636 0.03252032520237072
0 0.5845454545348264 0.5352303522890182 0.030909090908528922 0.046070460703358525
0 0.5536363636262975 0.5623306232909937 0.059999999998909086 0.10027100270730972
0 0.447272727264595 0.5636856368410925 0.0363636363629752 0.05962059620434632
0 0.43181818181033055 0.47289972898447424 0.01999999999963636 0.0406504065029634
0 0.4081818181743967 0.5813008129923767 0.059999999998909086 0.08943089430651949
0 0.3709090909023471 0.542005420039512 0.03999999999927272 0.07046070460513656
0 0.32636363635770244 0.6205962059452412 0.07818181818039668 0.11382113820829752
0 0.27636363635861155 0.5745257452418827 0.05090909090816528 0.07588075880553169
0 0.291818181812876 0.5406504064894132 0.030909090908528922 0.046070460703358525
0 0.34181818181196694 0.5338753387389193 0.032727272726677685 0.05962059620434632
0 0.2590909090861983 0.5230352303381292 0.030909090908528922 0.04336043360316096
0 0.22636363635952064 0.5189701896878328 0.03818181818112396 0.05149051490375364
0 0.16363636363338843 0.560975609740895 0.061818181817057845 0.08672086720632192
0 0.12090909090689256 0.5203252032379315 0.016363636363338842 0.037940379402765845
0 0.1009090909072562 0.5650406503911913 0.030909090908528922 0.046070460703358525
0 0.09909090908910743 0.5257452574383267 0.01999999999963636 0.037940379402765845
0 0.08545454545299173 0.5203252032379315 0.014545454545190082 0.027100271001975602
0 0.060909090907983465 0.5216802167880303 0.030909090908528922 0.046070460703358525
0 0.028181818181305784 0.5067750677369437 0.01999999999963636 0.03252032520237072
0 0.4718181818096033 0.5325203251888205 0.023636363635933882 0.03523035230256828
0 0.3699999999932727 0.4634146341337828 0.01999999999963636 0.027100271001975602
0 0.978181818164033 0.585365853642673 0.0363636363629752 0.07588075880553169
0 0.9563636363462479 0.5514905148902035 0.029090909090380163 0.05149051490375364
0 0.951818181800876 0.5243902438882279 0.027272727272231404 0.046070460703358525
0 0.9872727272547768 0.529810298088623 0.02545454545408264 0.05691056910414876
