0 0.06666666666555555 0.06124999999846875 0.06666666666555555 0.10749999999731251
0 0.11916666666468055 0.053749999998656255 0.05499999999908333 0.09749999999756251
0 0.15916666666401388 0.0324999999991875 0.048333333332527775 0.0599999999985
0 0.01833333333302778 0.1424999999964375 0.03333333333277778 0.224999999994375
0 0.22583333332956945 0.09624999999759376 0.08833333333186111 0.1424999999964375
0 0.32916666666118055 0.053749999998656255 0.06833333333219445 0.1024999999974375
0 0.3758333333270694 0.3224999999919375 0.21499999999641667 0.38999999999025003
0 0.4408333333259861 0.15124999999621877 0.15499999999741668 0.2424999999939375
0 0.6024999999899583 0.05624999999859375 0.07499999999875 0.10749999999731251
0 0.6316666666561389 0.0624999999984375 0.04666666666588889 0.119999999997
