0 0.024528301886329654 0.7121212120972349 0.04150943396148095 0.07070707070469
0 0.08207547169656461 0.7457912457661349 0.04716981131986472 0.07744107743847
0 0.08773584905494837 0.7020202019965649 0.03584905660309719 0.06397306397090999
0 0.1481132075443752 0.762626262600585 0.0660377358478106 0.12457912457492999
0 0.1660377358459238 0.6902356902124499 0.052830188678248485 0.10101010100669999
0 0.21509433961858312 0.7356902356654649 0.06792452830060519 0.13804713804249
0 0.27547169810801 0.7272727272482399 0.04150943396148095 0.09427609427292
0 0.371698113200534 0.6952861952627849 0.052830188678248485 0.09764309763981
0 0.46132075470827694 0.6464646464428799 0.039622641508686364 0.08080808080535999
0 0.4452830188595229 0.48821548819905 0.04150943396148095 0.08080808080535999
0 0.44056603772753644 0.8299663299383849 0.08490566037575649 0.20538720538028998
0 0.5716981131967603 0.772727272701255 0.07547169811178354 0.13804713804249
0 0.6566037735725169 0.8417508417224999 0.1169811320732645 0.20202020201339999
0 0.6452830188557493 0.7171717171475699 0.07169811320619437 0.15488215487694
0 0.7632075471554112 0.772727272701255 0.07735849056457814 0.15151515151005
0 0.7735849056457814 0.7188552188310149 0.07547169811178354 0.13804713804249
