0 0.03461538461485207 0.5999999999850001 0.04153846153782249 0.09499999999762501
0 0.019230769230473375 0.35624999999109375 0.01692307692281657 0.037499999999062505
0 0.10538461538299408 0.5787499999855312 0.04153846153782249 0.0724999999981875
0 0.10538461538299408 0.45999999998850005 0.03846153846094675 0.064999999998375
0 0.08846153846017751 0.34624999999134376 0.01999999999969231 0.037499999999062505
0 0.1099999999983077 0.3224999999919375 0.01692307692281657 0.039999999999
0 0.13307692307487576 0.3374999999915625 0.01692307692281657 0.034999999999125
0 0.14846153845925444 0.4112499999897188 0.026153846153443787 0.047499999998812506
0 0.16846153845894676 0.5487499999862813 0.03230769230719527 0.0624999999984375
0 0.19692307692004735 0.514999999987125 0.0307692307687574 0.04999999999875
0 0.17461538461269824 0.38249999999043754 0.01999999999969231 0.044999999998875
0 0.189230769227858 0.30749999999231253 0.0153846153843787 0.02999999999925
0 0.20538461538145564 0.3674999999908125 0.01692307692281657 0.034999999999125
0 0.2046153846122367 0.34499999999137504 0.0153846153843787 0.024999999999375
0 0.22384615384271006 0.3337499999916563 0.01384615384594083 0.0274999999993125
0 0.22538461538114793 0.42624999998934376 0.026153846153443787 0.0624999999984375
0 0.2423076923039645 0.39499999999012503 0.01692307692281657 0.034999999999125
0 0.25615384614990533 0.5487499999862813 0.03230769230719527 0.06749999999831251
0 0.29461538461085207 0.5037499999874063 0.026153846153443787 0.0524999999986875
0 0.272307692303503 0.46499999998837505 0.02461538461500592 0.044999999998875
0 0.2892307692263195 0.439999999989 0.021538461538130178 0.034999999999125
0 0.26076923076521896 0.3687499999907813 0.01384615384594083 0.0224999999994375
0 0.24538461538084025 0.3274999999918125 0.010769230769065089 0.024999999999375
0 0.30076923076460355 0.29624999999259377 0.01384615384594083 0.0224999999994375
0 0.28538461538022486 0.39499999999012503 0.01692307692281657 0.02999999999925
0 0.3084615384567929 0.3637499999909063 0.01384615384594083 0.0274999999993125
0 0.3299999999949231 0.39874999999003125 0.01692307692281657 0.0274999999993125
0 0.3230769230719527 0.43374999998915625 0.018461538461254437 0.0324999999991875
0 0.331538461533361 0.47124999998821876 0.01999999999969231 0.0424999999989375
0 0.3407692307639882 0.5299999999867501 0.029230769230319528 0.064999999998375
0 0.3761538461480592 0.5087499999872813 0.02307692307656805 0.0524999999986875
0 0.3830769230710296 0.47124999998821876 0.021538461538130178 0.0424999999989375
0 0.3615384615328994 0.43499999998912503 0.018461538461254437 0.034999999999125
0 0.37153846153274556 0.39874999999003125 0.01384615384594083 0.0274999999993125
0 0.3776923076864971 0.3737499999906563 0.01384615384594083 0.0274999999993125
0 0.37153846153274556 0.30499999999237504 0.010769230769065089 0.024999999999375
0 0.4215384615319763 0.2937499999926563 0.01230769230750296 0.0224999999994375
0 0.43307692307026036 0.3612499999909688 0.01384615384594083 0.0274999999993125
0 0.4284615384549468 0.39624999999009375 0.01692307692281657 0.0324999999991875
0 0.41461538460900593 0.42124999998946877 0.01692307692281657 0.0324999999991875
0 0.4284615384549468 0.46999999998825004 0.01999999999969231 0.034999999999125
0 0.42769230768572786 0.5162499999870938 0.02769230769188166 0.05749999999856251
0 0.45692307691604733 0.4837499999879063 0.02461538461500592 0.0524999999986875
0 0.473076923069645 0.42499999998937504 0.01692307692281657 0.034999999999125
0 0.46307692306979886 0.38874999999028126 0.0153846153843787 0.0324999999991875
0 0.48692307691558584 0.3612499999909688 0.01384615384594083 0.0224999999994375
0 0.4838461538387101 0.29624999999259377 0.01384615384594083 0.0224999999994375
0 0.5099999999921538 0.319999999992 0.010769230769065089 0.024999999999375
0 0.5330769230687219 0.42249999998943755 0.01999999999969231 0.034999999999125
0 0.508461538453716 0.46874999998828126 0.02307692307656805 0.0424999999989375
0 0.5130769230690296 0.5274999999868125 0.029230769230319528 0.0599999999985
0 0.5423076922993492 0.5037499999874063 0.026153846153443787 0.047499999998812506
0 0.5653846153759172 0.46999999998825004 0.01692307692281657 0.039999999999
0 0.544615384607006 0.3712499999907188 0.01230769230750296 0.0274999999993125
0 0.5599999999913846 0.30999999999225003 0.0153846153843787 0.02999999999925
0 0.5938461538370178 0.3212499999919688 0.01230769230750296 0.0224999999994375
0 0.5715384615296687 0.38624999999034376 0.01692307692281657 0.0274999999993125
0 0.5999999999907693 0.43124999998921876 0.018461538461254437 0.037499999999062505
0 0.5815384615295148 0.504999999987375 0.02461538461500592 0.04999999999875
0 0.6099999999906154 0.514999999987125 0.026153846153443787 0.0599999999985
0 0.6276923076826509 0.47374999998815626 0.018461538461254437 0.037499999999062505
0 0.6523076922976568 0.5062499999873438 0.02769230769188166 0.0524999999986875
0 0.6230769230673373 0.39124999999021876 0.0153846153843787 0.0274999999993125
0 0.649230769220781 0.3662499999908438 0.01230769230750296 0.0274999999993125
0 0.685384615374071 0.31124999999221875 0.01384615384594083 0.0274999999993125
0 0.6707692307589113 0.38749999999031254 0.0153846153843787 0.02999999999925
0 0.6576923076821893 0.43624999998909375 0.01999999999969231 0.037499999999062505
0 0.6892307692201657 0.47249999998818754 0.021538461538130178 0.039999999999
0 0.7099999999890769 0.5237499999869063 0.03230769230719527 0.0624999999984375
0 0.7246153846042367 0.47749999998806253 0.018461538461254437 0.034999999999125
0 0.7015384615276686 0.43249999998918753 0.018461538461254437 0.039999999999
0 0.7146153846043906 0.39499999999012503 0.01999999999969231 0.02999999999925
0 0.7276923076811125 0.3662499999908438 0.021538461538130178 0.0224999999994375
0 0.7515384615268994 0.39874999999003125 0.01384615384594083 0.0274999999993125
0 0.7615384615267456 0.42874999998928126 0.021538461538130178 0.037499999999062505
0 0.756923076911432 0.4862499999878438 0.02461538461500592 0.0424999999989375
0 0.8130769230644143 0.5362499999865937 0.03846153846094675 0.0624999999984375
0 0.803846153833787 0.47124999998821876 0.02307692307656805 0.0424999999989375
0 0.8292307692180119 0.43249999998918753 0.018461538461254437 0.034999999999125
0 0.8023076922953492 0.4012499999899688 0.01692307692281657 0.0274999999993125
0 0.7984615384492545 0.3337499999916563 0.01230769230750296 0.0274999999993125
0 0.8361538461409823 0.3224999999919375 0.01384615384594083 0.024999999999375
0 0.874615384601929 0.3262499999918438 0.01384615384594083 0.0324999999991875
0 0.863076923063645 0.39624999999009375 0.0153846153843787 0.0274999999993125
0 0.8784615384480237 0.43624999998909375 0.021538461538130178 0.0424999999989375
0 0.8607692307559882 0.5074999999873125 0.029230769230319528 0.054999999998625
0 0.8923076922939646 0.4874999999878125 0.0153846153843787 0.034999999999125
0 0.9123076922936568 0.484999999987875 0.018461538461254437 0.044999999998875
0 0.9215384615242841 0.519999999987 0.0307692307687574 0.0599999999985
0 0.9446153846008521 0.5524999999861875 0.03384615384563314 0.0599999999985
0 0.9199999999858463 0.3237499999919063 0.0153846153843787 0.0324999999991875
