0 0.09492187499925843 0.4413833528670412 0.035156249999725345 0.06447831183980682
0 0.16640624999869996 0.42086752637255725 0.03437499999973145 0.06565064478234876
0 0.1933593749984894 0.45310668229246065 0.025781249999798587 0.05509964829947128
0 0.2257812499982361 0.4402110199244993 0.02656249999979248 0.05509964829947128
0 0.24453124999808962 0.4525205158211897 0.028124999999780274 0.05627198124201323
0 0.2632812499979431 0.48944900351126086 0.03593749999971924 0.05509964829947128
0 0.28828124999774785 0.4443141852233961 0.02499999999980469 0.05392731535692934
0 0.3179687499975159 0.46834701054550587 0.031249999999755862 0.057444314184555166
0 0.3222656249974823 0.43493552168306054 0.02734374999978638 0.0445486518165938
0 0.35898437499719543 0.4320046893267057 0.025781249999798587 0.04806565064421963
0 0.3593749999971924 0.4736225087869446 0.02968749999976807 0.05392731535692934
0 0.2636718749979401 0.6055099648229131 0.04296874999966431 0.07854630715031012
0 0.32031249999749756 0.5826494724433453 0.03749999999970703 0.06799531066743264
0 0.3828124999970093 0.6025791324665583 0.03593749999971924 0.06330597889726487
0 0.4117187499967835 0.5539273153510677 0.031249999999755862 0.057444314184555166
0 0.4523437499964661 0.6125439624781648 0.031249999999755862 0.05978898006963905
0 0.3992187499968811 0.4718640093731317 0.02499999999980469 0.050410316529303514
0 0.4128906249967743 0.4337631887405186 0.02890624999977417 0.05158264947184545
0 0.43749999999658207 0.43669402109687344 0.02499999999980469 0.04572098475913575
0 0.4621093749963898 0.42848769049907987 0.02734374999978638 0.05509964829947128
0 0.47617187499627994 0.43083235638416373 0.03203124999974976 0.05509964829947128
0 0.5117187499960022 0.43317702226924765 0.028124999999780274 0.04806565064421963
0 0.5496093749957062 0.4196951934300153 0.030468749999761964 0.06565064478234876
0 0.5718749999955323 0.44724501757975094 0.02656249999979248 0.04572098475913575
0 0.5910156249953827 0.4279015240278089 0.02421874999981079 0.05158264947184545
0 0.6199218749951569 0.4841735052698221 0.025781249999798587 0.04220398593150992
0 0.5789062499954774 0.5943728018687647 0.02968749999976807 0.05627198124201323
0 0.649218749994928 0.5855803047997001 0.03593749999971924 0.06447831183980682
0 0.633984374995047 0.4583821805338994 0.02734374999978638 0.0445486518165938
0 0.649609374994925 0.41676436107366044 0.021093749999835206 0.04806565064421963
0 0.6671874999947877 0.45896834700517036 0.02656249999979248 0.05509964829947128
0 0.6902343749946076 0.48182883938473825 0.025781249999798587 0.05627198124201323
0 0.6906249999946046 0.42672919108526697 0.02656249999979248 0.05158264947184545
0 0.7124999999944336 0.4320046893267057 0.028124999999780274 0.04572098475913575
0 0.7207031249943695 0.4689331770167769 0.030468749999761964 0.05861664712709711
0 0.755468749994098 0.48358733879855115 0.03281249999974365 0.057444314184555166
0 0.7542968749941071 0.44665885110847997 0.02421874999981079 0.05158264947184545
0 0.7726562499939637 0.45720984759135747 0.021874999999829104 0.046893317701677685
0 0.8039062499937195 0.4343493552117896 0.02968749999976807 0.050410316529303514
0 0.8210937499935852 0.4554513481775445 0.02656249999979248 0.050410316529303514
0 0.8617187499932679 0.4449003516946671 0.02968749999976807 0.04806565064421963
0 0.8945312499930115 0.45720984759135747 0.03437499999973145 0.05861664712709711
