0 0.4405797101385423 0.4574468085017902 0.08405797101327452 0.11798839458185709
0 0.8550724637557235 0.6615087040491003 0.13333333333140096 0.18955512572167205
0 0.9833333333190821 0.2649903288149905 0.03333333333285024 0.08897485493058076
0 0.9362318840444024 0.11121856866322594 0.049275362318126445 0.07543520309331847
0 0.7681159420178534 0.17891682784953739 0.06666666666570048 0.087040618953829
0 0.7144927536128334 0.0822050290119496 0.05217391304272212 0.087040618953829
0 0.6159420289765806 0.13636363636099877 0.0637681159411048 0.087040618953829
0 0.558695652165816 0.03191489361640397 0.03913043478204159 0.0522243713722974
0 0.28550724637267383 0.06673114119793556 0.04637681159353077 0.05609284332580091
0 0.25434782608327033 0.19825918761705494 0.07391304347718966 0.09477756286083602
0 0.0949275362305083 0.05609284332580091 0.08260869565097669 0.08897485493058076
