0 0.11795343137218764 0.7361111111081041 0.09497549019578745 0.1397058823523705
0 0.17371323529358543 0.6419526143764627 0.06740196078410722 0.09272875816955585
0 0.23360906862673525 0.5976307189518071 0.04932598039200574 0.06781045751606286
0 0.2749693627442556 0.6115196078406392 0.05729166666649114 0.07189542483630762
0 0.2745098039207276 0.5539215686251883 0.03431372549009095 0.049836601306985966
0 0.3149509803911919 0.5314542483638421 0.026960784313642887 0.04493464052269226
0 0.32643995097939205 0.512459150324704 0.02175245098032551 0.033088235293982485
0 0.282935049018741 0.46262254901771804 0.02236519607836285 0.038807189542325135
0 0.34528186274404016 0.46200980391968133 0.020220588235232168 0.03594771241815381
0 0.43336397058690757 0.5567810457493596 0.03216911764696027 0.04575163398674121
0 0.4577205882338918 0.5633169934617511 0.03737745098027764 0.05065359477103491
0 0.5088848039200096 0.596609477121746 0.0637254901958832 0.08782679738526215
0 0.443167892155505 0.5332924836579522 0.024816176470512204 0.024918300653492983
0 0.4299938725477022 0.5238970588213894 0.028492647058736234 0.03799019607827619
0 0.9016544117619434 0.4744689542464278 0.03431372549009095 0.05269607843115729
