0 3700000000.0 15150000000.0 2600000000.0 2900000000.0
0 5000000000.0 14400000000.0 2400000000.0 2200000000.0
0 6250000000.0 16500000000.0 3300000000.0 3200000000.0
0 9200000000.0 20200000000.0 6400000000.0 6600000000.0
0 9500000000.0 14850000000.0 2400000000.0 2300000000.0
0 13900000000.0 15550000000.0 3200000000.0 3300000000.0
0 16850000000.0 18050000000.0 3500000000.0 4100000000.0
0 19000000000.0 15500000000.0 2200000000.0 2400000000.0
0 21700000000.0 16950000000.0 2800000000.0 2700000000.0
0 24850000000.0 15600000000.0 2700000000.0 2800000000.0
0 27000000000.0 8250000000.0 2000000000.0 2100000000.0
0 36600000000.0 17050000000.0 2600000000.0 3300000000.0
0 38000000000.0 19250000000.0 3000000000.0 3900000000.0
