0 0.8298611110995853 0.7657407407265603 0.07638888888782794 0.11296296296087105
0 0.941666666653588 0.733333333319753 0.06388888888800155 0.08518518518360768
0 0.979861111097502 0.6824074073947702 0.037499999999479165 0.06111111110997942
0 0.9861111110974151 0.6296296296179698 0.027777777777391977 0.055555555554526743
0 0.8111111110998457 0.5962962962852537 0.027777777777391977 0.04074074073998628
0 0.8319444444328897 0.5805555555448045 0.02499999999965278 0.04629629629543895
0 0.7506944444340181 0.6129629629516118 0.037499999999479165 0.051851851850891625
0 0.720138888878887 0.5907407407298011 0.026388888888522376 0.04074074073998628
0 0.7458333333229745 0.5749999999893518 0.02222222222191358 0.035185185184533604
0 0.6979166666569734 0.6388888888770575 0.037499999999479165 0.05925925925816186
0 0.6479166666576679 0.6185185185070644 0.037499999999479165 0.048148148147256514
0 0.650694444435407 0.5592592592489025 0.020833333333043984 0.03333333333271605
0 0.6131944444359279 0.628703703692061 0.03472222222173997 0.05370370370270919
0 0.5937499999917535 0.666666666654321 0.04027777777721837 0.06296296296179697
0 0.5437499999924479 0.724999999986574 0.05694444444365355 0.07592592592451988
0 0.49305555554870756 0.6601851851729595 0.04722222222156636 0.06481481481361454
0 0.3534722222173129 0.6814814814688614 0.05972222222139275 0.07407407407270233
0 0.34027777777305174 0.6166666666552468 0.038888888888348766 0.055555555554526743
0 0.3784722222169657 0.5870370370261659 0.026388888888522376 0.051851851850891625
0 0.42638888888296683 0.6092592592479766 0.03611111111060957 0.044444444443621396
0 0.4694444444379244 0.5759259259152606 0.027777777777391977 0.04074074073998628
0 0.5243055555482735 0.5833333333225308 0.031944444444000776 0.04074074073998628
0 0.515972222215056 0.5583333333229938 0.02361111111078318 0.03888888888816872
0 0.4840277777710552 0.5472222222120885 0.018055555555304786 0.027777777777263372
0 0.4597222222158372 0.5509259259157235 0.02499999999965278 0.035185185184533604
0 0.436111111105054 0.5620370370266289 0.019444444444174383 0.02037037036999314
0 0.3972222222167053 0.5620370370266289 0.019444444444174383 0.024074074073628257
0 0.3562499999950521 0.5592592592489025 0.02361111111078318 0.03333333333271605
0 0.29583333332922457 0.5629629629525377 0.02499999999965278 0.04074074073998628
0 0.26666666666296296 0.6101851851738854 0.03611111111060957 0.04999999999907407
0 0.26458333332965855 0.5722222222116254 0.02361111111078318 0.03333333333271605
0 0.20972222221930942 0.6435185185066015 0.04999999999930556 0.06111111110997942
0 0.20833333333043982 0.5768518518411694 0.027777777777391977 0.03888888888816872
0 0.15208333333122107 0.5916666666557099 0.031944444444000776 0.03888888888816872
0 0.1124999999984375 0.6398148148029663 0.04722222222156636 0.05370370370270919
0 0.1118055555540027 0.5833333333225308 0.031944444444000776 0.04074074073998628
0 0.04513888888826196 0.6055555555443415 0.04027777777721837 0.044444444443621396
