0 0.10814889335961696 0.30037037036814546 0.08651911468769356 0.14592592592484502
0 0.0641348088527961 0.25962962962770647 0.07696177062335532 0.11185185185102334
0 0.08702213279634295 0.19037037036896023 0.05734406438602946 0.0948148148141125
0 0.09859154929527872 0.15370370370256517 0.04527162977844431 0.07185185185131962
0 0.02439637826949499 0.11111111111028808 0.04476861166979493 0.06962962962911387
0 0.12701207243396875 0.09777777777705352 0.04778672032169121 0.06370370370323183
0 0.15216297786643782 0.08740740740675995 0.03269617706220978 0.06518518518470234
0 0.2004527162967784 0.0770370370364664 0.031690140844911015 0.060740740740290816
0 0.22007042253410428 0.04148148148117422 0.02867203219301473 0.05037037036999727
0 0.24496981891224864 0.03407407407382168 0.024144869215170298 0.04592592592558574
0 0.30080482897232996 0.028888888888674902 0.028169014084365347 0.04592592592558574
0 0.34406438631617675 0.01703703703691084 0.021126760563274012 0.029629629629410154
0 0.30910462776504477 0.2159259259243265 0.05985915492927636 0.09111111111043622
0 0.20296780684002533 0.4396296296263732 0.11116700201151325 0.18444444444307823
0 0.45950704225120975 0.45185185184850485 0.11016096579421449 0.19703703703557754
0 0.5123239436593947 0.3988888888859342 0.06790744466766646 0.12222222222131689
0 0.6053822937595302 0.43888888888563793 0.05985915492927636 0.11037037036955283
0 0.7147887323907707 0.4314814814782854 0.06136820925522451 0.1281481481471989
0 0.8855633802772356 0.46148148147806317 0.07293762575416027 0.11851851851764061
0 0.9590040241400453 0.19074074073932787 0.05482897384278255 0.0851851851845542
0 0.5460261569389033 0.31222222221990953 0.039738430583301114 0.06148148148102607
0 0.5062877263556022 0.3025925925903512 0.039738430583301114 0.07333333333279013
0 0.4371227364163123 0.27555555555351446 0.05734406438602946 0.09037037036970097
0 0.36846076458567173 0.25111111110925105 0.06187122736387389 0.10074074073999453
0 0.3068410462761225 0.1622222222210206 0.05130784708223688 0.06666666666617285
0 0.2987927565377324 0.12444444444352265 0.04325955734384678 0.05185185185146777
0 0.40769617706032346 0.0770370370364664 0.03370221327950854 0.060740740740290816
0 0.45196177062146903 0.07592592592536353 0.031690140844911015 0.043703703703379976
0 0.4786217303798862 0.21074074073917973 0.03672032193140483 0.04962962962926201
0 0.47308853118474303 0.16407407407285873 0.031690140844911015 0.046666666666320994
0 0.5052816901383034 0.14962962962852128 0.03672032193140483 0.056296296295879296
