0 0.28828124999549565 0.4638888888760031 0.045312499999291996 0.07777777777561729
0 0.3242187499949341 0.5916666666502315 0.057812499999096684 0.11666666666342593
0 0.3921874999938721 0.6513888888707948 0.07499999999882813 0.12499999999652778
0 0.38281249999401856 0.30833333332476853 0.03124999999951172 0.05555555555401235
0 0.49687499999223633 0.5208333333188657 0.037499999999414065 0.0638888888871142
0 0.6421874999899658 0.4805555555422068 0.037499999999414065 0.07222222222021606
0 0.7367187499884889 0.4930555555418596 0.051562499999194336 0.08611111110871913
0 0.7789062499878296 0.486111111097608 0.03906249999938965 0.07222222222021606
0 0.743749999988379 0.6555555555373457 0.07187499999887696 0.1277777777742284
0 0.6999999999890625 0.8722222221979938 0.13124999999794923 0.2388888888822531
0 0.9414062499852905 0.5166666666523149 0.057812499999096684 0.08888888888641976
