0 0.03429602888024737 0.5404312668317943 0.03610108303183933 0.06199460916274947
0 0.09205776173119029 0.5458221024111638 0.03610108303183933 0.05121293800401044
0 0.13628158844519347 0.5592991913595876 0.03429602888024737 0.06199460916274947
0 0.18231046931078862 0.5566037735699029 0.0324909747286554 0.05660377358337995
0 0.22202166064581189 0.5633423180441148 0.0324909747286554 0.05929919137306471
0 0.26263537905663115 0.56064690025443 0.03068592057706343 0.04851752021432568
0 0.28971119133051065 0.5229110511988434 0.0270758122738795 0.0539083557936952
0 0.3104693140738182 0.5404312668317943 0.0324909747286554 0.05660377358337995
0 0.3438628158782696 0.5377358490421096 0.03068592057706343 0.06199460916274947
0 0.36823104692476116 0.56064690025443 0.0324909747286554 0.0539083557936952
0 0.4052346570323965 0.5417789757266367 0.03068592057706343 0.05929919137306471
0 0.42689530685150007 0.5404312668317943 0.03068592057706343 0.05660377358337995
0 0.46570397111072737 0.521563342304001 0.0324909747286554 0.05660377358337995
0 0.47924187724766715 0.578167115887381 0.041516245486615234 0.067385444742119
0 0.4999999999909747 0.5444743935163214 0.02527075812228753 0.0539083557936952
0 0.5243682310374663 0.5768194069925385 0.0379061371834313 0.06469002695243423
0 0.5288808664164462 0.5161725067246314 0.028880866425471465 0.05121293800401044
0 0.5685920577514695 0.5363881401472672 0.028880866425471465 0.0539083557936952
0 0.5812274368126132 0.5660377358337996 0.0324909747286554 0.0539083557936952
0 0.6074007220106967 0.5269541778833705 0.03068592057706343 0.05660377358337995
0 0.6353790613603723 0.539083557936952 0.03610108303183933 0.06469002695243423
0 0.6714801443922116 0.5471698113060062 0.0324909747286554 0.07008086253180375
0 0.6859205776049473 0.56064690025443 0.03610108303183933 0.06469002695243423
0 0.7310469313947464 0.56064690025443 0.03610108303183933 0.0539083557936952
0 0.7635379061234019 0.5458221024111638 0.028880866425471465 0.06199460916274947
0 0.7969314079278532 0.5525606468853758 0.03068592057706343 0.06469002695243423
0 0.8447653429450404 0.5485175202008487 0.03610108303183933 0.067385444742119
0 0.9016245487201873 0.5660377358337996 0.0379061371834313 0.06469002695243423
0 0.9521660649647624 0.5431266846214791 0.041516245486615234 0.067385444742119
