0 0.06937499999956641 0.8106841611920275 0.11999999999925 0.15557638237904806
0 0.286562499998209 0.7272727272659113 0.08812499999944921 0.15370196813351733
0 0.24562499999846485 0.6251171508844883 0.06374999999960156 0.11433926897737266
0 0.1559374999990254 0.613870665411304 0.05687499999964453 0.07497656982122797
0 0.062187499999611325 0.6419868790942646 0.06812499999957422 0.10871602624078056
0 0.031249999999804687 0.5960637300787623 0.042499999999734375 0.06935332708463587
0 0.07281249999954492 0.5698219306413326 0.04437499999972266 0.06560449859357448
0 0.08156249999949024 0.5201499531347691 0.02187499999986328 0.03373945641955259
0 0.1053124999993418 0.5271790065555092 0.029374999999816406 0.047797563261032835
0 0.15906249999900585 0.5060918462932888 0.030624999999808594 0.05623242736592098
0 0.18124999999886718 0.5529522024315563 0.03374999999978906 0.05998125585698238
0 0.09062499999943359 0.4915651358904259 0.017499999999890624 0.02343017806913374
0 0.23624999999852345 0.5051546391705235 0.018749999999882812 0.02811621368296049
0 0.2590624999983809 0.5051546391705235 0.019374999999878906 0.035613870665083286
0 0.27562499999827733 0.49203373945180856 0.01499999999990625 0.03373945641955259
0 0.2831249999982305 0.5079662605388195 0.016249999999898436 0.024367385191899092
0 0.29906249999813084 0.5149953139595597 0.024374999999847657 0.03467666354231794
0 0.32156249999799025 0.5285848172396572 0.020624999999871094 0.04686035613826748
0 0.34312499999785545 0.5454545454494335 0.027499999999828124 0.04498594189273678
0 0.3387499999978828 0.5079662605388195 0.018749999999882812 0.03186504217402189
0 0.3662499999977109 0.5304592314851879 0.02499999999984375 0.03936269915614469
0 0.3893749999975664 0.514526710398177 0.018749999999882812 0.03186504217402189
0 0.38593749999758786 0.4840674789083031 0.014374999999910156 0.02717900656019514
0 0.413124999997418 0.5477975632563469 0.027499999999828124 0.06279287722527843
0 0.419999999997375 0.5290534208010399 0.026249999999835936 0.03842549203337933
0 0.4118749999974258 0.49437675725872193 0.013749999999914062 0.030927835051256538
0 0.4174999999973906 0.49812558574978333 0.013749999999914062 0.02717900656019514
0 0.4346874999972832 0.48687910027659914 0.014374999999910156 0.02343017806913374
0 0.47218749999704884 0.57638238050069 0.034374999999785154 0.07310215557569727
0 0.4624999999971094 0.5318650421693359 0.02874999999982031 0.03842549203337933
0 0.4728124999970449 0.5084348641002022 0.024374999999847657 0.03467666354231794
0 0.45218749999717384 0.5014058106794621 0.018124999999886718 0.02249297094636839
0 0.4859374999969629 0.498594189311166 0.013124999999917968 0.020618556700837693
0 0.5053124999968418 0.49250234301319123 0.01687499999989453 0.021555763823603042
0 0.5009374999968691 0.517338331766473 0.01687499999989453 0.02999062792849119
0 0.5193749999967538 0.5712277413254806 0.03249999999979687 0.06841611996187053
0 0.5171874999967676 0.5281162136782745 0.020624999999871094 0.036551077787848635
0 0.5496874999965644 0.5168697282050904 0.020624999999871094 0.036551077787848635
0 0.5309374999966816 0.5107778819071156 0.015624999999902344 0.024367385191899092
0 0.5562499999965235 0.6162136832182173 0.04624999999971094 0.09840674789036172
0 0.607187499996205 0.5632614807819751 0.03687499999976953 0.06560449859357448
0 0.6040624999962246 0.5328022492921013 0.029374999999816406 0.03842549203337933
0 0.586874999996332 0.5121836925912636 0.016249999999898436 0.02905342080572584
0 0.6387499999960078 0.5960637300787623 0.04749999999970313 0.09184629803100426
0 0.6384374999960097 0.517338331766473 0.02687499999983203 0.048734770383798184
0 0.6774999999957656 0.5421743205197548 0.02874999999982031 0.05342080599762493
0 0.6828124999957325 0.5220243673802998 0.020624999999871094 0.043111527647206084
0 0.7046874999955957 0.5834114339214301 0.04312499999973047 0.08716026241717752
0 0.7618749999952382 0.5313964386079533 0.031249999999804687 0.06560449859357448
0 0.7349999999954062 0.5318650421693359 0.026249999999835936 0.042174320524440735
0 0.7749999999951562 0.5388940955900761 0.026249999999835936 0.048734770383798184
0 0.826249999994836 0.5384254920286934 0.03499999999978125 0.06654170571633983
0 0.8293749999948163 0.6883786316711493 0.07374999999953906 0.1302717900643836
0 0.9174999999942656 0.6340206185507591 0.06374999999960156 0.09840674789036172
0 0.9774999999938906 0.5670103092730365 0.04499999999971875 0.07497656982122797
