0 0.06187499999922656 0.6033333333232778 0.08624999999892187 0.12666666666455556
0 0.1199999999985 0.5408333333243195 0.03749999999953125 0.05833333333236111
0 0.12312499999846094 0.5049999999915833 0.03874999999951562 0.04666666666588889
0 0.19687499999753905 0.5674999999905417 0.05624999999929687 0.08833333333186111
0 0.19624999999754686 0.5074999999915416 0.03749999999953125 0.048333333332527775
0 0.23749999999703122 0.49749999999170835 0.0349999999995625 0.05833333333236111
0 0.2881249999963984 0.479999999992 0.026249999999671873 0.04333333333261111
0 0.26249999999671875 0.7016666666549722 0.10499999999868749 0.1499999999975
0 0.3443749999956953 0.5724999999904583 0.04624999999942187 0.06833333333219445
0 0.38999999999512497 0.5183333333246944 0.03749999999953125 0.053333333332444444
0 0.37187499999535156 0.5083333333248611 0.023749999999703123 0.03999999999933333
0 0.38999999999512497 0.4833333333252778 0.02249999999971875 0.03333333333277778
0 0.3437499999957031 0.4916666666584722 0.024999999999687498 0.03666666666605556
0 0.44562499999442967 0.5349999999910833 0.03874999999951562 0.053333333332444444
0 0.4306249999946172 0.4891666666585139 0.023749999999703123 0.03166666666613889
0 0.4331249999945859 0.4691666666588472 0.013749999999828124 0.021666666666305553
0 0.48249999999396875 0.4908333333251528 0.01999999999975 0.03166666666613889
0 0.48687499999391404 0.4708333333254861 0.018749999999765624 0.021666666666305553
0 0.4743749999940703 0.4766666666587222 0.016249999999796875 0.026666666666222222
0 0.5106249999936172 0.5124999999914583 0.028749999999640622 0.04166666666597222
0 0.5118749999936015 0.4699999999921667 0.016249999999796875 0.026666666666222222
0 0.5356249999933047 0.4808333333253194 0.023749999999703123 0.04166666666597222
0 0.559999999993 0.49749999999170835 0.03749999999953125 0.05833333333236111
0 0.5918749999926015 0.49583333332506946 0.023749999999703123 0.04166666666597222
0 0.626874999992164 0.487499999991875 0.023749999999703123 0.038333333332694446
0 0.6524999999918437 0.4766666666587222 0.01749999999978125 0.026666666666222222
0 0.6681249999916484 0.4841666666585972 0.021249999999734374 0.034999999999416664
0 0.6918749999913515 0.4741666666587639 0.023749999999703123 0.03166666666613889
0 0.709999999991125 0.4691666666588472 0.01999999999975 0.03166666666613889
0 0.7274999999909062 0.502499999991625 0.027499999999656247 0.04499999999925
0 0.7124999999910937 0.5274999999912083 0.03749999999953125 0.05833333333236111
0 0.65999999999175 0.539999999991 0.03249999999959375 0.05666666666572222
0 0.616874999992289 0.5649999999905834 0.04624999999942187 0.059999999999
0 0.553124999993086 0.6299999999895 0.061249999999234375 0.09666666666505555
0 0.4731249999940859 0.7358333333210695 0.10374999999870312 0.16499999999724999
0 0.7943749999900702 0.5516666666574722 0.036249999999546874 0.06666666666555555
0 0.7593749999905077 0.5074999999915416 0.026249999999671873 0.04166666666597222
0 0.7706249999903672 0.4899999999918333 0.018749999999765624 0.03666666666605556
0 0.7856249999901797 0.4849999999919167 0.021249999999734374 0.03333333333277778
0 0.7931249999900859 0.4708333333254861 0.018749999999765624 0.03166666666613889
0 0.8118749999898516 0.4791666666586806 0.016249999999796875 0.03166666666613889
0 0.8374999999895312 0.487499999991875 0.01749999999978125 0.034999999999416664
0 0.8506249999893671 0.5033333333249445 0.026249999999671873 0.03999999999933333
0 0.8593749999892578 0.4783333333253611 0.016249999999796875 0.0299999999995
0 0.9106249999886171 0.5141666666580972 0.036249999999546874 0.06833333333219445
0 0.9356249999883046 0.479999999992 0.023749999999703123 0.03333333333277778
0 0.9606249999879921 0.49416666665843056 0.018749999999765624 0.02833333333286111
0 0.9856249999876796 0.5116666666581389 0.028749999999640622 0.04999999999916667
0 0.8737499999890781 0.5891666666568472 0.05999999999925 0.08499999999858333
0 0.8674999999891562 0.6383333333226945 0.069999999999125 0.10999999999816666
