0 0.4060269627247738 0.46723044396969104 0.022204599524011066 0.033826638477443695
0 0.481760507529883 0.47198731500558155 0.021411578112439242 0.03699788583470404
0 0.5499603489250598 0.47198731500558155 0.0166534496430083 0.03065539112018335
0 0.6185567010260226 0.4651162790648508 0.025376685170298362 0.03594080338228393
0 0.382632831083405 0.8298097251497907 0.1197462331473454 0.137420718814615
0 0.4179222838983511 0.6390063424879598 0.07137192704146414 0.09408033826539028
0 0.42942109436614256 0.5845665961883239 0.0499603489290249 0.06342494714520693
0 0.45360824741908323 0.5607822410088713 0.031720856462872954 0.051797040168585655
0 0.4333862014240017 0.5433403805439393 0.030927835051301127 0.048625792811325314
0 0.47422680411995066 0.5343551796983683 0.030134813639729304 0.03699788583470404
0 0.4651070578868747 0.5100422832927057 0.02458366375872654 0.028541226215343118
0 0.38818398096440776 0.5470401691274097 0.03568596352073207 0.060253699787946584
0 0.37787470261397405 0.5121564481975459 0.02934179222815748 0.03488372092986381
0 0.27200634416913555 0.6141649048560871 0.05233941316374037 0.08033826638392877
0 0.25218080887983996 0.8224101479828498 0.0999206978580498 0.12050739957589317
0 0.06621728786624728 0.7626849894211133 0.09595559080019068 0.11945031712347305
0 0.09238699444811747 0.6168076109871373 0.059476605867886785 0.08350951374118912
0 0.0333068992860166 0.6025369978794658 0.04916732751745308 0.07188160676456785
0 0.05233941316374037 0.5475687103536198 0.03806502775544754 0.05285412262100577
0 0.07216494845303596 0.5137420718761762 0.0333068992860166 0.04228329809680462
0 0.019429024583509685 0.5343551796983683 0.02934179222815748 0.0475687103589052
0 0.10824742267955395 0.5560253699729807 0.04203013481330666 0.048625792811325314
0 0.21213322759546288 0.6294926004161787 0.059476605867886785 0.09408033826539028
0 0.292624900870003 0.5819238900572735 0.042823156224878485 0.06236786469278681
0 0.2874702616947861 0.5332980972459482 0.02934179222815748 0.0412262156443845
0 0.30848532910143944 0.5174418604596466 0.025376685170298362 0.03488372092986381
0 0.18160190324994765 0.5665961944971819 0.04123711340173484 0.057082452430686235
0 0.19706582077559823 0.5459830866749896 0.02934179222815748 0.0412262156443845
0 0.20182394924502917 0.5232558139479572 0.02299762093558289 0.033826638477443695
0 0.22363203806325432 0.5121564481975459 0.025376685170298362 0.03488372092986381
0 0.15701823949122112 0.5475687103536198 0.03647898493230389 0.04228329809680462
0 0.14353687549450012 0.5280126849838477 0.028548770816585658 0.039112050739544275
0 0.8215701823884095 0.7087737843476875 0.07295796986460779 0.1025369978847512
0 0.7850911974561056 0.6448202959762704 0.06502775574888955 0.0951374207178104
0 0.738302934173368 0.6057082452367262 0.050753370340596723 0.07399577166940809
0 0.6966693100658472 0.5798097251524333 0.04678826328273761 0.06659619450246727
0 0.6455194290194646 0.5375264270556287 0.042823156224878485 0.06236786469278681
0 0.6114195083218762 0.5174418604596466 0.030134813639729304 0.0412262156443845
0 0.6241078509070254 0.5021141648995548 0.023790642347154715 0.03171247357260346
0 0.7434575733485849 0.5523255813895104 0.037272006343875716 0.060253699787946584
0 0.7168913560609287 0.5301268498886879 0.025376685170298362 0.03276955602502358
0 0.7049960348873514 0.5095137420664957 0.025376685170298362 0.027484143762923
0 0.6927042030079881 0.4963002114112442 0.027755749405013835 0.03699788583470404
0 0.7882632831023929 0.5528541226157204 0.030134813639729304 0.048625792811325314
0 0.8271213322694122 0.5739957716641227 0.03965107057859119 0.05285412262100577
0 0.859635210143857 0.5338266384721583 0.034892942109160247 0.057082452430686235
0 0.8992862807224482 0.5967230443911552 0.05551149881002767 0.08773784355086958
0 0.972244250587056 0.5761099365689629 0.04599524187116578 0.07188160676456785
0 0.9599524187076928 0.5301268498886879 0.03568596352073207 0.05602536997826612
0 0.9833465503490615 0.503699788578185 0.0333068992860166 0.04334038054922473
0 0.9425059476531126 0.4952431289588241 0.03409992069758842 0.0475687103589052
0 0.9238699444811748 0.5359408033769986 0.0333068992860166 0.04439746300164485
0 0.9016653449571637 0.5443974629963595 0.0333068992860166 0.04439746300164485
0 0.8659793814364316 0.5079281183878654 0.025376685170298362 0.03699788583470404
0 0.9032513877803073 0.49577167018503415 0.026962727993442008 0.040169133191964385
0 0.8433782712066347 0.49735729386366434 0.02934179222815748 0.039112050739544275
0 0.8223632037999813 0.5274841437576376 0.0333068992860166 0.05285412262100577
0 0.7854877081618915 0.5105708245189158 0.03251387787444478 0.04439746300164485
0 0.7644726407552381 0.5026427061257649 0.026962727993442008 0.04334038054922473
