0 0.08999999999836363 0.259894459096045 0.027272727272231404 0.039577836410565226
0 0.07363636363502479 0.2612137203097305 0.023636363635933882 0.036939313983194215
0 0.05636363636261157 0.26517150395078704 0.02545454545408264 0.0343007915558232
0 0.01909090909056198 0.2612137203097305 0.027272727272231404 0.042216358837936244
0 0.14727272727004959 0.25461741424130296 0.032727272726677685 0.05540897097479132
0 0.12090909090689256 0.23218997360864935 0.01999999999963636 0.02638522427371015
0 0.20272727272358676 0.26517150395078704 0.049090909090016524 0.06596306068427538
0 0.28090909090398347 0.27968337730132764 0.045454545453719006 0.0686015831116464
0 0.3627272727206777 0.29023746701081166 0.04181818181742149 0.07387862796638843
0 0.39999999999272723 0.2730870712329001 0.03999999999927272 0.05540897097479132
0 0.47272727271867765 0.26912928759184357 0.03999999999927272 0.0686015831116464
0 0.5536363636262975 0.26517150395078704 0.045454545453719006 0.07124010553901741
0 0.6563636363517025 0.26517150395078704 0.047272727271867765 0.08179419524850147
0 0.614545454534281 0.2532981530276175 0.02545454545408264 0.04749340369267827
0 0.7263636363504297 0.26912928759184357 0.03818181818112396 0.06332453825690437
0 0.7881818181674876 0.26649076516447257 0.05272727272631405 0.08443271767587249
0 0.9099999999834545 0.21635883904442324 0.030909090908528922 0.036939313983194215
0 0.9690909090732892 0.2770448548739566 0.05818181818076033 0.1055408970948406
0 0.7081818181689421 0.21899736147179427 0.023636363635933882 0.036939313983194215
0 0.7090909090780165 0.17678100263385801 0.014545454545190082 0.02638522427371015
0 0.7272727272595041 0.18073878627491455 0.010909090908892562 0.023746701846339136
0 0.7436363636228429 0.17150395777911598 0.014545454545190082 0.021108179418968122
0 0.7754545454404462 0.19525065962545513 0.016363636363338842 0.02638522427371015
0 0.7645454545315536 0.18205804748860005 0.01272727272704132 0.021108179418968122
0 0.7745454545313718 0.16622691292437397 0.014545454545190082 0.02638522427371015
0 0.8145454545306445 0.18469656991597105 0.0181818181814876 0.02638522427371015
0 0.8081818181671239 0.16622691292437397 0.01272727272704132 0.02638522427371015
0 0.8318181818030578 0.1754617414201725 0.016363636363338842 0.023746701846339136
0 0.8372727272575041 0.16094986806963194 0.01272727272704132 0.021108179418968122
0 0.849090909075471 0.1886543535570276 0.0181818181814876 0.0343007915558232
0 0.8854545454384463 0.18205804748860005 0.0181818181814876 0.031662269128452186
0 0.9390909090738346 0.19393139841176962 0.016363636363338842 0.0343007915558232
0 0.9618181818006941 0.20184696569388266 0.014545454545190082 0.02902374670108117
0 0.9827272727094049 0.21635883904442324 0.034545454544826444 0.042216358837936244
0 0.989999999982 0.1899736147707131 0.01999999999963636 0.036939313983194215
0 0.6427272727155867 0.2097625329759957 0.01999999999963636 0.039577836410565226
0 0.6118181818070578 0.21240105540336673 0.023636363635933882 0.039577836410565226
0 0.511818181808876 0.2269129287539073 0.01999999999963636 0.036939313983194215
0 0.49727272726368593 0.24670184695918992 0.01999999999963636 0.04485488126530726
