0 0.15666666666318518 0.7027777777582562 0.1399999999968889 0.18333333332824076
0 0.3233333333261481 0.5208333333188657 0.09999999999777777 0.0972222222195216
0 0.13666666666362962 0.490277777764159 0.08222222222039506 0.0972222222195216
0 0.03222222222150617 0.30694444443591823 0.05999999999866666 0.06944444444251544
0 0.18222222221817283 0.3972222222111883 0.09777777777560494 0.09999999999722223
0 0.23888888888358023 0.3055555555470679 0.0733333333317037 0.07777777777561729
0 0.1622222222186173 0.26527777777040895 0.06666666666518518 0.09166666666412038
0 0.21555555555076542 0.2277777777714506 0.053333333332148146 0.07777777777561729
0 0.2933333333268148 0.2236111111048997 0.05777777777649382 0.06944444444251544
0 0.3722222222139506 0.36249999998993054 0.07777777777604938 0.09166666666412038
0 0.46555555554520983 0.23055555554915125 0.07777777777604938 0.07222222222021606
0 0.43555555554587655 0.31111111110246914 0.06666666666518518 0.09444444444182098
0 0.6288888888749136 0.7194444444244599 0.15111111110775308 0.1777777777728395
0 0.6311111110970864 0.5458333333181713 0.13333333333037037 0.1749999999951389
0 0.5922222222090617 0.3874999999892361 0.08222222222039506 0.08611111110871913
0 0.5355555555436543 0.31249999999131944 0.06666666666518518 0.0805555555533179
0 0.5777777777649382 0.24583333332650464 0.04888888888780247 0.0638888888871142
0 0.61444444443079 0.22916666666030094 0.05111111110997531 0.07499999999791666
0 0.7299999999837777 0.18888888888364197 0.04666666666562963 0.07222222222021606
0 0.7877777777602716 0.26111111110385804 0.09555555555343209 0.11666666666342593
0 0.8988888888689135 0.3874999999892361 0.09555555555343209 0.1138888888857253
0 0.9355555555347654 0.5013888888749615 0.11111111110864197 0.16388888888433642
