0 0.15187499999810156 0.5691666666571805 0.07874999999901562 0.11499999999808333
0 0.13312499999833594 0.49499999999175 0.05374999999932812 0.07999999999866667
0 0.07187499999910156 0.45083333332581943 0.036249999999546874 0.061666666665638886
0 0.0449999999994375 0.43583333332606944 0.04249999999946875 0.06499999999891666
0 0.011874999999851562 0.3866666666602222 0.021249999999734374 0.03999999999933333
0 0.08124999999898437 0.36499999999391664 0.01749999999978125 0.023333333332944444
0 0.09812499999877343 0.35916666666068053 0.016249999999796875 0.02833333333286111
0 0.09687499999878905 0.41416666665976387 0.028749999999640622 0.04499999999925
0 0.12624999999842187 0.42166666665963887 0.0349999999995625 0.04666666666588889
0 0.17562499999780468 0.45333333332577774 0.04374999999945312 0.07333333333211112
0 0.16562499999792968 0.34666666666088886 0.026249999999671873 0.04333333333261111
0 0.13062499999836719 0.3583333333273611 0.016249999999796875 0.023333333332944444
0 0.2043749999974453 0.3783333333270278 0.021249999999734374 0.0299999999995
0 0.23187499999710154 0.43583333332606944 0.033749999999578124 0.051666666665805557
0 0.23124999999710935 0.5016666666583055 0.04249999999946875 0.06333333333227778
0 0.30749999999615624 0.5541666666574305 0.07249999999909375 0.10499999999825
0 0.3249999999959375 0.48833333332519446 0.03749999999953125 0.059999999999
0 0.25687499999678903 0.4066666666598889 0.018749999999765624 0.03333333333277778
0 0.27124999999660937 0.41583333332640277 0.024999999999687498 0.034999999999416664
0 0.3031249999962109 0.40499999999325 0.018749999999765624 0.03666666666605556
0 0.306874999996164 0.3849999999935833 0.016249999999796875 0.023333333332944444
0 0.33624999999579686 0.41333333332644445 0.02249999999971875 0.03666666666605556
0 0.33187499999585157 0.3741666666604305 0.013749999999828124 0.021666666666305553
0 0.3649999999954375 0.4408333333259861 0.027499999999656247 0.04499999999925
0 0.42124999999473434 0.5166666666580555 0.0449999999994375 0.06999999999883333
0 0.5274999999934062 0.5341666666577639 0.047499999999406246 0.08499999999858333
0 0.3624999999954687 0.37499999999375 0.0149999999998125 0.0299999999995
0 0.40812499999489843 0.382499999993625 0.013749999999828124 0.01833333333302778
0 0.42187499999472655 0.3991666666600139 0.016249999999796875 0.02833333333286111
0 0.4074999999949062 0.42083333332631945 0.024999999999687498 0.034999999999416664
0 0.4231249999947109 0.43499999999275 0.031249999999609375 0.03999999999933333
0 0.4543749999943203 0.42083333332631945 0.018749999999765624 0.03166666666613889
0 0.4587499999942656 0.38916666666018057 0.012499999999843749 0.01833333333302778
0 0.4881249999938984 0.3866666666602222 0.013749999999828124 0.023333333332944444
0 0.4993749999937578 0.397499999993375 0.018749999999765624 0.024999999999583335
0 0.5318749999933515 0.43416666665943054 0.028749999999640622 0.04166666666597222
0 0.5056249999936797 0.43999999999266665 0.023749999999703123 0.04333333333261111
0 0.48562499999392966 0.4408333333259861 0.026249999999671873 0.048333333332527775
0 0.46499999999418745 0.43583333332606944 0.01999999999975 0.03166666666613889
0 0.5512499999931093 0.3849999999935833 0.012499999999843749 0.026666666666222222
0 0.5549999999930625 0.4008333333266528 0.0149999999998125 0.024999999999583335
0 0.5681249999928984 0.40499999999325 0.016249999999796875 0.0299999999995
0 0.5818749999927265 0.419999999993 0.021249999999734374 0.03666666666605556
0 0.5931249999925859 0.39666666666005557 0.016249999999796875 0.026666666666222222
0 0.5518749999931015 0.42333333332627776 0.018749999999765624 0.026666666666222222
0 0.5406249999932422 0.4733333333254444 0.033749999999578124 0.053333333332444444
0 0.6012499999924843 0.4783333333253611 0.029999999999625 0.053333333332444444
0 0.6262499999921718 0.4791666666586806 0.0349999999995625 0.06499999999891666
0 0.6224999999922187 0.43666666665938886 0.027499999999656247 0.03666666666605556
0 0.6481249999918984 0.41499999999308335 0.021249999999734374 0.03333333333277778
0 0.6731249999915859 0.4033333333266111 0.013749999999828124 0.026666666666222222
0 0.6731249999915859 0.46249999999229163 0.031249999999609375 0.05499999999908333
0 0.6987499999912656 0.42749999999287497 0.024999999999687498 0.04499999999925
0 0.7262499999909219 0.41916666665968055 0.0149999999998125 0.024999999999583335
0 0.7512499999906094 0.4333333333261111 0.01999999999975 0.03666666666605556
0 0.7331249999908359 0.4841666666585972 0.036249999999546874 0.061666666665638886
0 0.7737499999903281 0.4583333333256944 0.01999999999975 0.03666666666605556
0 0.7974999999900312 0.43416666665943054 0.027499999999656247 0.038333333332694446
0 0.7856249999901797 0.41499999999308335 0.016249999999796875 0.026666666666222222
0 0.8218749999897266 0.4391666666593472 0.018749999999765624 0.034999999999416664
0 0.8243749999896953 0.41916666665968055 0.016249999999796875 0.024999999999583335
0 0.8399999999894999 0.43499999999275 0.01749999999978125 0.0299999999995
0 0.8631249999892109 0.4583333333256944 0.021249999999734374 0.03999999999933333
0 0.7987499999900156 0.502499999991625 0.04249999999946875 0.06833333333219445
0 0.8312499999896094 0.4966666666583889 0.0349999999995625 0.06999999999883333
0 0.8874999999889062 0.487499999991875 0.03749999999953125 0.05833333333236111
0 0.8924999999888437 0.4524999999924583 0.027499999999656247 0.04166666666597222
0 0.9174999999885312 0.4899999999918333 0.024999999999687498 0.059999999999
0 0.9443749999881953 0.48666666665855557 0.026249999999671873 0.059999999999
0 0.9343749999883203 0.43416666665943054 0.016249999999796875 0.02833333333286111
0 0.9449999999881874 0.43249999999279165 0.0149999999998125 0.02833333333286111
