0 0.0526094276093169 0.4060921717158899 0.09469696969677042 0.1429924242419729
0 0.15909090909057433 0.3835227272715167 0.06313131313118028 0.11679292929256065
0 0.1351010101007258 0.263099747473917 0.04335016835007713 0.06092171717152488
0 0.24137205387154595 0.22159090909020965 0.03282828282821375 0.05366161616144678
0 0.257154882154341 0.36032196969583236 0.04629629629619887 0.08112373737348132
0 0.2914562289556156 0.3293876262615866 0.04629629629619887 0.084280303030037
0 0.3217592592585822 0.31613005050405263 0.03787878787870817 0.06407828282808056
0 0.33743686868615863 0.2930871212111961 0.03009259259252927 0.06849747474725854
0 0.5812289562277332 0.3099747474737691 0.029461279461217467 0.05366161616144678
0 0.6208964646451581 0.30397727272631325 0.03724747474739637 0.06313131313111386
0 0.6398358585845122 0.3499053030291986 0.045664983164887075 0.08301767676741473
0 0.6846590909076502 0.33349116161510894 0.05829124579112313 0.08617424242397041
0 0.7524200336684503 0.35037878787768195 0.07007575757561012 0.11994949494911633
0 0.835542929291171 0.21354166666599264 0.11005892255869096 0.1726641414135964
