0 0.06899999999862 0.5270270270112003 0.09399999999811999 0.12912912912525137
0 0.2149999999957 0.4519519519383798 0.04599999999908 0.08108108107864621
0 0.43899999999121997 0.3333333333233233 0.025999999999479998 0.05405405405243081
0 0.53799999998924 0.4099099098976003 0.03599999999928 0.06906906906699492
0 0.5619999999887599 0.456456456442749 0.051999999998959996 0.08408408408155903
0 0.6199999999876 0.5300300300141132 0.06799999999864 0.11711711711360008
0 0.63199999998736 0.4444444444310977 0.03599999999928 0.0660660660640821
0 0.68299999998634 0.46246246244857464 0.04599999999908 0.07807807807573339
0 0.7189999999856199 0.4414414414281849 0.037999999999239996 0.07207207206990773
0 0.76799999998464 0.4714714714573131 0.0599999999988 0.08408408408155903
0 0.79299999998414 0.6216216216029543 0.12199999999755999 0.22222222221554885
0 0.9289999999814199 0.5930930930752825 0.09399999999811999 0.14114114113690265
0 0.8749999999825 0.4909909909762465 0.05799999999884 0.0930930930902975
0 0.85399999998292 0.44894894893546694 0.04399999999912 0.06906906906699492
0 0.88699999998226 0.4159159159034259 0.037999999999239996 0.07507507507282056
0 0.96799999998064 0.45945945944566186 0.039999999999199995 0.07207207206990773
0 0.9819999999803599 0.4834834834689644 0.03599999999928 0.08408408408155903
