0 0.10918544193918223 0.7161458333146836 0.08665511265014463 0.12499999999674478
0 0.17504332755329216 0.6796874999822997 0.051993067590086775 0.09374999999755859
0 0.19757365684232975 0.4765624999875895 0.05892547660209835 0.10937499999715168
0 0.03206239168055351 0.7708333333132595 0.06065857885510124 0.16145833332912868
0 0.41681109184719567 0.7174479166479831 0.07798960138513017 0.12760416666334362
0 0.37954939340763344 0.6953124999818928 0.04852686308408099 0.09374999999755859
0 0.3821490467871378 0.6419270833166164 0.03639514731306075 0.05468749999857584
0 0.378682842281132 0.6249999999837239 0.050259965337083885 0.08854166666436089
0 0.5129982668888562 0.778645833313056 0.10051993067416777 0.17187499999552408
0 0.596187175032995 0.640624999983317 0.038128249566063636 0.09374999999755859
0 0.6282495667135486 0.6484374999831136 0.05372616984308967 0.09374999999755859
0 0.6594454072676006 0.6770833333157009 0.050259965337083885 0.09895833333075629
0 0.7036395147191744 0.7057291666482882 0.062391681108104134 0.11458333333034938
0 0.7313691507672206 0.631510416650221 0.04159445407206942 0.08072916666456434
0 0.7677642980802813 0.7057291666482882 0.07625649913212727 0.14062499999633787
0 0.8310225303148869 0.7513020833137681 0.08145580589113595 0.17447916666212293
0 0.9159445407120287 0.7760416666464572 0.11265164644518802 0.19270833332831488
0 0.9662045060491126 0.692708333315294 0.0467937608310781 0.09895833333075629
0 0.9263431542300461 0.6432291666499159 0.06065857885510124 0.11458333333034938
0 0.8526863084774231 0.6419270833166164 0.05545927209609256 0.09114583333095974
0 0.805892547646345 0.5156249999865722 0.04506065857807521 0.08333333333116319
