0 0.16018518518221878 0.8930921052337798 0.12777777777541152 0.19407894736203687
0 0.26296296295809324 0.6973684210296918 0.0666666666654321 0.13815789473229742
0 0.3935185185112311 0.7319078947127662 0.06481481481361454 0.16118421052101367
0 0.4953703703611968 0.679276315767129 0.05370370370270919 0.10197368420717191
0 0.6009259259147977 0.8684210526030124 0.08333333333179012 0.17763157894152526
0 0.6166666666552468 0.7368421052389196 0.07037037036906721 0.12499999999588815
0 0.7009259259129458 0.7055921052399475 0.03888888888816872 0.08881578947076263
0 0.7777777777633744 0.8865131578655752 0.11851851851632372 0.20723684209844614
0 0.8435185185028977 0.7417763157650731 0.057407407406344306 0.11513157894358118
0 0.9129629629460562 0.6957236841876406 0.0666666666654321 0.08881578947076263
0 0.9444444444269546 0.8289473683937846 0.08888888888724279 0.17105263157332062
0 0.8666666666506172 0.6496710526102082 0.04074074073998628 0.06907894736614871
0 0.7972222222074588 0.6842105262932825 0.05370370370270919 0.07894736841845568
0 0.779629629615192 0.6233552631373895 0.03703703703635117 0.06907894736614871
0 0.7435185185047496 0.761513157869687 0.07222222222088477 0.12828947367999047
0 0.7018518518388546 0.6644736841886686 0.048148148147256514 0.07894736841845568
0 0.532407407397548 0.5773026315599571 0.031481481480898486 0.05592105262973943
0 0.4916666666575617 0.5740131578758548 0.035185185184533604 0.05592105262973943
0 0.4962962962871056 0.4786184210368875 0.022222222221810698 0.042763157893330156
0 0.4388888888807613 0.5592105262973943 0.02962962962908093 0.046052631577432473
0 0.4305555555475823 0.5937499999804687 0.024074074073628257 0.05592105262973943
0 0.40925925925168033 0.5509868420871386 0.022222222221810698 0.0493421052615348
0 0.3879629629557784 0.5838815789281617 0.031481481480898486 0.05592105262973943
0 0.33981481480852194 0.5871710526122641 0.031481481480898486 0.0493421052615348
0 0.3527777777712448 0.5509868420871386 0.027777777777263372 0.042763157893330156
0 0.32037037036443755 0.5411184210348315 0.02962962962908093 0.062499999997944075
0 0.2916666666612654 0.5476973684030363 0.031481481480898486 0.05592105262973943
0 0.25740740740264056 0.5542763157712409 0.022222222221810698 0.0493421052615348
0 0.263888888884002 0.5180921052461154 0.02037037036999314 0.042763157893330156
0 0.18981481481129972 0.514802631562013 0.024074074073628257 0.0493421052615348
0 0.20092592592220507 0.4950657894573991 0.02037037036999314 0.036184210525125514
0 0.1462962962935871 0.4309210526174039 0.014814814814540465 0.026315789472818558
0 0.15925925925631002 0.4983552631415014 0.022222222221810698 0.042763157893330156
0 0.18055555555221192 0.5740131578758548 0.035185185184533604 0.062499999997944075
0 0.13796296296040808 0.555921052613292 0.031481481480898486 0.05921052631384176
0 0.12777777777541152 0.4983552631415014 0.018518518518175583 0.042763157893330156
0 0.11203703703496228 0.4917763157732968 0.02037037036999314 0.042763157893330156
0 0.09444444444269547 0.5361842105086781 0.02962962962908093 0.05921052631384176
0 0.044444444443621396 0.5592105262973943 0.03703703703635117 0.07894736841845568
0 0.0666666666654321 0.4967105262994503 0.022222222221810698 0.046052631577432473
0 0.06388888888770576 0.4095394736707388 0.016666666666358024 0.036184210525125514
0 0.08703703703542523 0.40296052630253415 0.014814814814540465 0.0493421052615348
0 0.024999999999537035 0.48519736840509214 0.031481481480898486 0.062499999997944075
0 0.01018518518499657 0.4161184210389434 0.016666666666358024 0.036184210525125514
