0 0.07455268389513812 0.36755952379858453 0.07753479125094365 0.11011904761577025
0 0.14612326043447071 0.3452380952278203 0.06560636182772155 0.08333333333085317
0 0.15109343936081326 0.29761904761018987 0.03976143141074033 0.05952380952203798
0 0.17594433399252596 0.26636904761111996 0.029821073558055248 0.05059523809373228
0 0.09145129224470276 0.2738095238013747 0.0357852882696663 0.05357142856983418
0 0.06163021868664752 0.29761904761018987 0.043737574551814366 0.05357142856983418
0 0.018886679920101658 0.2678571428491709 0.03379721669912928 0.06547619047424177
0 0.050695825048693924 0.6845238095034367 0.09343936381523978 0.2202380952315405
0 0.3479125248439779 0.5699404761735136 0.10337972166792486 0.17559523809001204
0 0.3936381709663293 0.40476190474985824 0.0834990059625547 0.11904761904407596
0 0.3588469184819315 0.33482142856146363 0.04174950298127735 0.06249999999813988
0 0.34095427434709835 0.3065476190384956 0.029821073558055248 0.04761904761763038
0 0.3081510934332376 0.26636904761111996 0.027833001987518233 0.05654761904593608
0 0.2544731610287381 0.2752976190394256 0.027833001987518233 0.05059523809373228
0 0.23359840953809946 0.3139880952287503 0.04970178926342542 0.08035714285475128
0 0.3936381709663293 0.28422619046773134 0.031809145128592266 0.05059523809373228
0 0.41153081510116246 0.34821428570392216 0.05566600397503647 0.08928571428305697
0 0.47316103378780994 0.3318452380853617 0.05168986083396243 0.08630952380695507
0 0.9284294234407867 0.23214285713594812 0.09145129224470276 0.15476190475729873
