0 0.2727272727227648 0.4652605458941622 0.07603305784998292 0.15136476426423412
0 0.52809917354499 0.31637717120803033 0.03801652892499146 0.07196029776496377
0 0.5999999999900826 0.27047146401313965 0.03966942148694761 0.06947890818686156
0 0.560330578503135 0.20595533498248247 0.03636363636303531 0.04962779156204397
0 0.648760330567789 0.1823821339905116 0.04132231404890376 0.07692307692116815
0 0.7181818181699474 0.08436724565547475 0.03471074380107916 0.06451612903065716
0 0.7619834710617853 0.04838709677299287 0.03636363636303531 0.062034739452554964
0 0.7933884297389522 0.10421836228029234 0.026446280991298407 0.04962779156204397
0 0.8528925619693736 0.026054590570073085 0.026446280991298407 0.04714640198394177
0 0.8867768594894747 0.08188585607737256 0.03471074380107916 0.07444168734306596
0 0.9297520661003347 0.07444168734306596 0.03471074380107916 0.059553349874452766
0 0.966942148744348 0.1910669975138693 0.02975206611521071 0.059553349874452766
0 0.9892561983307561 0.07444168734306596 0.021487603305429957 0.04962779156204397
0 0.801652892548733 0.20223325061532918 0.03305785123912301 0.07196029776496377
0 0.7760330578384126 0.27295285359124183 0.03140495867716686 0.06947890818686156
0 0.7619834710617853 0.4081885855978117 0.04628099173477221 0.07196029776496377
0 0.7636363636237415 0.5272952853467172 0.05619834710650912 0.08188585607737256
0 0.5892561983373676 0.44292803969124245 0.04132231404890376 0.07196029776496377
0 0.9371900826291373 0.4962779156204397 0.04628099173477221 0.07444168734306596
0 0.9082644627949047 0.4069478908087606 0.04132231404890376 0.07940446649927035
0 0.9487603305628304 0.32133995036423474 0.026446280991298407 0.07196029776496377
0 0.9892561983307561 0.25310173696642424 0.021487603305429957 0.05459057071824837
