0 0.08349609374918461 0.5533854166594612 0.11230468749890328 0.15364583333133275
0 0.062499999999389655 0.37890624999506634 0.04687499999954224 0.06510416666581896
0 0.14892578124854566 0.4264322916611142 0.059570312499418264 0.0742187499990336
0 0.2202148437478495 0.45117187499412537 0.0771484374992466 0.10546874999862671
0 0.13623046874866965 0.3802083333283827 0.05371093749947548 0.06510416666581896
0 0.15283203124850753 0.3372395833289422 0.041992187499589925 0.05989583333255344
0 0.18847656249815942 0.35937499999532063 0.04101562499959946 0.054687499999287924
0 0.054199218749470715 0.3515624999954224 0.03808593749962807 0.05208333333265516
0 0.27832031249728206 0.23177083333031548 0.027343749999732974 0.04166666666612413
0 0.27978515624726774 0.35937499999532063 0.05371093749947548 0.07552083333234999
0 0.3510742187465716 0.38802083332828097 0.04980468749951363 0.07291666666571724
0 0.32763671874680045 0.3522135416620806 0.03613281249964714 0.04817708333270603
0 0.3740234374963475 0.33593749999562583 0.027343749999732974 0.04687499999938965
0 0.4331054687457705 0.38411458332833187 0.04394531249957085 0.057291666665920685
0 0.4287109374958134 0.32682291666241114 0.03320312499967575 0.04166666666612413
0 0.4960937499951554 0.3515624999954224 0.027343749999732974 0.04166666666612413
0 0.48681640624524597 0.33463541666230945 0.02636718749974251 0.02604166666632758
0 0.480468749995308 0.312499999995931 0.019531249999809267 0.023437499999694824
0 0.5180664062449408 0.3684895833285353 0.040039062499609 0.054687499999287924
0 0.5664062499944688 0.4238281249944814 0.07421874999927522 0.1002604166653612
0 0.5498046874946309 0.35481770832871334 0.03710937499963761 0.050781249999338786
0 0.5634765624944974 0.3300781249957021 0.02343749999977112 0.02994791666627672
0 0.5742187499943925 0.32291666666246205 0.019531249999809267 0.028645833332960342
0 0.6000976562441397 0.3391927083289168 0.030273437499704365 0.04817708333270603
0 0.6425781249937249 0.35937499999532063 0.039062499999618534 0.04947916666602241
0 0.7011718749931527 0.44010416666093616 0.09179687499910355 0.1380208333315362
0 0.7597656249925805 0.38867187499493916 0.04687499999954224 0.07682291666566637
0 0.7392578124927808 0.3515624999954224 0.029296874999713902 0.044270833332756894
0 0.6992187499931718 0.339843749995575 0.02343749999977112 0.03385416666622586
0 0.7490234374926854 0.32812499999572753 0.021484374999790196 0.03645833333285862
0 0.7788085937423945 0.3417968749955495 0.028320312499723437 0.040364583332807756
0 0.8403320312417937 0.363932291661928 0.041992187499589925 0.05338541666597155
0 0.8642578124915601 0.4557291666607327 0.07617187499925614 0.1249999999983724
0 0.9233398437409831 0.45898437499402367 0.059570312499418264 0.09765624999872843
0 0.9130859374910832 0.39062499999491374 0.05078124999950409 0.057291666665920685
0 0.8784179687414218 0.3756510416617754 0.040039062499609 0.04817708333270603
0 0.9707031249905206 0.35807291666200425 0.03710937499963761 0.057291666665920685
