0 0.06928571428472449 0.43776824033395345 0.08999999999871429 0.20600858368656633
0 0.11428571428408163 0.21030042918003647 0.09999999999857143 0.19313304720615593
0 0.2449999999965 0.17274678111217281 0.06714285714189797 0.11373390557695849
0 0.3142857142812245 0.2864806866891313 0.07999999999885714 0.19527896995289099
0 0.35214285713782656 0.12124463519053122 0.069999999999 0.09656652360307796
0 0.4835714285645204 0.21673819742024167 0.10714285714132653 0.18025751072574553
0 0.4907142857072755 0.06330472102868444 0.07857142857030612 0.11802575107042862
0 0.597857142848602 0.13412017167094162 0.044285714285081636 0.08798283261613771
0 0.635714285705204 0.15450643776492473 0.0628571428562449 0.11587982832369356
0 0.7357142857037755 0.15879828325839487 0.13714285714089797 0.22317596566044684
0 0.7621428571319694 0.6577253218742977 0.209999999997 0.3025751072896443
