0 0.31899999999362 0.11637931034148336 0.12199999999755999 0.22701149424635023
0 0.45799999999083996 0.34770114941529595 0.03599999999928 0.06321839080278108
0 0.49999999999 0.3749999999892241 0.02399999999952 0.043103448274623465
0 0.5289999999894199 0.41091954021807703 0.01799999999964 0.03448275861969877
0 0.57299999998854 0.3850574712533029 0.025999999999479998 0.05172413792954816
0 0.69799999998604 0.4741379310208581 0.01599999999968 0.03448275861969877
0 0.71099999998578 0.4755747126300122 0.01799999999964 0.037356321838007
0 0.74899999998502 0.47988505745747456 0.01799999999964 0.02873563218308231
0 0.8049999999838999 0.46839080458424165 0.037999999999239996 0.05747126436616462
0 0.8449999999830999 0.46695402297508753 0.037999999999239996 0.0660919540210893
0 0.88699999998226 0.4511494252743922 0.07399999999852 0.08045977011263046
0 0.96599999998068 0.43534482757369697 0.06399999999872 0.10632183907740454
