0 0.4999999999875 0.4699248120124088 0.0999999999975 0.180451127812765
0 0.734999999981625 0.7669172932042513 0.064999999998375 0.10526315789077959
0 0.8074999999798126 0.783834586436698 0.079999999998 0.14661654134787155
0 0.9674999999758126 0.7744360901964498 0.0599999999985 0.1278195488673752
0 0.9387499999765313 0.7067669172666629 0.0524999999986875 0.08270676691418395
0 0.444999999988875 0.7556390977159534 0.06999999999825 0.09774436089858105
0 0.3662499999908438 0.8796992480872293 0.1024999999974375 0.13533834585957374
0 0.1674999999958125 0.8270676691418396 0.079999999998 0.10526315789077959
0 0.1124999999971875 0.783834586436698 0.06999999999825 0.10150375939468032
0 0.038749999999031254 0.8552631578625841 0.0724999999981875 0.16917293232446717
