0 0.06144711405672067 0.42940370116371007 0.04943385805012584 0.05962988348163252
0 0.03314001656991676 0.4246058944467971 0.03314001656991676 0.050719671007365595
0 0.11585197459233403 0.4108978752556172 0.04114885390764665 0.06031528444119152
0 0.17702292184430538 0.3901644962289576 0.041425020712395955 0.05791638108273504
0 0.20035901684562177 0.45270733378871586 0.05109085887862168 0.06511309115810447
0 0.25490196078360977 0.43403015764073327 0.0392156862744015 0.05791638108273504
0 0.2822424744537911 0.45424948594772363 0.0392156862744015 0.05997258396141202
0 0.2983982325316255 0.3971898560644373 0.036730185031657744 0.05209047292648358
0 0.20367301850261343 0.20784784098626508 0.03286384976516746 0.044208361891555144
0 0.23902236951052466 0.22464016449546045 0.0345208505936633 0.049006168608468105
0 0.27851422258967545 0.22755311857358618 0.030654515327173008 0.04729266620957062
0 0.33195249930866627 0.23406442768939661 0.035349351007911214 0.05414667580516057
0 0.361502347416842 0.21401644962229605 0.02264567798944312 0.037354352295965204
0 0.3616404308192167 0.4549348869072826 0.04225352112664387 0.05860178204229403
0 0.3512841756411177 0.4148389307730814 0.033692350179415374 0.04694996572979113
0 0.36233084783108993 0.3894790952693986 0.03755868544590567 0.04489376285111414
0 0.38359569179678654 0.21727210418020126 0.023198011598941734 0.039753255654421685
0 0.41935929301182173 0.4203221384495534 0.03949185307915081 0.049006168608468105
0 0.4436619718297607 0.40215901302124 0.02954984810817578 0.04352296093199615
0 0.45664181165297807 0.376970527757447 0.03286384976516746 0.045921864290452634
0 0.4703120684880687 0.4508224811499286 0.04197735432189457 0.06545579163788398
0 0.4987572493772473 0.4366004112390795 0.03811101905540428 0.06100068540075051
0 0.5785694559497968 0.45510623714717235 0.043082021540891795 0.05894448252207353
0 0.5742888704761826 0.4148389307730814 0.0345208505936633 0.04146675805331917
0 0.5745650372809319 0.3879369431103909 0.027892847279679944 0.03838245373530369
0 0.6244131455381817 0.4114119259752865 0.030930682131922314 0.0496915695680271
0 0.6518917426107377 0.43471555860029226 0.0389395194696522 0.06134338588053001
0 0.5948632974300059 0.22138450993755523 0.03424468378891399 0.055517477724278556
0 0.6743993371978061 0.21127484578406006 0.030930682131922314 0.042837559972437156
0 0.5285832642901723 0.20664838930703686 0.0303783485224237 0.03358464701839073
0 0.5046948356793574 0.21830020561953975 0.018503175918203527 0.02604523646324179
0 0.4841204087255341 0.2037354352289111 0.024855012427437574 0.028444139821698272
0 0.436343551503904 0.21470185058185504 0.03203534935091954 0.042152159012878165
0 0.4179784589880752 0.20562028786769834 0.026788180060682718 0.03015764222059576
0 0.45249930958173845 0.20424948594858036 0.022921844794192427 0.03015764222059576
0 0.7739574703099311 0.22875257025281442 0.09417288041951347 0.13056888279598847
0 0.9007180336898627 0.41569568197253015 0.03286384976516746 0.0630568882794275
0 0.9512565589589858 0.45973269362419555 0.04556752278363555 0.07093899931435593
