0 0.044850498338125405 0.1807511737046772 0.06644518272314875 0.10328638497410125
0 0.12458471760590391 0.170187793423235 0.059800664450833874 0.08685446009185788
0 0.16860465115998996 0.2147887323893242 0.06810631229122747 0.1103286384950627
0 0.21179401993003663 0.3392018779263098 0.1411960132866911 0.1948356807466001
0 0.25249169434796526 0.25938967135541335 0.06644518272314875 0.0962441314531398
0 0.24086378737141423 0.19014084506595913 0.059800664450833874 0.07981220657089642
0 0.20764119600983985 0.15727699530147235 0.053156146178519 0.07981220657089642
0 0.28986710962973644 0.17605633802403622 0.05149501661044028 0.07981220657089642
0 0.37458471760175105 0.3169014084432652 0.12458471760590391 0.2206572769901254
0 0.5124584717522848 0.27582159623765673 0.09136212624432953 0.16197183098211332
0 0.46345514949396255 0.25352112675461214 0.06312292358699131 0.10798122065474222
0 0.4061461793952467 0.22417840375060613 0.05149501661044028 0.07276995304993497
0 0.3413621262401767 0.17488262910387598 0.044850498338125405 0.06338028168865303
0 0.4102990033154435 0.16784037558291454 0.03986710963388925 0.05868544600801207
0 0.5290697674330719 0.16197183098211332 0.05481727574659772 0.08450704225153739
0 0.6071428571327717 0.1502347417805109 0.05149501661044028 0.08450704225153739
0 0.637873754142228 0.18896713614579888 0.06976744185930618 0.10563380281442174
0 0.7159468438419277 0.26995305163685557 0.08637873754009337 0.1502347417805109
0 0.7691029900204468 0.37558685445127726 0.15614617939939957 0.28638497651909894
0 0.7126245847057704 0.17957746478451694 0.03322259136157438 0.07746478873057594
0 0.7491694352035021 0.20187793426756154 0.059800664450833874 0.07981220657089642
0 0.8164451827106902 0.19718309858692057 0.05813953488275515 0.09859154929346028
0 0.8247508305510839 0.15258215962083138 0.044850498338125405 0.07511737089025546
0 0.9509966777250665 0.24765258215381095 0.08803986710817209 0.15727699530147235
0 0.9343853820442792 0.16549295774259404 0.0714285714273849 0.13380281689826753
