0 0.21294117646557784 0.2791095890315374 0.10588235293868511 0.17465753424059394
0 0.3494117646976609 0.2654109588950202 0.09647058823302422 0.16095890410407676
0 0.45999999998917646 0.24143835615611514 0.11058823529151557 0.18835616437711108
0 0.5941176470448443 0.22602739725253332 0.09647058823302422 0.16438356163820605
0 0.7894117646873079 0.23116438355372726 0.11529411764434601 0.20890410958188685
0 0.952941176448166 0.36815068491889896 0.04235294117547404 0.07876712328497373
0 0.9870588235061868 0.38527397258954543 0.025882352940567472 0.06506849314845656
0 0.14941176470236678 0.3510273972482525 0.04470588235188927 0.05136986301193939
0 0.28941176469907265 0.3458904109470586 0.03294117646981315 0.05479452054606868
0 0.09647058823302422 0.4058219177943212 0.061176470586795845 0.0924657534214909
0 0.04823529411651211 0.32363013697521814 0.03529411764622837 0.05821917808019798
0 0.09058823529198615 0.30993150683870097 0.03999999999905882 0.05136986301193939
0 0.015294117646698961 0.3458904109470586 0.025882352940567472 0.05479452054606868
