0 0.5143749999935703 0.2810150375887027 0.013749999999828124 0.02819548872127452
0 0.4674999999941562 0.2941729323252975 0.012499999999843749 0.02067669172893465
0 0.45124999999435933 0.2941729323252975 0.0149999999998125 0.024436090225104585
0 0.4231249999947109 0.30921052630997725 0.011249999999859374 0.02067669172893465
0 0.4243749999946953 0.2810150375887027 0.013749999999828124 0.02067669172893465
0 0.39812499999502343 0.29323308270125503 0.013749999999828124 0.022556390977019617
0 0.3756249999953047 0.2941729323252975 0.013749999999828124 0.024436090225104585
0 0.3737499999953281 0.31296992480614716 0.0149999999998125 0.03195488721744446
0 0.3587499999955156 0.33176691728699687 0.01749999999978125 0.024436090225104585
0 0.3443749999956953 0.29699248119742494 0.018749999999765624 0.026315789473189553
0 0.32812499999589845 0.264097744355938 0.013749999999828124 0.024436090225104585
0 0.2981249999962734 0.26691729322806546 0.013749999999828124 0.026315789473189553
0 0.2731249999965859 0.2725563909723204 0.011249999999859374 0.022556390977019617
0 0.2793749999965078 0.3233082706706145 0.021249999999734374 0.03383458646552943
0 0.3987499999950156 0.39849624059401323 0.02249999999971875 0.03759398496169936
0 0.3456249999956797 0.4877819548780492 0.033749999999578124 0.05827067669063401
0 0.3393749999957578 0.38815789472954587 0.021249999999734374 0.043233082705954266
0 0.31062499999611715 0.4577067669086897 0.04124999999948437 0.0770676691714837
0 0.2787499999965156 0.44454887217209493 0.024999999999687498 0.05075187969829414
0 0.27062499999661715 0.37218045112082365 0.018749999999765624 0.03383458646552943
0 0.23187499999710154 0.33646616540720925 0.021249999999734374 0.03759398496169936
0 0.2193749999972578 0.46146616540485963 0.036249999999546874 0.06578947368297389
0 0.19999999999749998 0.43421052630762763 0.02249999999971875 0.03759398496169936
0 0.1649999999979375 0.42105263157103284 0.029999999999625 0.045112781954039234
0 0.13812499999827343 0.3712406014967812 0.026249999999671873 0.03947368420978433
0 0.11124999999860936 0.4163533834508204 0.024999999999687498 0.035714285713614395
0 0.09249999999884374 0.30921052630997725 0.01999999999975 0.03195488721744446
0 0.057499999999281244 0.43890977442784 0.0449999999994375 0.05451127819446407
0 0.05812499999927343 0.5018796992386865 0.04874999999939062 0.07894736841956866
0 0.12687499999841406 0.6203007518680395 0.09874999999876562 0.12406015037360789
0 0.016874999999789062 0.37218045112082365 0.028749999999640622 0.045112781954039234
0 0.023124999999710936 0.353383458639974 0.023749999999703123 0.03383458646552943
0 0.009374999999882812 0.29135338345317 0.016249999999796875 0.03007518796935949
0 0.02687499999966406 0.23308270676253603 0.021249999999734374 0.03759398496169936
0 0.04249999999946875 0.2828947368367877 0.01999999999975 0.03195488721744446
0 0.08062499999899218 0.22650375939423864 0.018749999999765624 0.03195488721744446
0 0.0993749999987578 0.25751879698764063 0.021249999999734374 0.03383458646552943
0 0.12312499999846094 0.29981203006955237 0.021249999999734374 0.03195488721744446
0 0.14249999999821875 0.2687969924761504 0.01749999999978125 0.026315789473189553
0 0.169999999997875 0.2593984962357256 0.01749999999978125 0.026315789473189553
0 0.20499999999743748 0.2556390977395557 0.01749999999978125 0.03383458646552943
0 0.20499999999743748 0.2922932330772125 0.01999999999975 0.02819548872127452
0 0.23499999999706248 0.2781954887165753 0.01749999999978125 0.03007518796935949
0 0.5887499999926405 0.3646616541284838 0.01999999999975 0.03759398496169936
0 0.5874999999926562 0.4050751879623106 0.029999999999625 0.05075187969829414
0 0.6231249999922109 0.4360902255557126 0.031249999999609375 0.06015037593871898
0 0.6412499999919844 0.5084586466069838 0.057499999999281244 0.10714285714084318
0 0.6374999999920312 0.3505639097678465 0.02249999999971875 0.043233082705954266
0 0.6724999999915937 0.3872180451055034 0.024999999999687498 0.052631578946379105
0 0.6781249999915234 0.34962406014380404 0.023749999999703123 0.03383458646552943
0 0.7049999999911875 0.32518796991869947 0.01999999999975 0.03007518796935949
0 0.7131249999910859 0.34586466164763413 0.021249999999734374 0.03383458646552943
0 0.7293749999908827 0.37312030074486613 0.026249999999671873 0.0469924812021242
0 0.7431249999907109 0.4323308270595426 0.04124999999948437 0.06390977443488892
0 0.8193749999897578 0.4464285714201799 0.05374999999932812 0.09586466165233337
0 0.7543749999905702 0.35620300751210143 0.021249999999734374 0.035714285713614395
0 0.7662499999904219 0.3355263157831668 0.01999999999975 0.035714285713614395
0 0.7724999999903437 0.31296992480614716 0.01749999999978125 0.03195488721744446
0 0.8756249999890546 0.3233082706706145 0.028749999999640622 0.052631578946379105
0 0.9312499999883593 0.40225563909018314 0.052499999999343745 0.0827067669157386
0 0.9687499999878906 0.31390977443018964 0.0349999999995625 0.05639097744254904
0 0.9774999999877813 0.382518796985291 0.03749999999953125 0.07330827067531376
