0 0.06333333333227778 0.54999999998625 0.12333333333127777 0.314999999992125
0 0.057499999999041665 0.7812499999804688 0.11166666666480556 0.3674999999908125
0 0.2966666666617222 0.4524999999886875 0.11666666666472222 0.20999999999475
0 0.5633333333239444 0.1824999999954375 0.119999999998 0.284999999992875
0 0.6958333333217361 0.374999999990625 0.12166666666463889 0.24999999999375
0 0.7658333333205695 0.22374999999440626 0.06499999999891666 0.11749999999706251
0 0.8558333333190694 0.20624999999484375 0.06499999999891666 0.1124999999971875
0 0.9558333333174027 0.2474999999938125 0.07833333333202777 0.15499999999612502
0 0.91499999998475 0.4887499999877813 0.16999999999716667 0.3274999999918125
0 0.7999999999866667 0.8337499999791563 0.32666666666122224 0.3324999999916875
