0 0.8518886679751116 0.6298507462498553 0.1332007952259801 0.2388059701421252
0 0.8986083498827315 0.3835820895407886 0.031809145128592266 0.044776119401648475
0 0.6411530814981878 0.30149253730443304 0.021868787275907183 0.03582089552131878
0 0.7345924453134276 0.5149253731189575 0.08151093439201768 0.13432835820494543
0 0.6719681908415116 0.4671641790905324 0.05566600397503647 0.10447761193717978
0 0.6143141152959382 0.4328358208826019 0.05566600397503647 0.07164179104263756
0 0.6093439363695956 0.3671641790935175 0.037773359840203316 0.0597014925355313
0 0.357852882696663 0.4791044775976387 0.0834990059625547 0.13432835820494543
0 0.35387673955558896 0.4089552238683894 0.059642147116110496 0.06567164178908443
0 0.4065606361748199 0.401492537301448 0.04572564612235138 0.08656716417652038
0 0.4304174950212641 0.36417910446674095 0.037773359840203316 0.07164179104263756
0 0.45924453279405086 0.36417910446674095 0.027833001987518233 0.0597014925355313
0 0.30218687872162653 0.3731343283470706 0.027833001987518233 0.04776119402842504
0 0.2793240556604508 0.38955223879434175 0.03379721669912928 0.056716417908754736
0 0.21471172961799778 0.42238805968888393 0.043737574551814366 0.07462686566941412
0 0.21272365804746077 0.6044776119222545 0.13916500993759115 0.22388059700824237
0 0.06262425447191602 0.5074626865520161 0.05765407554557348 0.09552238805685008
0 0.15805168985769283 0.44626865670309646 0.04970178926342542 0.06865671641586099
0 0.18588469184521106 0.38507462685417687 0.029821073558055248 0.04179104477487191
0 0.18489065605994254 0.34626865670608153 0.027833001987518233 0.03582089552131878
0 0.22465208747068288 0.36567164178012923 0.0238568588464442 0.038805970148095344
0 0.15606361828715581 0.3477611940194698 0.025844930416981216 0.03283582089454221
0 0.14015904572285967 0.38656716416756515 0.029821073558055248 0.038805970148095344
0 0.11232604373534144 0.36567164178012923 0.021868787275907183 0.03283582089454221
0 0.09045725645943425 0.42238805968888393 0.029821073558055248 0.056716417908754736
0 0.029821073558055248 0.44029850744954335 0.03976143141074033 0.056716417908754736
0 0.03280318091386077 0.39701492536128313 0.021868787275907183 0.04179104477487191
0 0.019880715705370165 0.3880597014809534 0.019880715705370165 0.03582089552131878
0 0.04274353876654586 0.35522388058641124 0.013916500993759117 0.02388059701421252
0 0.07256461232460111 0.37910447760062377 0.021868787275907183 0.04179104477487191
0 0.09045725645943425 0.36119402983996435 0.013916500993759117 0.02985074626776565
0 0.1302186878701746 0.30298507461782137 0.01789264413483315 0.026865671640989085
0 0.240556660034979 0.3238805970052573 0.015904572564296133 0.026865671640989085
0 0.28131212723098786 0.3238805970052573 0.01789264413483315 0.026865671640989085
0 0.3101391650037746 0.31492537312492763 0.0119284294232221 0.020895522387435955
0 0.3339960238502188 0.35970149252657607 0.027833001987518233 0.044776119401648475
0 0.35685884691139447 0.3567164178997995 0.025844930416981216 0.044776119401648475
0 0.3320079522796818 0.32089552237848074 0.015904572564296133 0.026865671640989085
0 0.34393638170290386 0.31044776118476275 0.0119284294232221 0.01791044776065939
0 0.35387673955558896 0.3179104477517042 0.015904572564296133 0.014925373133882825
0 0.3846918488989127 0.32089552237848074 0.009940357852685083 0.020895522387435955
0 0.37276341947569064 0.2880597014839385 0.013916500993759117 0.014925373133882825
