0 0.37699999999246 0.20720720720098476 0.06199999999876 0.12012012011651291
0 0.17799999999644 0.5675675675505234 0.10799999999783999 0.15015015014564112
0 0.22699999999546 0.7222222222005338 0.13799999999724 0.24324324323593863
0 0.32099999999358 0.5390390390228517 0.06599999999868 0.09909909909612315
0 0.39799999999204 0.5540540540374157 0.07199999999856 0.14114114113690265
0 0.48699999999026 0.5975975975796517 0.1099999999978 0.186186186180595
0 0.6139999999877199 0.7012012011801441 0.14399999999712 0.23723723723011297
0 0.6859999999862799 0.5045045044893541 0.06799999999864 0.12012012011651291
0 0.82099999998358 0.2267267267199181 0.09399999999811999 0.15315315314855396
0 0.9099999999817999 0.8153153152908313 0.17999999999639998 0.33933933932914895
0 0.97799999998044 0.5450450450286772 0.04399999999912 0.11711711711360008
