0 0.10671462829480301 0.6859205775925661 0.059952038367866854 0.10830324909356306
0 0.14148681054816578 0.662454873622294 0.04316546762486414 0.07581227436549415
0 0.25539568344711283 0.6768953068347692 0.05515587529843751 0.08303249097173168
0 0.3968824939952786 0.5324909747100184 0.04076738609014946 0.0685920577592566
0 0.3321342925579824 0.8664259927485045 0.1223021582704484 0.18050541515593843
0 0.5563549160538044 0.7851985559283322 0.09112709831915762 0.13357400721539445
0 0.7889688249211279 0.6787003609863285 0.06235011990258153 0.10830324909356306
0 0.8093525179662026 0.7400722021393475 0.05515587529843751 0.09386281588108798
0 0.8057553956641306 0.8519855595360294 0.09112709831915762 0.16606498194346336
0 0.8705035971014268 0.6588447653191752 0.05275779376372283 0.09025270757796922
0 0.9052757793547895 0.7310469313815506 0.0839328537150136 0.13357400721539445
0 0.9004796162853602 0.638989169652022 0.05035971222900816 0.07220216606237537
