0 0.047499999999208335 0.34124999999146877 0.07166666666547222 0.10749999999731251
0 0.1499999999975 0.359999999991 0.07333333333211112 0.11499999999712501
0 0.22749999999620832 0.4112499999897188 0.08499999999858333 0.1374999999965625
0 0.247499999995875 0.3312499999917188 0.06499999999891666 0.09749999999756251
0 0.30666666666155556 0.5312499999867187 0.08666666666522221 0.1574999999960625
0 0.3849999999935833 0.5474999999863125 0.09333333333177778 0.1399999999965
0 0.41333333332644445 0.6424999999839376 0.11666666666472222 0.204999999994875
0 0.577499999990375 0.6849999999828751 0.12166666666463889 0.2599999999935
0 0.7558333333207361 0.6949999999826251 0.15833333333069444 0.30999999999225003
0 0.7833333333202778 0.38749999999031254 0.07666666666538889 0.14999999999625002
0 0.9499999999841666 0.4512499999887188 0.0899999999985 0.1624999999959375
