0 0.10562499999867968 0.3927973199264188 0.06874999999914062 0.09882747068511177
0 0.19187499999760155 0.4949748743635683 0.11124999999860936 0.17587939698197858
0 0.22749999999715623 0.39447236180243767 0.07249999999909375 0.09547738693307409
0 0.27187499999660153 0.37102177553817384 0.04624999999942187 0.07872696817288564
0 0.37187499999535156 0.38190954773229635 0.05374999999932812 0.07370184254482912
0 0.40499999999493747 0.4271356783848051 0.07749999999903125 0.08710217755297986
0 0.43624999999454683 0.3525963149019666 0.04249999999946875 0.0653266331647349
0 0.39999999999499997 0.5577889447142749 0.11749999999853124 0.18090452261003512
0 0.5218749999934765 0.3735343383522021 0.03874999999951562 0.07370184254482912
0 0.6556249999918047 0.46817420434726675 0.08874999999889062 0.139028475709564
0 0.6324999999920937 0.3701842546001644 0.07249999999909375 0.09715242880909293
0 0.7699999999903749 0.3802345058562775 0.07749999999903125 0.11725293132131905
0 0.8912499999888593 0.3994974874304942 0.0649999999991875 0.0887772194289987
0 0.9306249999883671 0.35929648240604195 0.04874999999939062 0.07537688442084796
