0 0.10749999999731251 0.6879699247861666 0.144999999996375 0.2180451127737577
0 0.22124999999446876 0.6334586465927271 0.0524999999986875 0.09398496240248178
0 0.26874999999328125 0.6015037593758833 0.0824999999979375 0.11278195488297812
0 0.5024999999874376 0.6748120300498192 0.10999999999725 0.1766917293166657
0 0.5974999999850625 0.6466165413290745 0.06999999999825 0.11278195488297812
0 0.514999999987125 0.45488721802801174 0.039999999999 0.06015037593758833
0 0.7487499999812813 0.7199248120030104 0.1624999999959375 0.25187969923865117
0 0.6874999999828125 0.6578947368173724 0.09499999999762501 0.15037593984397082
0 0.8024999999799376 0.6203007518563797 0.04999999999875 0.08270676691418395
0 0.8474999999788125 0.597744360879784 0.064999999998375 0.0902255639063825
0 0.9587499999760313 0.624060150352479 0.0824999999979375 0.21052631578155917
