0 0.05636363636261157 0.4589665653355937 0.047272727271867765 0.0911854103315749
0 0.07090909090780165 0.4027355622977892 0.03999999999927272 0.07598784194297908
0 0.020909090908710744 0.4240121580418233 0.034545454544826444 0.06990881458754077
0 0.16181818181523966 0.8206686929841741 0.1418181818156033 0.25531914892840973
0 0.26636363635879334 0.5045592705013812 0.05272727272631405 0.10334346504245157
0 0.20818181817803305 0.32978723403252924 0.045454545453719006 0.1003039513647324
0 0.13454545454300826 0.3571428571320017 0.03999999999927272 0.07598784194297908
0 0.2863636363584297 0.46200607901331286 0.03818181818112396 0.0668693009098216
0 0.318181818176033 0.4072948328143679 0.032727272726677685 0.0668693009098216
0 0.3627272727206777 0.4939209726293641 0.05272727272631405 0.10638297872017072
0 0.35454545453900826 0.4285714285584021 0.03999999999927272 0.04863221884350662
0 0.35454545453900826 0.3920972644257721 0.029090909090380163 0.04255319148806829
0 0.4381818181738512 0.33890577506568675 0.05818181818076033 0.11854103343104738
0 0.492727272718314 0.4164133738475254 0.032727272726677685 0.06079027355438327
0 0.5399999999901818 0.4999999999848024 0.05454545454446281 0.10638297872017072
0 0.5218181818086942 0.4331306990749808 0.03999999999927272 0.08206686929841742
0 0.5636363636261157 0.43009118539726165 0.032727272726677685 0.06990881458754077
0 0.6118181818070578 0.4483282674635766 0.05272727272631405 0.08814589665385575
0 0.6581818181698512 0.4498480243024362 0.04363636363557025 0.0911854103315749
0 0.6472727272609586 0.5942249239940964 0.07999999999854544 0.13069908814192402
0 0.7263636363504297 0.5273556230842749 0.059999999998909086 0.10638297872017072
0 0.7281818181685784 0.4604863221744533 0.045454545453719006 0.08814589665385575
0 0.796363636349157 0.5060790273402407 0.05454545454446281 0.09422492400929407
0 0.8536363636208429 0.4422492401081383 0.049090909090016524 0.1003039513647324
0 0.959090909073471 0.49544072946822365 0.049090909090016524 0.0911854103315749
