0 0.1411960132866911 0.2488262910739712 0.059800664450833874 0.08450704225153739
0 0.09219269102836888 0.4542253521020135 0.07807308969969978 0.11971830985634463
0 0.1985049833854069 0.4988262910681026 0.11129568106127416 0.14319248825954947
0 0.3936877076346563 0.6913145539743822 0.17607973421634418 0.26525821595621457
0 0.019933554816944626 0.42253521125768695 0.03654485049773181 0.09389671361281932
0 0.05564784053063708 0.42605633801816767 0.05149501661044028 0.07276995304993497
0 0.38039867109002656 0.37676056337143754 0.04983388704236156 0.08215962441121691
0 0.47591362125455294 0.33568075116582907 0.04152823920196797 0.06103286384833256
0 0.5116279069682453 0.39201877933352064 0.05647840531467644 0.09389671361281932
0 0.5431893687617411 0.3638497652496749 0.043189368770046685 0.07042253520961449
0 0.6220930232454802 0.3227699530440664 0.03488372092965309 0.04929577464673014
0 0.691029900320747 0.3732394366109568 0.06312292358699131 0.07511737089025546
0 0.6619601328793694 0.476525821585058 0.08803986710817209 0.1502347417805109
0 0.7275747508184788 0.3333333333255086 0.053156146178519 0.06103286384833256
0 0.7973421926777849 0.2934272300400604 0.03322259136157438 0.06103286384833256
0 0.8936877076263506 0.3826291079722387 0.06644518272314875 0.136150234738588
0 0.8612956810488157 0.30164319248118204 0.02823920265733822 0.05868544600801207
0 0.8870431893540358 0.3028169014013423 0.0265780730892595 0.03755868544512773
0 0.9667774086218143 0.2969483568005411 0.046511627906204125 0.068075117369294
