0 0.9049999999849166 0.7874999999803125 0.06999999999883333 0.09499999999762501
0 0.877499999985375 0.7362499999815938 0.051666666665805557 0.07749999999806251
0 0.8683333333188611 0.7037499999824063 0.04999999999916667 0.0724999999981875
0 0.9774999999837083 0.7362499999815938 0.034999999999416664 0.06749999999831251
0 0.6458333333225694 0.58999999998525 0.04499999999925 0.064999999998375
0 0.5708333333238195 0.6974999999825625 0.034999999999416664 0.054999999998625
0 0.539999999991 0.7037499999824063 0.03999999999933333 0.05749999999856251
0 0.45333333332577774 0.7237499999819063 0.04999999999916667 0.06749999999831251
0 0.48666666665855557 0.6787499999830313 0.0299999999995 0.0524999999986875
0 0.4183333333263611 0.6962499999825937 0.04333333333261111 0.0624999999984375
0 0.35583333332740275 0.6899999999827501 0.03166666666613889 0.044999999998875
0 0.2733333333287778 0.7437499999814063 0.07333333333211112 0.1024999999974375
0 0.30499999999491667 0.7062499999823438 0.04999999999916667 0.08749999999781251
0 0.16999999999716667 0.6899999999827501 0.03999999999933333 0.04999999999875
0 0.09999999999833334 0.7287499999817812 0.06666666666555555 0.08749999999781251
0 0.04083333333265278 0.6812499999829688 0.04166666666597222 0.06749999999831251
0 0.07749999999870834 0.6674999999833126 0.04166666666597222 0.07499999999812501
