0 0.06328124999901123 0.5708333333214409 0.09843749999846192 0.17499999999635416
0 0.2359374999963135 0.5520833333218316 0.0999999999984375 0.1291666666639757
0 0.294531249995398 0.686458333319032 0.17343749999729005 0.22708333332860242
0 0.33124999999482424 0.49374999998971353 0.06874999999892578 0.10833333333107639
0 0.43124999999326175 0.4614583333237196 0.0562499999991211 0.1020833333312066
0 0.49921874999219973 0.46041666665707465 0.051562499999194336 0.0958333333313368
0 0.8171874999872315 0.5770833333213108 0.08437499999868164 0.14166666666371527
0 0.8624999999865235 0.5437499999886719 0.06562499999897461 0.10833333333107639
0 0.8164062499872436 0.48020833332332896 0.057812499999096684 0.08541666666488715
0 0.8414062499868531 0.31666666666006943 0.045312499999291996 0.0749999999984375
