0 0.9649999999807 0.7213855421469462 0.0699999999986 0.12349397589989475
0 0.85399999998292 0.7183734939542658 0.07199999999856 0.1355421686706162
0 0.7049999999859 0.6656626505823595 0.06599999999868 0.12048192770721439
0 0.5809999999883799 0.6445783132335969 0.06199999999876 0.11445783132185366
0 0.4399999999912 0.6174698794994737 0.06799999999864 0.12048192770721439
0 0.35899999999282 0.677710843353081 0.07399999999852 0.11445783132185366
0 0.15699999999685998 0.6506024096189577 0.0699999999986 0.12048192770721439
0 0.07099999999857999 0.5436746987788049 0.053999999998919995 0.08132530120236971
0 0.02399999999952 0.4759036144434968 0.039999999999199995 0.07228915662432864
0 0.08699999999826 0.4743975903471567 0.04199999999916 0.06325301204628755
0 0.07599999999847999 0.4277108433606111 0.04399999999912 0.048192771082885756
0 0.03299999999934 0.4216867469752504 0.0299999999994 0.05421686746824648
0 0.11299999999773999 0.42469879516793074 0.0299999999994 0.06024096385360719
0 0.149999999997 0.4743975903471567 0.039999999999199995 0.08132530120236971
0 0.17299999999654 0.43072289155329146 0.04599999999908 0.048192771082885756
0 0.1899999999962 0.49096385540689863 0.03199999999936 0.07228915662432864
0 0.23099999999537998 0.4999999999849397 0.049999999999 0.07831325300968936
0 0.22799999999544 0.43975903613133255 0.03199999999936 0.05421686746824648
0 0.28799999999424 0.43072289155329146 0.03599999999928 0.06024096385360719
0 0.3449999999931 0.5060240963703004 0.04199999999916 0.07228915662432864
0 0.34599999999308 0.44427710842035306 0.03199999999936 0.06325301204628755
0 0.399999999992 0.45933734938375487 0.04399999999912 0.075301204817009
0 0.44299999999114 0.4999999999849397 0.037999999999239996 0.06024096385360719
0 0.51399999998972 0.49698795179225935 0.039999999999199995 0.07228915662432864
0 0.53699999998926 0.4638554216727754 0.037999999999239996 0.06626506023896792
0 0.5879999999882399 0.5331325301044236 0.04399999999912 0.07831325300968936
0 0.6049999999879 0.4743975903471567 0.03399999999932 0.06927710843164828
0 0.65799999998684 0.4789156626361772 0.03599999999928 0.06626506023896792
0 0.68899999998622 0.5331325301044236 0.04599999999908 0.09036144578041079
0 0.7719999999845599 0.5617469879348871 0.05599999999888 0.08734939758773043
0 0.75599999998488 0.4759036144434968 0.03599999999928 0.06024096385360719
0 0.8199999999836 0.4849397590215379 0.03199999999936 0.05421686746824648
0 0.8699999999825999 0.5256024096227228 0.039999999999199995 0.06927710843164828
0 0.9099999999817999 0.5135542168520013 0.039999999999199995 0.06927710843164828
0 0.96399999998072 0.5572289156458665 0.04799999999904 0.07831325300968936
0 0.9359999999812799 0.30873493974973687 0.03199999999936 0.05120481927556612
0 0.9039999999819199 0.31174698794241723 0.03199999999936 0.05120481927556612
0 0.88599999998228 0.30421686746071636 0.02399999999952 0.042168674697525034
0 0.8579999999828399 0.31174698794241723 0.02799999999944 0.045180722890205395
0 0.8239999999835199 0.301204819268036 0.02399999999952 0.042168674697525034
0 0.78899999998422 0.3072289156533967 0.025999999999479998 0.042168674697525034
0 0.7749999999845 0.284638554208294 0.025999999999479998 0.03915662650484468
0 0.80699999998386 0.27861445782293326 0.01799999999964 0.03313253011948396
0 0.8519999999829599 0.2756024096302529 0.019999999999599997 0.03915662650484468
0 0.8369999999832599 0.18222891565716176 0.02199999999956 0.03915662650484468
0 0.80799999998384 0.16867469879010014 0.019999999999599997 0.042168674697525034
0 0.7719999999845599 0.17319277107912068 0.02799999999944 0.045180722890205395
0 0.74799999998504 0.13855421686329655 0.019999999999599997 0.030120481926803597
0 0.7299999999854 0.16566265059741977 0.019999999999599997 0.03614457831216432
0 0.7149999999857 0.17018072288644032 0.01799999999964 0.02710843373412324
0 0.69199999998616 0.16566265059741977 0.019999999999599997 0.03614457831216432
0 0.66799999998664 0.17319277107912068 0.019999999999599997 0.03313253011948396
0 0.6549999999869 0.17469879517546086 0.01799999999964 0.03614457831216432
0 0.6279999999874399 0.17018072288644032 0.01599999999968 0.045180722890205395
0 0.6149999999876999 0.17018072288644032 0.01799999999964 0.03313253011948396
0 0.57899999998842 0.17319277107912068 0.01399999999972 0.03313253011948396
0 0.55799999998884 0.17620481927180104 0.019999999999599997 0.02710843373412324
0 0.5149999999897 0.14909638553767782 0.02199999999956 0.03313253011948396
0 0.49799999999003997 0.16716867469375996 0.019999999999599997 0.03313253011948396
0 0.47399999999052 0.16716867469375996 0.01599999999968 0.03313253011948396
0 0.73599999998528 0.30421686746071636 0.02399999999952 0.05421686746824648
0 0.74899999998502 0.2605421686668511 0.01799999999964 0.03915662650484468
0 0.71099999998578 0.28765060240097434 0.02199999999956 0.03915662650484468
0 0.69199999998616 0.2816265060156136 0.02399999999952 0.03915662650484468
0 0.6699999999866 0.28765060240097434 0.02399999999952 0.045180722890205395
0 0.65199999998696 0.2756024096302529 0.019999999999599997 0.03915662650484468
0 0.62599999998748 0.2861445783046342 0.02399999999952 0.03614457831216432
0 0.6209999999875799 0.2545180722814904 0.02199999999956 0.03313253011948396
0 0.60599999998788 0.2816265060156136 0.01599999999968 0.03915662650484468
0 0.57799999998844 0.2665662650522118 0.019999999999599997 0.03915662650484468
0 0.55899999998882 0.27259036143757254 0.02199999999956 0.02710843373412324
0 0.50799999998984 0.28915662649731455 0.02399999999952 0.042168674697525034
0 0.52799999998944 0.2861445783046342 0.02399999999952 0.042168674697525034
0 0.50199999998996 0.2620481927631913 0.019999999999599997 0.03614457831216432
0 0.47799999999043996 0.2710843373412324 0.019999999999599997 0.03614457831216432
0 0.46299999999074 0.30421686746071636 0.025999999999479998 0.042168674697525034
0 0.43499999999129996 0.28915662649731455 0.025999999999479998 0.03614457831216432
0 0.44099999999118 0.2530120481851502 0.025999999999479998 0.042168674697525034
0 0.40899999999181996 0.2695783132448922 0.02199999999956 0.03313253011948396
0 0.3749999999925 0.2695783132448922 0.02199999999956 0.03915662650484468
0 0.34999999999299997 0.2695783132448922 0.02399999999952 0.045180722890205395
0 0.32699999999345997 0.2861445783046342 0.02199999999956 0.042168674697525034
0 0.22599999999547998 0.2921686746899949 0.03599999999928 0.042168674697525034
0 0.19899999999602 0.2710843373412324 0.03399999999932 0.048192771082885756
0 0.15099999999698 0.2951807228826753 0.025999999999479998 0.048192771082885756
0 0.1149999999977 0.2951807228826753 0.0299999999994 0.042168674697525034
0 0.12599999999748 0.2695783132448922 0.02399999999952 0.045180722890205395
0 0.08699999999826 0.27861445782293326 0.025999999999479998 0.03313253011948396
0 0.06399999999872 0.2906626505936547 0.02399999999952 0.03915662650484468
0 0.04599999999908 0.27409638553391275 0.02399999999952 0.03614457831216432
0 0.0599999999988 0.24397590360710913 0.019999999999599997 0.030120481926803597
0 0.026999999999459998 0.2620481927631913 0.02199999999956 0.030120481926803597
0 0.01399999999972 0.2996987951716958 0.02399999999952 0.05120481927556612
0 0.0749999999985 0.16716867469375996 0.02199999999956 0.03313253011948396
0 0.11899999999762 0.18222891565716176 0.02199999999956 0.03313253011948396
0 0.15599999999688 0.17319277107912068 0.02399999999952 0.03915662650484468
0 0.17799999999644 0.17469879517546086 0.019999999999599997 0.03614457831216432
0 0.19399999999612 0.17018072288644032 0.01599999999968 0.02710843373412324
0 0.21099999999577998 0.17319277107912068 0.01799999999964 0.03915662650484468
0 0.23899999999521998 0.1716867469827805 0.02199999999956 0.030120481926803597
0 0.2699999999946 0.1716867469827805 0.01599999999968 0.03614457831216432
0 0.28599999999428 0.17319277107912068 0.02399999999952 0.03915662650484468
0 0.32999999999339996 0.16867469879010014 0.01599999999968 0.030120481926803597
0 0.36599999999267996 0.16867469879010014 0.019999999999599997 0.030120481926803597
0 0.34899999999302 0.1792168674644814 0.01399999999972 0.03313253011948396
0 0.31399999999371997 0.16566265059741977 0.01599999999968 0.030120481926803597
0 0.40599999999187997 0.15512048192303854 0.019999999999599997 0.03313253011948396
0 0.43699999999126 0.1716867469827805 0.02199999999956 0.03614457831216432
