0 0.1157226562488699 0.17504332755329216 0.05175781249949456 0.08665511265014463
0 0.30957031249697686 0.33448873482955827 0.027343749999732974 0.04506065857807521
0 0.366699218746419 0.33535528595605973 0.028320312499723437 0.0467937608310781
0 0.41406249999595646 0.32322357018503944 0.027343749999732974 0.06065857885510124
0 0.46191406249548916 0.31369150779352356 0.025390624999752046 0.062391681108104134
0 0.49414062499517447 0.3249566724380423 0.025390624999752046 0.05719237434909545
0 0.5170898437449504 0.24263431542040495 0.028320312499723437 0.04852686308408099
0 0.5327148437447977 0.3171577122995293 0.03222656249968529 0.05892547660209835
0 0.5664062499944688 0.32928942807054956 0.029296874999713902 0.06585788561410992
0 0.6015624999941255 0.33448873482955827 0.031249999999694827 0.05545927209609256
0 0.6367187499937821 0.32062391680553515 0.03515624999965668 0.06585788561410992
0 0.5922851562442161 0.2287694973963818 0.022460937499780658 0.04852686308408099
0 0.7036132812431288 0.3483535528535814 0.04394531249957085 0.08665511265014463
0 0.7636718749925423 0.38474870016664214 0.048828124999523166 0.0935875216621562
0 0.8027343749921608 0.4367417677567289 0.06445312499937059 0.1143847486981909
0 0.7783203124923993 0.6967071057071628 0.11132812499891283 0.21837088387836445
0 0.8632812499915696 0.5667244367319458 0.09374999999908448 0.17677642980629504
0 0.8652343749915505 0.46707105718427955 0.0878906249991417 0.12651646446921117
0 0.8208007812419844 0.35701906411859585 0.055664062499456414 0.10398613518017355
0 0.7841796874923421 0.19150779895681963 0.027343749999732974 0.05372616984308967
0 0.8710937499914934 0.17071057192078493 0.029296874999713902 0.05719237434909545
