0 0.6112499999923593 0.4783333333253611 0.027499999999656247 0.04666666666588889
0 0.07624999999904687 0.7299999999878333 0.06249999999921875 0.08333333333194444
0 0.1593749999980078 0.7291666666545139 0.05874999999926562 0.09166666666513888
0 0.129999999998375 0.8516666666524723 0.10749999999865624 0.1366666666643889
0 0.2543749999968203 0.7749999999870834 0.07874999999901562 0.0899999999985
0 0.30562499999617965 0.6841666666552639 0.05124999999935937 0.051666666665805557
0 0.3924999999950937 0.6583333333223611 0.03749999999953125 0.06333333333227778
0 0.4393749999945078 0.6291666666561806 0.03874999999951562 0.05833333333236111
0 0.45624999999429683 0.6949999999884167 0.052499999999343745 0.07999999999866667
0 0.4193749999947578 0.8549999999857499 0.11624999999854686 0.13999999999766666
0 0.5356249999933047 0.7024999999882916 0.05624999999929687 0.07833333333202777
0 0.4962499999937969 0.6766666666553889 0.0449999999994375 0.06333333333227778
0 0.6081249999923984 0.6599999999889999 0.04124999999948437 0.06999999999883333
0 0.6506249999918672 0.6483333333225277 0.03874999999951562 0.04999999999916667
0 0.6612499999917344 0.7466666666542222 0.069999999999125 0.09666666666505555
0 0.7106249999911172 0.6399999999893333 0.04124999999948437 0.04999999999916667
0 0.736874999990789 0.6408333333226528 0.028749999999640622 0.051666666665805557
0 0.7699999999903749 0.6391666666560138 0.03749999999953125 0.05499999999908333
0 0.8343749999895703 0.6899999999885 0.05374999999932812 0.07333333333211112
0 0.8437499999894531 0.7766666666537222 0.06249999999921875 0.08333333333194444
0 0.9056249999886796 0.7674999999872083 0.05874999999926562 0.08833333333186111
0 0.8768749999890391 0.667499999988875 0.036249999999546874 0.061666666665638886
0 0.8799999999889999 0.6258333333229028 0.03249999999959375 0.04499999999925
0 0.9537499999880781 0.6441666666559306 0.049999999999374996 0.07166666666547222
