0 0.07734374999939575 0.7536458333254829 0.05781249999954834 0.07812499999918619
0 0.22929687499820864 0.7359374999923339 0.046093749999639895 0.06562499999931641
0 0.25429687499801334 0.7999999999916667 0.06015624999953003 0.08124999999915364
0 0.3976562499968933 0.8281249999913737 0.05468749999957276 0.08749999999908854
0 0.3453124999973023 0.6911458333261339 0.04218749999967041 0.05520833333275824
0 0.44960937499648745 0.7359374999923339 0.04921874999961548 0.0718749999992513
0 0.4925781249961518 0.7088541666592828 0.036718749999713134 0.05937499999938151
0 0.6351562499950378 0.5046874999947428 0.045312499999646 0.05729166666606988
0 0.6058593749952668 0.7510416666588433 0.05859374999954224 0.06249999999934896
0 0.8515624999933472 0.7604166666587456 0.0656249999994873 0.06874999999928386
0 0.7796874999939087 0.8531249999911132 0.0671874999994751 0.10833333333220486
0 0.8515624999933472 0.6812499999929036 0.04843749999962158 0.06041666666603732
