0 0.06727574750718811 0.3626760563295146 0.11461794019743159 0.16197183098211332
0 0.11461794019743159 0.27934272299813745 0.053156146178519 0.07981220657089642
0 0.08803986710817209 0.2546948356747724 0.05647840531467644 0.07276995304993497
0 0.23172757474698127 0.2629107981158941 0.05149501661044028 0.06103286384833256
0 0.25249169434796526 0.23591549295220854 0.03654485049773181 0.05868544600801207
0 0.318936877071114 0.1584507042216326 0.07308970099546362 0.10093896713378077
0 0.3538205980007671 0.22535211267076638 0.029900332225416937 0.056338028167691595
0 0.37956810630598725 0.25586854459493263 0.03820598006581053 0.06103286384833256
0 0.39285714285061696 0.3180751173634254 0.061461794018912594 0.10563380281442174
0 0.3504983388646096 0.510563380269705 0.14950166112708468 0.2370892018723688
0 0.5348837209213474 0.821596244112169 0.24916943521180782 0.25821596243525313
0 0.6694352159357236 0.39553990609400136 0.07641196013162106 0.12910798121762657
0 0.5764119601233154 0.32629107980454714 0.06312292358699131 0.07511737089025546
0 0.59634551494026 0.2746478873174965 0.03986710963388925 0.06572769952897352
0 0.563953488362725 0.2523474178344519 0.04152823920196797 0.07276995304993497
0 0.49584717607149753 0.2957746478803809 0.05481727574659772 0.08450704225153739
0 0.4867109634470646 0.24530516431349048 0.03654485049773181 0.07276995304993497
0 0.4476744185972147 0.26173708919573385 0.044850498338125405 0.07276995304993497
0 0.7043189368653767 0.10093896713378077 0.03654485049773181 0.06572769952897352
0 0.7383720930109905 0.276995305157817 0.05149501661044028 0.08450704225153739
0 0.8604651162647763 0.345070422527111 0.07641196013162106 0.14084507041922897
