0 0.8813476562413932 0.8526392961751812 0.11816406249884606 0.21847507331057953
0 0.6142578124940015 0.9120234603971844 0.14257812499860764 0.17302052785670058
0 0.5166015624949551 0.7719941348860411 0.10351562499898911 0.17448680351650311
0 0.42480468749585154 0.6436950146533182 0.08203124999919892 0.14956011729985982
0 0.3632812499964524 0.5505865102558565 0.0664062499993515 0.12170087976361142
0 0.4746093749953652 0.5131964809308915 0.05273437499948502 0.1026392961861783
0 0.5175781249949456 0.5080645161215827 0.039062499999618534 0.08357771260874519
0 0.5624999999945068 0.6253665689057863 0.06445312499937059 0.11583577712440123
0 0.6220703124939252 0.4728739002863215 0.04296874999958039 0.08357771260874519
0 0.7973632812422133 0.7089442815145316 0.08105468749920845 0.1774193548361082
0 0.8291015624919034 0.6158357771170698 0.05468749999946595 0.1055718475057834
0 0.8291015624919034 0.5124633431009903 0.039062499999618534 0.077712609969535
