0 0.06662269129199706 0.45480225987844064 0.048812664907007745 0.07344632768223265
0 0.16292875989230965 0.4604519773924585 0.04617414247960192 0.06967984933955405
0 0.24736147756929602 0.45103578153576207 0.040897097624790275 0.06214689265419686
0 0.22163588390208924 0.40112994349527065 0.023746701846652417 0.04519774011214317
0 0.29353562004889794 0.41054613935196715 0.02506596306035533 0.04896421845482177
0 0.3265171503914707 0.45856873822111927 0.040897097624790275 0.07721280602491125
0 0.3634564643751523 0.4293785310653601 0.027704485487761155 0.04896421845482177
0 0.42216358838493184 0.4500941619500924 0.04221635883849319 0.07156308851089335
0 0.49472295513859205 0.4218455743800029 0.029023746701464067 0.052730696797500365
0 0.5204485488057988 0.4058380414236189 0.022427440632949505 0.04331450094080387
0 0.5098944590961755 0.3804143126105384 0.019788918205543682 0.03389830508410738
0 0.5283641160880163 0.3644067796541543 0.01715039577813786 0.03201506591276808
0 0.54815303429356 0.37853107343919906 0.01715039577813786 0.03389830508410738
0 0.49340369392488914 0.3559322033831275 0.015831134564434947 0.03013182674142878
0 0.501978891813958 0.31544256119933256 0.014511873350732033 0.02824858757008948
0 0.4518469656932474 0.29472693031460023 0.01715039577813786 0.02824858757008948
0 0.449868073872693 0.3775894538535294 0.01846965699184077 0.03201506591276808
0 0.4234828495986348 0.3983050847382617 0.021108179419246594 0.02824858757008948
0 0.4023746701793882 0.37853107343919906 0.023746701846652417 0.03389830508410738
0 0.36807387862311247 0.3757062146821901 0.023746701846652417 0.03201506591276808
0 0.3555408970929348 0.39359698680991345 0.027704485487761155 0.037664783426785975
0 0.7928759894354501 0.4849340866198694 0.03693931398368154 0.06214689265419686
0 0.6748021108090395 0.39171374763857414 0.019788918205543682 0.03013182674142878
0 0.6840369393049599 0.3738229755108508 0.011873350923326208 0.024482109227410884
