0 0.03473684210453185 0.3228228228131284 0.06526315789336289 0.11111111110777443
0 0.10947368420822161 0.3153153153058464 0.0673684210512133 0.10810810810486161
0 0.24421052631064818 0.3228228228131284 0.0673684210512133 0.09909909909612315
0 0.3515789473610194 0.2942942942854566 0.0799999999983158 0.11411411411068725
0 0.43999999999073686 0.2822822822738053 0.054736842104110804 0.10810810810486161
0 0.5221052631469031 0.35435435434371304 0.10526315789252078 0.16816816816311805
0 0.5431578947254072 0.2777777777694361 0.0673684210512133 0.0930930930902975
0 0.6389473684076011 0.29879879878982585 0.08631578947186704 0.14114114113690265
0 0.765263157878626 0.3288288288189541 0.11999999999747368 0.2012012011951591
0 0.8757894736657729 0.23573573572865655 0.05052631578840997 0.08108108107864621
