0 0.12655601659488475 0.41744548285303906 0.1286307053915222 0.19937694703428732
0 0.06327800829744237 0.3255451713294223 0.047717842322661456 0.06542056074562552
0 0.24896265559649455 0.36137071649964575 0.09543568464532291 0.13084112149125104
0 0.2997925311141122 0.3255451713294223 0.043568464729386545 0.08411214953008997
0 0.4056016597426224 0.2897196261591988 0.05186721991593637 0.07476635513785775
0 0.4854771784131644 0.3193146417346008 0.07053941908567346 0.1339563862886618
0 0.5394190871257382 0.32242990653201153 0.04979253111929891 0.09034267912491144
0 0.7541493775777147 0.3551401869048243 0.13900414937470945 0.24922118379285915
0 0.85580912861295 0.29127725855790415 0.10580912862851019 0.1962616822368766
0 0.9304979252918985 0.30062305295013636 0.08091286306886074 0.15264797507312622
