0 0.3218749999949707 0.37153652392011244 0.1124999999982422 0.14861460956804498
0 0.21640624999661867 0.22921914357105241 0.0796874999987549 0.12090680100451118
0 0.14374999999775392 0.17884130981917276 0.06874999999892578 0.1007556675037593
0 0.1890624999970459 0.14105793450526302 0.07187499999887696 0.1007556675037593
0 0.3460937499945923 0.030226700251127794 0.045312499999291996 0.05541561712706762
0 0.38828124999393315 0.16372795969360887 0.057812499999096684 0.1007556675037593
0 0.4914062499923218 0.20906801007030057 0.07031249999890136 0.12594458437969913
0 0.6070312499905152 0.2758186397915411 0.09843749999846192 0.14357682619285703
0 0.5367187499916138 0.438287153641353 0.12656249999802247 0.24181360200902235
0 0.7640624999880615 0.2808564231667291 0.10937499999829102 0.1889168765695487
0 0.8726562499863648 0.2166246851330825 0.07656249999880371 0.14105793450526302
