0 0.04299999999914 0.6456456456262568 0.07799999999844 0.12012012011651291
0 0.11399999999772 0.6051051050869337 0.0599999999988 0.09909909909612315
0 0.15299999999694 0.46246246244857464 0.037999999999239996 0.04804804804660516
0 0.12199999999755999 0.47297297295876956 0.02399999999952 0.04504504504369234
0 0.19899999999602 0.48648648647187726 0.02199999999956 0.04804804804660516
0 0.2299999999954 0.49399399397915933 0.03199999999936 0.05705705705534363
0 0.25599999999488 0.6081081080898466 0.06799999999864 0.11711711711360008
0 0.15999999999679998 0.5435435435272209 0.04799999999904 0.060060060058256454
0 0.28199999999436 0.4909909909762465 0.03199999999936 0.05105105104951798
0 0.29099999999417997 0.4579579579442054 0.025999999999479998 0.039039039037866693
0 0.33399999999332 0.43543543542235924 0.019999999999599997 0.030030030029128227
0 0.32099999999358 0.4834834834689644 0.025999999999479998 0.04204204204077951
0 0.34399999999312 0.540540540524308 0.051999999998959996 0.07207207206990773
0 0.40199999999196 0.5180180180024618 0.039999999999199995 0.05105105104951798
0 0.43799999999124 0.5135135134980926 0.04399999999912 0.07207207206990773
0 0.42399999999152 0.4639639639500311 0.02399999999952 0.03303303303204105
0 0.48899999999022 0.48048048046605163 0.03399999999932 0.05405405405243081
0 0.51899999998962 0.47297297295876956 0.025999999999479998 0.05105105104951798
0 0.49799999999003997 0.4429429429296413 0.01599999999968 0.03303303303204105
0 0.53199999998936 0.4429429429296413 0.02399999999952 0.039039039037866693
0 0.5549999999888999 0.47447447446022595 0.03399999999932 0.05405405405243081
0 0.65699999998686 0.44744744743401055 0.0299999999994 0.04204204204077951
0 0.54399999998912 0.6966966966757748 0.09199999999816 0.19219219218642064
0 0.60899999998782 0.6921921921714056 0.07799999999844 0.14114114113690265
0 0.7129999999857399 0.5195195195039183 0.08199999999836 0.15615615615146677
0 0.7659999999846799 0.5030030029878978 0.04399999999912 0.08708708708447185
0 0.79299999998414 0.4654654654514875 0.04199999999916 0.0660660660640821
0 0.83399999998332 0.6186186186000414 0.07199999999856 0.14414414413981547
0 0.85299999998294 0.7747747747515082 0.12599999999748 0.20420420419807192
0 0.87299999998254 0.5435435435272209 0.06599999999868 0.09609609609321032
0 0.87599999998248 0.45945945944566186 0.03599999999928 0.05405405405243081
0 0.8369999999832599 0.481981981967508 0.0299999999994 0.05705705705534363
