0 0.1694335937491727 0.7232026143743582 0.07324218749964237 0.10261437908429664
0 0.14892578124927283 0.6715686274465911 0.03222656249984265 0.050326797385291985
0 0.2531738281237638 0.673202614374685 0.03173828124984503 0.0470588235291042
0 0.3083496093734944 0.7068627450934193 0.05029296874975443 0.06862745097994362
0 0.36523437499821665 0.6944444444399056 0.04199218749979496 0.07124183006489385
0 0.3693847656231964 0.7944444444392521 0.086425781249578 0.13267973856122434
0 0.3759765624981642 0.6003267973816973 0.026367187499871256 0.050326797385291985
0 0.449951171872803 0.717647058818839 0.0493164062497592 0.08104575163345723
0 0.4846191406226337 0.6986928104529497 0.03759765624981642 0.06535947712375582
0 0.5104980468725073 0.7009803921522813 0.03857421874981165 0.060784313725092916
0 0.5920410156221092 0.716013071890745 0.04345703124978781 0.05816993464014269
0 0.6086425781220282 0.7081699346358944 0.030761718749849797 0.05424836601271733
0 0.7189941406214894 0.7669934640472746 0.07373046874964 0.10522875816924689
0 0.7260742187464547 0.7081699346358944 0.053710937499737745 0.06601307189499339
0 0.8867187499956704 0.6947712418255244 0.037109374999818805 0.05228758169900466
0 0.9384765624954177 0.6970588235248559 0.039062499999809264 0.05816993464014269
