0 0.11639808362343991 0.6271269633487333 0.09908536585344276 0.20778795811450332
0 0.1672473867592177 0.5723167539248288 0.0688153310103031 0.1446335078529299
0 0.043662891985967636 0.49934554973658596 0.0659843205573476 0.11714659685825542
0 0.12891986062689695 0.3178992146586456 0.0666376306618758 0.11289267015669865
0 0.09843205574891457 0.29875654450164024 0.047909407665400895 0.08115183246046744
0 0.2642639372816545 0.3748363874333284 0.05335365853646918 0.09391361256513772
0 0.23813153310052673 0.33573298429209514 0.04072299651559076 0.06871727748668614
0 0.3236062717762988 0.42130235601956384 0.06402439024376301 0.12336387434514608
0 0.3438588850166728 0.755726439788103 0.13980836236903352 0.24181937172695742
0 0.455574912890994 0.5415575916212646 0.09059233449457624 0.14856020942359766
0 0.3868684668981122 0.3715641361244386 0.05553135888489649 0.09587696335047162
0 0.3231707317066133 0.30513743455397535 0.05618466898942469 0.08998691099446994
0 0.4236716027865338 0.32624345549631467 0.04769163763055816 0.08311518324580133
0 0.49466463414526424 0.42588350785200957 0.059015679442380196 0.10765706806247495
0 0.46265243902338277 0.39496073298300083 0.04856271776992909 0.08965968586358096
0 0.5357142857131191 0.3167539267005342 0.04137630662011896 0.07722513088979967
0 0.5946210801380779 0.36583769633388147 0.049869337978985476 0.09489528795780466
0 0.6165069686397724 0.3421138743444303 0.03571428571420794 0.08147905759135643
0 0.650914634144924 0.5463023560191548 0.09625435540048725 0.1796465968580509
0 0.6726916376291971 0.4756217277471348 0.059668989546908385 0.10569371727714107
0 0.6931620209044139 0.4042866492133368 0.052700348431940984 0.09195026177980384
0 0.7359538327510106 0.3596204188469908 0.05117595818804187 0.08442408376935726
0 0.7415069686395003 0.29466623036552797 0.0513937282228846 0.0854057591620242
0 0.7043771776988146 0.26276178010385226 0.044207317073074466 0.08965968586358096
0 0.8124999999982306 0.3219895287947579 0.04703832752602997 0.07918848167513355
0 0.8278527874546432 0.37320026177888355 0.049869337978985476 0.0926047120415818
0 0.8445121951201121 0.45337041884668405 0.061846689895335705 0.10569371727714107
0 0.8711890243883468 0.6454515706785162 0.13044425087079609 0.20713350785272536
0 0.8027003484303077 0.5147251308883681 0.09494773519143086 0.1583769633502671
0 0.8391768292664652 0.26979712041796533 0.04159407665496169 0.08213350785313439
0 0.9094076655032461 0.3257526177999812 0.04268292682917534 0.09718586387402754
0 0.932600174213997 0.2882853403131928 0.04551393728213085 0.08769633507824708
