0 0.25249999999684375 0.6649999999889167 0.13999999999825 0.18666666666355555
0 0.06562499999917969 0.5599999999906666 0.12124999999848438 0.1499999999975
0 0.038124999999523436 0.43166666665947223 0.07374999999907812 0.14666666666422223
0 0.39312499999508593 0.42416666665959724 0.05624999999929687 0.09833333333169444
0 0.4862499999939219 0.5183333333246944 0.08749999999890624 0.12333333333127777
0 0.639999999992 0.42333333332627776 0.054999999999312495 0.08333333333194444
0 0.6643749999916952 0.5633333333239444 0.09374999999882812 0.1366666666643889
0 0.7418749999907265 0.42666666665955555 0.05624999999929687 0.09333333333177778
0 0.7318749999908515 0.3883333333268611 0.04124999999948437 0.053333333332444444
0 0.8556249999893046 0.41416666665976387 0.05624999999929687 0.06833333333219445
0 0.8974999999887812 0.4791666666586806 0.06249999999921875 0.10833333333152778
0 0.9449999999881874 0.41166666665980556 0.0649999999991875 0.08666666666522221
