0 0.16328124999744875 0.5748440748321237 0.08906249999860841 0.15176715176399652
0 0.23906249999626467 0.5384615384503438 0.0562499999991211 0.0956340956321074
0 0.28359374999556886 0.4365904365813598 0.0671874999989502 0.08731808731627197
0 0.43437499999321294 0.5228690228581524 0.0999999999984375 0.16424116423774965
0 0.5898437499907837 0.8222453222282277 0.1109374999982666 0.17255717255358508
0 0.7828124999877686 0.7182952182802849 0.0781249999987793 0.1434511434481611
0 0.8734374999863526 0.5831600831479592 0.06249999999902344 0.12681912681649024
0 0.9367187499853639 0.6455301455167249 0.07343749999885255 0.10602910602690167
0 0.9562499999850587 0.8409563409388574 0.08749999999863281 0.2557172557119393
0 0.0554687499991333 0.6517671517536014 0.0671874999989502 0.1476091476060788
0 0.2921874999954346 0.369022869015197 0.04999999999921875 0.09355509355314853
0 0.33906249999470217 0.3191268191201844 0.05937499999907227 0.08939708939523082
0 0.5273437499917603 0.354469854462485 0.03906249999938965 0.07276507276355997
0 0.5843749999908692 0.41060291059437415 0.04999999999921875 0.07692307692147768
0 0.6421874999899658 0.4667359667262632 0.04999999999921875 0.07692307692147768
0 0.6203124999903077 0.5311850311739877 0.06249999999902344 0.08108108107939539
0 0.20546874999678957 0.20478170477744734 0.04218749999934082 0.06860706860564225
0 0.20312499999682618 0.34407484406769073 0.053124999999169926 0.08108108107939539
0 0.019531249999694824 0.20374220373796792 0.03593749999943848 0.07484407484251883
