0 0.08437499999868164 0.8021077283184518 0.11562499999819337 0.19906323184545519
0 0.05390624999915772 0.6873536299604835 0.0796874999987549 0.12880562060588277
0 0.18515624999710695 0.7716627634479705 0.0796874999987549 0.12412177985657795
0 0.22109374999654544 0.6498829039660449 0.07031249999890136 0.11007025760866346
0 0.2984374999953369 0.825526932064976 0.15312499999760742 0.2646370023357228
0 0.377343749994104 0.7529274004507511 0.09531249999851074 0.17564402809893107
0 0.3929687499938599 0.6791569086492001 0.0796874999987549 0.1311475409805352
0 0.51328124999198 0.46838407493048284 0.06406249999899903 0.12177985948192553
0 0.4726562499926148 0.7330210772662056 0.07343749999885255 0.1498829039777545
0 0.5499999999914063 0.809133489442409 0.0999999999984375 0.20374707259476002
0 0.5570312499912964 0.6861826697731573 0.09843749999846192 0.14519906322844967
0 0.645312499989917 0.6861826697731573 0.06249999999902344 0.11709601873262071
0 0.6867187499892701 0.7060889929577029 0.0796874999987549 0.12880562060588277
0 0.690624999989209 0.8138173301917139 0.1562499999975586 0.18969555034684554
0 0.7031249999890137 0.9180327868637463 0.1468749999977051 0.16393442622566898
0 0.871874999986377 0.9121779859271153 0.19374999999697268 0.17564402809893107
0 0.8421874999868408 0.7798594847592539 0.12812499999799806 0.19203747072149796
0 0.8578124999865967 0.673302107712569 0.06562499999897461 0.11475409835796829
0 0.8148437499872682 0.661592505839307 0.05468749999914551 0.10538641685935864
0 0.8999999999859376 0.7540983606380773 0.08437499999868164 0.17330210772427865
