0 0.28249999999646874 0.25313807530851173 0.03249999999959375 0.07531380752980515
0 0.36624999999542185 0.263598326354318 0.0349999999995625 0.06694560669316013
0 0.11249999999859374 0.41945606693683146 0.05999999999925 0.09832635983057894
0 0.1393749999982578 0.47698744768876594 0.05874999999926562 0.11297071129470772
0 0.24624999999692188 0.4832635983162497 0.08249999999896875 0.13389121338632026
0 0.31749999999603123 0.4822175732116691 0.06249999999921875 0.09832635983057894
0 0.36124999999548435 0.6161087865979893 0.10749999999865624 0.19037656903367411
0 0.40124999999498434 0.4497907949696696 0.047499999999406246 0.08786610878477268
0 0.4724999999940937 0.5324267782315392 0.057499999999281244 0.13598326359548152
0 0.4712499999941093 0.48117154810708845 0.049999999999374996 0.09205020920309517
0 0.523124999993461 0.4445606694467665 0.04874999999939062 0.08577405857561142
0 0.6118749999923515 0.5198744769765716 0.07124999999910937 0.11506276150386897
0 0.5949999999925625 0.4707112970612822 0.05999999999925 0.08786610878477268
0 0.6187499999922655 0.42677824266889586 0.0449999999994375 0.07531380752980515
0 0.6831249999914609 0.4424686192376052 0.031249999999609375 0.06903765690232139
0 0.686874999991414 0.6014644351338606 0.09374999999882812 0.16527196652373907
0 0.7662499999904219 0.5230125522903135 0.069999999999125 0.12552301254967524
0 0.8343749999895703 0.4686192468521209 0.031249999999609375 0.06694560669316013
0 0.8599999999892499 0.49999999998953976 0.047499999999406246 0.10460251045806271
0 0.9081249999886484 0.5439330543819261 0.08374999999895312 0.16317991631457782
0 0.9112499999886093 0.448744769865089 0.0349999999995625 0.06903765690232139
0 0.9693749999878828 0.5010460250941203 0.04874999999939062 0.09832635983057894
0 0.9887499999876406 0.44351464434218585 0.02249999999971875 0.04602510460154759
