0 0.29307692307241423 0.6562499999835938 0.14615384615159763 0.26749999999331253
0 0.22384615384271006 0.5224999999869375 0.10615384615221302 0.184999999995375
0 0.13999999999784615 0.4824999999879375 0.052307692306887574 0.104999999997375
0 0.10307692307533728 0.4487499999887813 0.0461538461531361 0.0924999999976875
0 0.08461538461408284 0.39249999999018753 0.02769230769188166 0.04999999999875
0 0.0661538461528284 0.4024999999899375 0.02461538461500592 0.04999999999875
0 0.19692307692004735 0.4012499999899688 0.02769230769188166 0.047499999998812506
0 0.23692307691943196 0.38124999999046877 0.0307692307687574 0.0524999999986875
0 0.2776923076880355 0.39374999999015625 0.03230769230719527 0.0524999999986875
0 0.3146153846105444 0.3774999999905625 0.029230769230319528 0.04999999999875
0 0.38230769230181066 0.42999999998925004 0.04769230769157397 0.064999999998375
0 0.43461538460869825 0.43624999998909375 0.035384615384071005 0.0824999999979375
0 0.4115384615321302 0.39999999999 0.029230769230319528 0.044999999998875
0 0.4199999999935385 0.3662499999908438 0.018461538461254437 0.037499999999062505
0 0.43923076922401183 0.38374999999040627 0.02307692307656805 0.0424999999989375
0 0.48769230768480476 0.38999999999025003 0.021538461538130178 0.04999999999875
0 0.5176923076843433 0.4487499999887813 0.050769230768449705 0.10749999999731251
0 0.5353846153763787 0.4012499999899688 0.03999999999938462 0.05749999999856251
0 0.5261538461457516 0.37999999999050005 0.018461538461254437 0.034999999999125
0 0.5607692307606036 0.39124999999021876 0.01692307692281657 0.0424999999989375
0 0.5776923076834202 0.38124999999046877 0.01999999999969231 0.0424999999989375
0 0.5892307692217041 0.4162499999895938 0.0307692307687574 0.0624999999984375
0 0.6215384615288995 0.494999999987625 0.06461538461439054 0.12999999999675
0 0.6299999999903078 0.4112499999897188 0.029230769230319528 0.047499999998812506
0 0.614615384605929 0.32999999999175 0.01692307692281657 0.034999999999125
0 0.6746153846050059 0.32999999999175 0.01999999999969231 0.044999999998875
0 0.7092307692198581 0.4062499999898438 0.036923076922508874 0.05749999999856251
0 0.6899999999893847 0.39874999999003125 0.01999999999969231 0.0424999999989375
0 0.6815384615279764 0.39999999999 0.0153846153843787 0.034999999999125
0 0.7776923076803433 0.514999999987125 0.08461538461408284 0.159999999996
0 0.7615384615267456 0.4162499999895938 0.02769230769188166 0.0624999999984375
0 0.7946153846031598 0.4412499999889688 0.04153846153782249 0.0824999999979375
0 0.8130769230644143 0.4199999999895 0.026153846153443787 0.054999999998625
0 0.839230769217858 0.34374999999140626 0.01999999999969231 0.0524999999986875
0 0.8453846153716095 0.43124999998921876 0.026153846153443787 0.0524999999986875
0 0.8653846153713018 0.45999999998850005 0.03230769230719527 0.079999999998
0 0.9253846153703787 0.4824999999879375 0.056923076922201186 0.08999999999775
0 0.9046153846014675 0.42749999998931254 0.02769230769188166 0.054999999998625
0 0.9299999999856924 0.43124999998921876 0.035384615384071005 0.0624999999984375
0 0.9261538461395977 0.354999999991125 0.021538461538130178 0.044999999998875
0 0.9730769230619527 0.42624999998934376 0.026153846153443787 0.05749999999856251
0 0.9876923076771125 0.46249999998843755 0.02461538461500592 0.06999999999825
0 0.9530769230622604 0.3124999999921875 0.03230769230719527 0.064999999998375
