0 0.7821428571335459 0.2817531305852996 0.0523809523803288 0.10196779964039414
0 0.854761904751729 0.2915921287962148 0.049999999999404764 0.0787119856873218
0 0.9136904761795989 0.29069767441340433 0.04166666666617063 0.08407871198418464
0 0.6505952380874929 0.27549194990562625 0.029761904761550453 0.05366726296862849
0 0.6797619047538124 0.2790697674368682 0.028571428571088436 0.05724508049987039
0 0.7315476190389101 0.26744186046033197 0.027380952380626416 0.05187835420300754
0 0.7535714285624575 0.2728085867571948 0.0261904761901644 0.05187835420300754
0 0.6089285714213223 0.2781753130540577 0.029761904761550453 0.05903398926549134
0 0.5547619047553004 0.2817531305852996 0.040476190475708614 0.05903398926549134
0 0.5398809523745252 0.2495527728041225 0.017857142856930273 0.030411449015556147
0 0.5166666666605159 0.2629695885462796 0.0261904761901644 0.050089445437386595
0 0.45416666666125993 0.2790697674368682 0.05119047618986678 0.10733452593725698
0 0.41845238094739934 0.2549194991009853 0.015476190476006235 0.03398926654679805
0 0.3869047619001559 0.24329159212444917 0.016666666666468252 0.04293381037490279
0 0.3351190476150581 0.2629695885462796 0.06309523809448696 0.1359570661871922
0 0.29642857142504253 0.2567084078666063 0.04761904761848072 0.09481216457791034
0 0.2714285714253401 0.23971377459320728 0.0261904761901644 0.04293381037490279
0 0.2428571428542517 0.2415026833588282 0.033333333332936504 0.06440071556235419
0 0.2184523809497803 0.23434704829634442 0.03690476190432256 0.0679785330935961
0 0.15833333333144842 0.2611806797806587 0.10238095237973356 0.18246869409333688
0 0.10357142857019558 0.22898032199948157 0.05476190476125283 0.08228980321856369
0 0.060714285713562924 0.22271914131980824 0.049999999999404764 0.05903398926549134
