0 0.08090909090761983 0.56228956227063 0.027272727272231404 0.06060606060401999
0 0.12909090908856197 0.587542087522305 0.02545454545408264 0.05723905723712999
0 0.13454545454300826 0.7104377104137899 0.0363636363629752 0.06734006733779999
0 0.19999999999636361 0.7188552188310149 0.029090909090380163 0.05723905723712999
0 0.1827272727239504 0.57912457910508 0.027272727272231404 0.053872053870239994
0 0.16545454545153718 0.55555555553685 0.02545454545408264 0.053872053870239994
0 0.2109090909052562 0.574074074054745 0.021818181817785123 0.050505050503349996
0 0.23363636363211568 0.58249158247197 0.01999999999963636 0.053872053870239994
0 0.2554545454499008 0.584175084155415 0.027272727272231404 0.05723905723712999
0 0.2699999999950909 0.7508417508164699 0.030909090908528922 0.06734006733779999
0 0.28999999999472725 0.601010100989865 0.027272727272231404 0.050505050503349996
0 0.28545454544935533 0.563973063954075 0.02545454545408264 0.050505050503349996
0 0.30909090908528924 0.594276094256085 0.02545454545408264 0.05723905723712999
0 0.33090909090307435 0.574074074054745 0.02545454545408264 0.050505050503349996
0 0.34181818181196694 0.57912457910508 0.021818181817785123 0.053872053870239994
0 0.32636363635770244 0.7205387205144599 0.034545454544826444 0.06734006733779999
0 0.3645454545388264 0.58922558920575 0.023636363635933882 0.053872053870239994
0 0.37727272726586775 0.58922558920575 0.023636363635933882 0.053872053870239994
0 0.3981818181745785 0.577441077421635 0.02545454545408264 0.050505050503349996
0 0.4245454545377355 0.570707070687855 0.023636363635933882 0.050505050503349996
0 0.39909090908365286 0.7188552188310149 0.03818181818112396 0.07744107743847
0 0.4609090909007107 0.7373737373489099 0.030909090908528922 0.06060606060401999
0 0.45363636362811566 0.57912457910508 0.01999999999963636 0.053872053870239994
0 0.47818181817312394 0.58585858583886 0.021818181817785123 0.06060606060401999
0 0.49090909090016527 0.574074074054745 0.0181818181814876 0.050505050503349996
0 0.5054545454453553 0.577441077421635 0.021818181817785123 0.050505050503349996
0 0.519090909081471 0.7138047137806799 0.030909090908528922 0.06060606060401999
0 0.5354545454448099 0.57912457910508 0.023636363635933882 0.06060606060401999
0 0.5663636363533388 0.58585858583886 0.01999999999963636 0.06060606060401999
0 0.5909090908983471 0.604377104356755 0.02545454545408264 0.05723905723712999
0 0.5909090908983471 0.5723905723713 0.0181818181814876 0.040404040402679996
0 0.5827272727166777 0.7222222221979049 0.030909090908528922 0.07070707070469
0 0.6309090908976198 0.7121212120972349 0.029090909090380163 0.07070707070469
0 0.6154545454433553 0.584175084155415 0.023636363635933882 0.050505050503349996
0 0.6327272727157686 0.56228956227063 0.0181818181814876 0.04713804713646
0 0.6490909090791074 0.577441077421635 0.021818181817785123 0.050505050503349996
0 0.6718181818059669 0.587542087522305 0.01999999999963636 0.050505050503349996
0 0.6845454545330082 0.5723905723713 0.01999999999963636 0.040404040402679996
0 0.6990909090781983 0.594276094256085 0.023636363635933882 0.05723905723712999
0 0.7136363636233883 0.58922558920575 0.01999999999963636 0.04713804713646
0 0.7299999999867273 0.56565656563752 0.01999999999963636 0.04713804713646
0 0.7399999999865454 0.59595959593953 0.02545454545408264 0.06060606060401999
0 0.6827272727148594 0.7424242423992449 0.023636363635933882 0.05723905723712999
0 0.7399999999865454 0.7272727272482399 0.029090909090380163 0.06060606060401999
0 0.7672727272587768 0.594276094256085 0.021818181817785123 0.043771043769569994
0 0.796363636349157 0.6060606060402 0.021818181817785123 0.053872053870239994
0 0.8227272727123139 0.59259259257264 0.023636363635933882 0.06060606060401999
0 0.8481818181663966 0.594276094256085 0.023636363635933882 0.05723905723712999
0 0.8627272727115867 0.7373737373489099 0.030909090908528922 0.06734006733779999
0 0.8099999999852727 0.7373737373489099 0.027272727272231404 0.06734006733779999
0 0.8990909090745619 0.604377104356755 0.023636363635933882 0.050505050503349996
0 0.8881818181656693 0.577441077421635 0.01999999999963636 0.043771043769569994
0 0.944545454528281 0.57575757573819 0.030909090908528922 0.06060606060401999
