0 0.0303867403306523 0.40199999998391994 0.05524861878300418 0.07599999999696
0 0.13674033148793535 0.40399999998383995 0.058011049722154394 0.07199999999711999
0 0.22237569060159185 0.39599999998415997 0.052486187843853976 0.06399999999744
0 0.19751381214923996 0.33999999998639996 0.03591160220895272 0.047999999998079995
0 0.2734806629758707 0.34799999998607994 0.03314917126980251 0.055999999997759994
0 0.3121546961239736 0.40599999998375996 0.049723756904703764 0.07599999999696
0 0.34944751380250144 0.36799999998528 0.0303867403306523 0.047999999998079995
0 0.34116022098505083 0.32799999998687995 0.0303867403306523 0.039999999998399996
0 0.35497237568080187 0.31599999998735995 0.024861878452351882 0.039999999998399996
0 0.3936464088289048 0.31199999998752 0.024861878452351882 0.047999999998079995
0 0.41712707181168157 0.33999999998639996 0.02762430939150209 0.047999999998079995
0 0.4157458563421065 0.39799999998408 0.04696132596555356 0.07599999999696
0 0.49585635357746255 0.36399999998543997 0.041436464087253135 0.06399999999744
0 0.4765193370034111 0.33799999998647995 0.024861878452351882 0.043999999998239996
0 0.44198895026403345 0.31399999998744 0.022099447513201673 0.035999999998559996
0 0.4461325966727588 0.22399999999103998 0.019337016574051465 0.03199999999872
0 0.4903314916991621 0.29199999998832 0.024861878452351882 0.039999999998399996
0 0.5207182320298144 0.34799999998607994 0.0303867403306523 0.047999999998079995
0 0.5096685082732136 0.31599999998735995 0.019337016574051465 0.03199999999872
0 0.52762430937769 0.29599999998815996 0.022099447513201673 0.03199999999872
0 0.5511049723604667 0.31599999998735995 0.019337016574051465 0.039999999998399996
0 0.501381215455763 0.24599999999015998 0.019337016574051465 0.027999999998879997
0 0.687845303848402 0.32599999998695994 0.022099447513201673 0.043999999998239996
0 0.6947513811962776 0.30399999998784 0.019337016574051465 0.023999999999039998
0 0.8121546961101614 0.43199999998272 0.049723756904703764 0.07199999999711999
