0 0.05499999999908333 0.5439672801524752 0.04333333333261111 0.05725971370026054
0 0.09166666666513888 0.5224948875148775 0.03666666666605556 0.05112474437523263
0 0.1366666666643889 0.5224948875148775 0.04333333333261111 0.06339468302528846
0 0.16833333333052777 0.5214723926273728 0.03333333333277778 0.04907975460022332
0 0.18499999999691666 0.4928425357772425 0.03333333333277778 0.040899795500186104
0 0.22166666666297222 0.48568507156470997 0.03666666666605556 0.047034764825214015
0 0.2566666666623889 0.5163599181898495 0.03999999999933333 0.047034764825214015
0 0.202499999996625 0.5419222903774659 0.034999999999416664 0.04907975460022332
0 0.21666666666305556 0.6145194273902962 0.04333333333261111 0.05521472392525124
0 0.3041666666615972 0.5194274028523634 0.034999999999416664 0.04498977505020471
0 0.33333333332777776 0.4887525562272239 0.0299999999995 0.04498977505020471
0 0.36499999999391664 0.526584867064896 0.03666666666605556 0.06339468302528846
0 0.32999999999449997 0.6308793455903706 0.03999999999933333 0.047034764825214015
0 0.4033333333266111 0.49488752555225185 0.03333333333277778 0.04907975460022332
0 0.41333333332644445 0.5460122699274844 0.0299999999995 0.04907975460022332
0 0.42833333332619444 0.6196319018278195 0.03999999999933333 0.04907975460022332
0 0.45666666665905553 0.5102249488648216 0.03999999999933333 0.05112474437523263
0 0.4816666666586389 0.5378323108274472 0.03333333333277778 0.04907975460022332
0 0.5358333333244027 0.5419222903774659 0.034999999999416664 0.05316973415024193
0 0.5416666666576389 0.6247443762653427 0.04666666666588889 0.06339468302528846
0 0.5599999999906666 0.49182004088973785 0.03333333333277778 0.05112474437523263
0 0.6166666666563889 0.46932515336463554 0.03666666666605556 0.05112474437523263
0 0.5949999999900834 0.5449897750399798 0.03666666666605556 0.05112474437523263
0 0.6441666666559306 0.6206543967153241 0.04166666666597222 0.059304703475269845
0 0.6574999999890416 0.5327198363899239 0.034999999999416664 0.047034764825214015
0 0.6774999999887084 0.509202453977317 0.034999999999416664 0.05316973415024193
0 0.7166666666547222 0.5398773006024565 0.04333333333261111 0.05725971370026054
0 0.7558333333207361 0.5061349693148031 0.034999999999416664 0.05112474437523263
0 0.7608333333206527 0.5541922290275216 0.034999999999416664 0.04907975460022332
0 0.73499999998775 0.6308793455903706 0.03999999999933333 0.059304703475269845
0 0.8216666666529722 0.5521472392525124 0.03999999999933333 0.05316973415024193
0 0.7983333333200278 0.5143149284148403 0.03666666666605556 0.05112474437523263
0 0.8524999999857916 0.5173824130773542 0.038333333332694446 0.04907975460022332
0 0.8833333333186111 0.5603271983525496 0.03999999999933333 0.04907975460022332
0 0.9066666666515555 0.5214723926273728 0.03666666666605556 0.04498977505020471
0 0.9333333333177778 0.5368098159399426 0.03999999999933333 0.05112474437523263
0 0.8933333333184444 0.6370143149153985 0.04333333333261111 0.06339468302528846
