0 0.09399999999811999 0.29936305731530694 0.051999999998959996 0.08280254776806362
0 0.32799999999344 0.3901273885226074 0.051999999998959996 0.07324840764097935
0 0.29899999999402 0.7070063694042354 0.08999999999819999 0.1401273885305692
0 0.54399999998912 0.6815286623986775 0.099999999998 0.1401273885305692
0 0.9369999999812599 0.616242038196935 0.08199999999836 0.11783439490070591
0 0.85299999998294 0.4617834394757394 0.0699999999986 0.10191082802223214
0 0.72899999998542 0.3901273885226074 0.04599999999908 0.07961783439236886
0 0.6019999999879599 0.3678343948927441 0.04799999999904 0.07961783439236886
0 0.60399999998792 0.24840764330419085 0.02799999999944 0.03821656050833705
0 0.53299999998934 0.25477707005558037 0.0299999999994 0.04458598725972656
0 0.48199999999036 0.2802547770611384 0.03599999999928 0.05095541401111607
0 0.47399999999052 0.3917197452104548 0.0599999999988 0.09554140127084264
0 0.41199999999175996 0.28821656050037525 0.02799999999944 0.05414012738681082
0 0.40099999999198 0.1671974522239746 0.025999999999479998 0.04140127388403181
0 0.46299999999074 0.18471337579029576 0.025999999999479998 0.04458598725972656
0 0.70399999998592 0.2929936305639174 0.02799999999944 0.05095541401111607
0 0.82899999998342 0.20700636942015904 0.01799999999964 0.025477707005558035
0 0.96699999998066 0.17515923566321148 0.01799999999964 0.031847133756947546
0 0.96399999998072 0.2149681528593959 0.02399999999952 0.04140127388403181
