0 0.034166666666097224 0.4210526315683947 0.03166666666613889 0.055137844610146924
0 0.06499999999891666 0.4160401002401995 0.0299999999995 0.0401002506255614
0 0.14333333333094445 0.4285714285606874 0.023333333332944444 0.04511278195375657
0 0.19249999999679165 0.5213032581322982 0.10166666666497222 0.1754385964868311
0 0.247499999995875 0.4812030075067368 0.05499999999908333 0.11528822054848901
0 0.2233333333296111 0.4285714285606874 0.03999999999933333 0.06516290726653727
0 0.2658333333289028 0.4298245613927362 0.038333333332694446 0.06766917293063486
0 0.3116666666614722 0.44360902254527296 0.03333333333277778 0.04511278195375657
0 0.352499999994125 0.4235588972324923 0.04166666666597222 0.055137844610146924
0 0.35583333332740275 0.46616541352215124 0.04499999999925 0.07518796992292762
0 0.4033333333266111 0.4987468671554199 0.053333333332444444 0.13032581453307454
0 0.4583333333256944 0.4999999999874687 0.09333333333177778 0.18796992480731906
0 0.4891666666585139 0.44360902254527296 0.04499999999925 0.0802005012511228
0 0.5391666666576805 0.4711779448503464 0.051666666665805557 0.09523809523570832
0 0.5541666666574305 0.43107769422478504 0.021666666666305553 0.0401002506255614
0 0.5749999999904166 0.43107769422478504 0.023333333332944444 0.050125313281951744
0 0.6033333333232778 0.4398496240491266 0.026666666666222222 0.04761904761785416
0 0.6316666666561389 0.44360902254527296 0.026666666666222222 0.0601503759383421
0 0.667499999988875 0.47994987467468797 0.07499999999875 0.1428571428535625
0 0.7374999999877083 0.47243107768239523 0.04499999999925 0.0776942355870252
0 0.8099999999865 0.5238095237963958 0.09666666666505555 0.19047619047141665
0 0.8949999999850833 0.4636591478580537 0.04999999999916667 0.10025062656390349
0 0.9549999999840834 0.48496240600288315 0.04333333333261111 0.0776942355870252
