0 0.5921874999907472 0.3643497757765841 0.0562499999991211 0.10089686098428483
0 0.8593749999865723 0.8183856502058658 0.11874999999814453 0.1659192825074906
0 0.6367187499900513 0.9170403587238333 0.1453124999977295 0.1659192825074906
0 0.4398437499931275 0.7410313901179142 0.09218749999855957 0.13677130044536387
0 0.2929687499954224 0.7073991031231526 0.07656249999880371 0.1098654708495546
0 0.2101562499967163 0.8856502241953891 0.15156249999763186 0.2197309416991092
0 0.2234374999965088 0.6782511210610258 0.06562499999897461 0.11434977578218948
0 0.17734374999722902 0.625560538102566 0.057812499999096684 0.0941704035853325
0 0.037499999999414065 0.7410313901179142 0.07187499999887696 0.14125560537799875
0 0.14843749999768066 0.5639013452788363 0.03437499999946289 0.0605381165905709
