0 0.9024999999774376 0.3308270676567358 0.044999999998875 0.08270676691418395
0 0.7812499999804688 0.38533834585017523 0.0174999999995625 0.033834586464893436
0 0.7399999999815 0.4041353383306716 0.0199999999995 0.041353383457091976
0 0.7012499999824688 0.3928571428423738 0.0224999999994375 0.041353383457091976
0 0.6487499999837812 0.4135338345709198 0.0224999999994375 0.04511278195319125
0 0.6487499999837812 0.3778195488579767 0.0174999999995625 0.033834586464893436
0 0.5687499999857812 0.4285714285553169 0.0274999999993125 0.05263157894538979
0 0.5862499999853438 0.38533834585017523 0.0174999999995625 0.033834586464893436
0 0.5474999999863125 0.38345864660212564 0.0199999999995 0.037593984960992706
0 0.4937499999876563 0.43796992479556507 0.037499999999062505 0.05639097744148906
0 0.47624999998809375 0.40789473682677085 0.0174999999995625 0.041353383457091976
0 0.39249999999018753 0.47180451126045847 0.039999999999 0.07894736841808468
0 0.37874999999053127 0.42105263156311834 0.0274999999993125 0.037593984960992706
0 0.334999999991625 0.38533834585017523 0.0199999999995 0.041353383457091976
0 0.374999999990625 0.3872180450982249 0.014999999999625 0.030075187968794166
0 0.43624999998909375 0.3872180450982249 0.0174999999995625 0.030075187968794166
0 0.2924999999926875 0.43421052629946577 0.024999999999375 0.05639097744148906
0 0.26374999999340626 0.38909774434627453 0.0274999999993125 0.04887218044929052
0 0.244999999993875 0.40601503757872126 0.024999999999375 0.04511278195319125
0 0.21249999999468752 0.4887218044929052 0.054999999998625 0.0902255639063825
0 0.15124999999621877 0.45300751877996215 0.0324999999991875 0.05639097744148906
0 0.1824999999954375 0.42105263156311834 0.02999999999925 0.05263157894538979
0 0.1399999999965 0.41729323306701904 0.0199999999995 0.037593984960992706
0 0.053749999998656255 0.44360902253971396 0.0324999999991875 0.05263157894538979
0 0.028749999999281253 0.43045112780336653 0.0324999999991875 0.04887218044929052
