0 0.14795918366843674 0.554545454520248 0.05102040816152992 0.0818181818144628
0 0.2857142857045675 0.5749999999738636 0.034013605441019945 0.04999999999772727
0 0.43027210882890227 0.5431818181571281 0.03061224489691795 0.0409090909072314
0 0.3690476190350664 0.5227272727035124 0.03061224489691795 0.03636363636198347
0 0.3724489795791684 0.48409090906890495 0.017006802720509973 0.031818181816735534
0 0.2976190476089245 0.5045454545225206 0.017006802720509973 0.0272727272714876
0 0.31292517005738346 0.5295454545213842 0.027210884352815955 0.031818181816735534
0 0.43197278910095327 0.4704545454331611 0.020408163264611964 0.02272727272623967
0 0.4710884353581262 0.45681818179741734 0.017006802720509973 0.031818181816735534
0 0.49829931971094216 0.4909090908867768 0.02380952380871396 0.03636363636198347
0 0.5408163265122171 0.5204545454308884 0.027210884352815955 0.031818181816735534
0 0.5493197278724721 0.44545454543429747 0.017006802720509973 0.0272727272714876
0 0.593537414945798 0.43409090907117764 0.017006802720509973 0.031818181816735534
0 0.6377551020191239 0.4181818181628099 0.03061224489691795 0.03636363636198347
0 0.6853741496365519 0.4522727272521694 0.03061224489691795 0.0409090909072314
0 0.6904761904527048 0.5181818181582645 0.034013605441019945 0.0545454545429752
0 0.9489795918044565 0.4477272727069215 0.0612244897938359 0.08636363635971074
0 0.9183673469075385 0.40227272725444213 0.034013605441019945 0.059090909088223134
0 0.9030612244590795 0.35909090907458674 0.02380952380871396 0.03636363636198347
0 0.9472789115324054 0.34999999998409087 0.02380952380871396 0.03636363636198347
0 0.9761904761572724 0.340909090893595 0.027210884352815955 0.03636363636198347
0 0.8690476190180596 0.3772727272555785 0.03061224489691795 0.04545454545247934
0 0.8520408162975496 0.4159090908901859 0.02380952380871396 0.0409090909072314
0 0.8299319727608866 0.4181818181628099 0.027210884352815955 0.04545454545247934
0 0.8010204081360197 0.4227272727080578 0.02380952380871396 0.04545454545247934
0 0.8163265305844787 0.3840909090734504 0.027210884352815955 0.0409090909072314
0 0.7193877550775718 0.4045454545270661 0.02380952380871396 0.03636363636198347
0 0.7380952380701328 0.38636363634607435 0.020408163264611964 0.03636363636198347
0 0.6836734693645009 0.4045454545270661 0.020408163264611964 0.03636363636198347
