0 0.02756653992343029 0.3446261682162471 0.05133079847811158 0.06775700934421129
0 0.08174904942810363 0.3364485981229802 0.05703422053123509 0.06542056074613503
0 0.14828897338121122 0.3679906541970096 0.0646387832687331 0.06775700934421129
0 0.21863117870306784 0.46144859812005967 0.08745247148122713 0.12850467289419382
0 0.2899239543671117 0.5268691588661947 0.1387832699593387 0.18925233644417636
0 0.25190114067962166 0.38668224298161963 0.06653992395310761 0.10046728971727881
0 0.3726235741374026 0.3411214953191327 0.05703422053123509 0.06074766354998254
0 0.4134980988514544 0.42056074765372525 0.09695817490309966 0.1448598130807276
0 0.4743346007514385 0.3516355140104758 0.05133079847811158 0.0817757009326688
0 0.6017110266045302 0.4322429906441065 0.11596958174684469 0.1495327102768801
0 0.7652091254607375 0.35864485980470456 0.07414448669060561 0.10981308410958382
0 0.8963878326825782 0.40186915886911523 0.09315589353435065 0.12616822429611757
0 0.7015209125341916 0.2499999999941589 0.03422053231874105 0.05140186915767753
