0 0.11599999999768 0.3888888888772105 0.04399999999912 0.07507507507282056
0 0.06399999999872 0.47297297295876956 0.02399999999952 0.05105105104951798
0 0.02299999999954 0.4954954954806157 0.03399999999932 0.04804804804660516
0 0.11199999999776 0.5825825825650875 0.0599999999988 0.09609609609321032
0 0.10099999999798 0.5360360360199388 0.049999999999 0.07507507507282056
0 0.026999999999459998 0.5540540540374157 0.04199999999916 0.08108108107864621
0 0.17799999999644 0.5375375375213952 0.04799999999904 0.10210210209903596
0 0.20799999999583998 0.48498498497042086 0.039999999999199995 0.05705705705534363
0 0.22899999999541998 0.5930930930752825 0.06199999999876 0.11111111110777443
0 0.2799999999944 0.4834834834689644 0.02799999999944 0.04804804804660516
0 0.29299999999414 0.5420420420257644 0.04199999999916 0.08108108107864621
0 0.36999999999259997 0.48498498497042086 0.02799999999944 0.04504504504369234
0 0.44599999999108 0.711711711690339 0.11199999999776 0.16216216215729243
0 0.43699999999126 0.6276276276087799 0.08199999999836 0.11411411411068725
0 0.4799999999904 0.4834834834689644 0.039999999999199995 0.07207207206990773
0 0.54099999998918 0.39339339338157975 0.0299999999994 0.04804804804660516
0 0.59799999998804 0.4024024023903182 0.02799999999944 0.04804804804660516
0 0.55299999998894 0.6396396396204312 0.07399999999852 0.12612612612233853
0 0.59399999998812 0.4894894894747901 0.03599999999928 0.05405405405243081
0 0.65199999998696 0.5885885885709132 0.06399999999872 0.10810810810486161
0 0.7149999999857 0.39189189188012336 0.01799999999964 0.039039039037866693
0 0.80899999998382 0.5360360360199388 0.04599999999908 0.06906906906699492
0 0.82099999998358 0.5105105104951798 0.04599999999908 0.07807807807573339
0 0.9559999999808799 0.6066066065883902 0.06399999999872 0.09609609609321032
0 0.94699999998106 0.5480480480315901 0.04599999999908 0.07507507507282056
