0 0.01499999999985 0.343843843838681 0.02799999999972 0.07807807807690573
0 0.129499999998705 0.27327327326917006 0.07699999999923 0.11711711711535859
0 0.25099999999749 0.27102102101695164 0.06599999999934 0.10960960960796381
0 0.28699999999713 0.2965465465420939 0.03199999999968 0.058558558557679295
0 0.32099999999679 0.343843843838681 0.04199999999958 0.07507507507394783
0 0.368499999996315 0.30705705705244657 0.05699999999943 0.09159159159021633
0 0.42149999999578497 0.30405405404948865 0.03899999999961 0.07657657657542677
0 0.46499999999535 0.32132132131649666 0.03199999999968 0.06306306306211616
0 0.5124999999948749 0.276276276272128 0.04699999999953 0.07507507507394783
0 0.536499999994635 0.32057057056575716 0.04299999999957 0.07957957957838468
0 0.55899999999441 0.30180180179727023 0.03799999999962 0.069069069068032
0 0.625499999993745 0.30180180179727023 0.040999999999589996 0.07507507507394783
0 0.643499999993565 0.31906906906427823 0.02699999999973 0.055555555554721386
0 0.72499999999275 0.3370870870820257 0.04399999999956 0.08858858858725843
0 0.783499999992165 0.3153153153105808 0.02299999999977 0.05105105105028452
0 0.83399999999166 0.34534534534016 0.05199999999948 0.08408408408282156
