0 0.03333333333277778 0.5923566878792244 0.06333333333227778 0.1464968152819587
0 0.07249999999879167 0.39649681527399694 0.038333333332694446 0.07324840764097935
0 0.11666666666472222 0.42197452227955495 0.03666666666605556 0.07961783439236886
0 0.15833333333069444 0.43630573247018134 0.03999999999933333 0.0764331210166741
0 0.16416666666393057 0.3980891719618443 0.02833333333286111 0.05095541401111607
0 0.239999999996 0.44267515922157086 0.04666666666588889 0.08280254776806362
0 0.2866666666618889 0.3996815286496917 0.026666666666222222 0.05414012738681082
0 0.34499999999425 0.42197452227955495 0.03666666666605556 0.07324840764097935
0 0.3916666666601389 0.4124203821524707 0.03666666666605556 0.07324840764097935
0 0.41916666665968055 0.3917197452104548 0.01499999999975 0.05095541401111607
0 0.44749999999254164 0.40286624202538646 0.024999999999583335 0.04777070063542132
0 0.4741666666587639 0.48885350316914483 0.048333333332527775 0.09872611464653738
0 0.4933333333251111 0.46337579616358676 0.026666666666222222 0.06050955413820033
0 0.5016666666583055 0.42356687896740236 0.023333333332944444 0.05732484076250558
0 0.4741666666587639 0.38853503183476 0.024999999999583335 0.04458598725972656
0 0.49833333332502777 0.38057324839552314 0.013333333333111111 0.04140127388403181
0 0.5141666666580972 0.3996815286496917 0.021666666666305553 0.04140127388403181
0 0.532499999991125 0.3789808917076758 0.01833333333302778 0.04458598725972656
0 0.5716666666571388 0.4968152866083817 0.04666666666588889 0.09554140127084264
0 0.5591666666573473 0.41719745221601284 0.02833333333286111 0.0700636942652846
0 0.5891666666568472 0.38694267514691266 0.01833333333302778 0.04777070063542132
0 0.6433333333226111 0.40286624202538646 0.026666666666222222 0.05414012738681082
0 0.6849999999885833 0.3996815286496917 0.023333333332944444 0.04777070063542132
0 0.6833333333219445 0.4538216560365025 0.0299999999995 0.06050955413820033
0 0.7474999999875417 0.4394904458458761 0.03166666666613889 0.0700636942652846
0 0.7299999999878333 0.5334394904288714 0.053333333332444444 0.1114649681493164
0 0.8083333333198611 0.5079617834233133 0.053333333332444444 0.1050955413979269
0 0.8649999999855833 0.34076433119933874 0.04999999999916667 0.10191082802223214
0 0.9483333333175278 0.43152866240663923 0.053333333332444444 0.08598726114375838
