0 0.13050847457405917 0.49660633483039346 0.08135593220201091 0.11085972850427918
0 0.1466101694890405 0.4558823529308623 0.05932203389729962 0.07918552036019942
0 0.09661016948988796 0.4309954751033711 0.05423728813467394 0.07013574660474806
0 0.1686440677937518 0.3857466063261143 0.04915254237204826 0.07013574660474806
0 0.22033898304711289 0.37782805429009436 0.050847457626256816 0.0723981900436109
0 0.27796610169020397 0.360859728498623 0.0474576271178397 0.07466063348247373
0 0.34661016948565065 0.3744343891318001 0.04237288135521402 0.06561085972702237
0 0.3932203389763861 0.35633484162089735 0.033898305084171215 0.05656108597157101
0 0.42457627117924446 0.3461538461460146 0.03559322033837977 0.05882352941043385
0 0.45847457626341565 0.33823529410999464 0.03220338982996265 0.05656108597157101
0 0.5101694915167767 0.3597285067791916 0.03728813559258833 0.05429864253270817
0 0.5542372881261993 0.34389140270715174 0.03050847457575409 0.04524886877725681
0 0.5983050847356219 0.36425339365691733 0.033898305084171215 0.04524886877725681
0 0.6542372881245044 0.3529411764626031 0.03050847457575409 0.04072398189953113
0 0.7016949152423441 0.37217194569293727 0.03050847457575409 0.04751131221611965
0 0.7440677965975581 0.3936651583621342 0.04067796610100546 0.04977375565498249
0 0.8059322033761706 0.3846153846066829 0.04237288135521402 0.04977375565498249
0 0.8576271186295317 0.3755656108512315 0.02711864406733697 0.05429864253270817
0 0.904237288120267 0.3676470588152116 0.07627118643938523 0.1063348416265535
