0 0.05514705882271842 0.8520971302240155 0.10441176470434688 0.2649006622458079
0 0.03602941176417604 0.34326710816019274 0.04852941176399221 0.0772626931550273
0 0.10882352941016435 0.3543046357537681 0.05882352941089965 0.0905077262673177
0 0.1757352941150627 0.6070640176466431 0.06323529411671712 0.10596026489832316
0 0.13161764705688797 0.32229580573239963 0.027941176470177333 0.04415011037430132
0 0.2382352941141436 0.33774834436340506 0.029411764705449824 0.035320088299441055
0 0.2676470588195934 0.3730684326628461 0.04705882352871972 0.0838852097111725
0 0.3242647058775843 0.4050772626842146 0.08088235293998702 0.12582781456675876
0 0.39117647058248267 0.3421633554008352 0.04705882352871972 0.07947019867374237
0 0.35073529411248916 0.318984547454327 0.027941176470177333 0.04194260485558625
0 0.42352941175847747 0.3454746136789078 0.029411764705449824 0.05518763796787665
0 0.45588235293447227 0.3730684326628461 0.032352941175994805 0.04856512141173145
0 0.48749999999283083 0.3178807946949695 0.05147058823453719 0.0971302428234629
0 0.5374999999920955 0.3708609271441311 0.08970588235162197 0.1501103752726245
0 0.5926470588148139 0.3620309050692708 0.04411764705817474 0.07064017659888211
0 0.6242647058731725 0.3454746136789078 0.030882352940722318 0.05077262693044651
0 0.6463235294022599 0.33554083884469 0.030882352940722318 0.03973509933687119
0 0.7102941176366133 0.3509933774756955 0.061764705881444636 0.09271523178603278
0 0.6338235294024437 0.3145695364168969 0.014705882352724912 0.033112582780725985
0 0.6647058823431661 0.7108167770262512 0.11470588235125431 0.20309050772178605
0 0.8073529411645977 0.2969094922671764 0.09705882352798442 0.14790286975390943
0 0.8941176470456746 0.3300220750479024 0.026470588234904842 0.05077262693044651
0 0.9779411764562067 0.385209713015779 0.04411764705817474 0.1169977924918985
