0 0.07166666666547222 0.7962499999800938 0.09999999999833334 0.1624999999959375
0 0.0899999999985 0.734999999981625 0.07999999999866667 0.13499999999662501
0 0.1916666666634722 0.8624999999784375 0.10333333333161111 0.164999999995875
0 0.35916666666068053 0.70999999998225 0.07833333333202777 0.11499999999712501
0 0.4841666666585972 0.88999999997775 0.19833333333002778 0.2199999999945
0 0.5633333333239444 0.7974999999800625 0.11666666666472222 0.16999999999575
0 0.6558333333224028 0.8062499999798438 0.12166666666463889 0.1824999999954375
0 0.6949999999884167 0.7237499999819063 0.06333333333227778 0.10749999999731251
0 0.7574999999873749 0.7987499999800313 0.10499999999825 0.1374999999965625
0 0.8099999999865 0.7762499999805937 0.06666666666555555 0.13249999999668752
0 0.7558333333207361 0.6862499999828438 0.07499999999875 0.11749999999706251
0 0.7224999999879583 0.46874999998828126 0.08499999999858333 0.13249999999668752
0 0.8724999999854584 0.7324999999816876 0.08166666666530556 0.14999999999625002
0 0.9316666666511388 0.724999999981875 0.07333333333211112 0.1399999999965
0 0.9808333333169861 0.724999999981875 0.038333333332694446 0.13499999999662501
