0 0.044166666666298614 0.491120976687113 0.07833333333268057 0.09211986681362798
0 0.06916666666609028 0.43007769144916674 0.04333333333297223 0.049944506103774204
0 0.16291666666530905 0.38179800221551835 0.037499999999687506 0.04661487236352259
0 0.21374999999821878 0.41120976692107425 0.05416666666621528 0.05882352941111184
0 0.2487499999979271 0.3701442841246377 0.03083333333307639 0.045504994450105384
0 0.2933333333308889 0.3679245282978033 0.034999999999708334 0.047724750276939794
0 0.3324999999972292 0.36182019977400864 0.03333333333305556 0.037735849056184954
0 0.317083333330691 0.47336293007243774 0.07749999999935417 0.09211986681362798
0 0.38916666666342364 0.4200887902284119 0.04833333333293056 0.05660377358427743
0 0.43916666666300697 0.36403995560084307 0.04333333333297223 0.048834628190357
0 0.44958333332958683 0.33740288567883014 0.022499999999812503 0.02663706992201291
0 0.5541666666620486 0.3429522752459162 0.029999999999750004 0.037735849056184954
0 0.6637499999944688 0.3790233074319753 0.03583333333303473 0.049944506103774204
0 0.6895833333275869 0.43007769144916674 0.05416666666621528 0.05882352941111184
0 0.7074999999941042 0.4755826858992721 0.06999999999941667 0.08324084350629034
0 0.7345833333272118 0.35294117646667106 0.03583333333303473 0.04217536070985377
0 0.8158333333265348 0.3668146503843861 0.03666666666636111 0.047724750276939794
0 0.842083333326316 0.3546059933367968 0.03083333333307639 0.03884572696960216
0 0.891249999992573 0.3912319644795646 0.05083333333290973 0.0743618201989527
0 0.9495833333254202 0.3712541620380549 0.03583333333303473 0.045504994450105384
0 0.9774999999918542 0.4234184239686635 0.04499999999962501 0.09433962264046239
0 0.9566666666586945 0.6770255271844947 0.08666666666594446 0.18423973362725596
