0 0.23358585857995995 0.7390510948635383 0.07828282828085144 0.14233576641816292
0 0.31313131312340575 0.576642335745378 0.07070707070528517 0.10948905109089456
0 0.33712121211269896 0.4927007299090255 0.04292929292820886 0.07299270072726305
0 0.41666666665614477 0.6861313868362726 0.07575757575566268 0.1532846715272524
0 0.43939393938284355 0.5748175182271965 0.05555555555415263 0.0985401459818051
0 0.46969696968510866 0.4890510948726624 0.05050505050377512 0.09489051094544196
0 0.5606060605919039 0.47445255472720976 0.04545454545339761 0.07299270072726305
0 0.5972222222071408 0.5875912408544675 0.05808080807934139 0.10948905109089456
0 0.6628787878620485 0.6733576642090016 0.07323232323047393 0.12773722627271034
0 0.7335858585673337 0.5693430656726517 0.06818181818009642 0.12408759123634718
0 0.8459595959382333 0.718978102163541 0.09595959595717274 0.1532846715272524
0 0.07196969696787955 0.4799270072817545 0.04797979797858637 0.0766423357636262
0 0.030303030302265076 0.42518248173630724 0.03535353535264259 0.05474452554544728
0 0.08964646464420084 0.39233576640903883 0.027777777777076317 0.04014598539999467
0 0.07954545454344582 0.36861313867267836 0.03282828282745383 0.043795620436357825
0 0.1325757575724097 0.4416058393999414 0.04292929292820886 0.07299270072726305
0 0.12878787878462655 0.37043795619085995 0.02525252525188756 0.04744525547272098
0 0.17045454545024105 0.38321167881813095 0.03282828282745383 0.058394160581810434
0 0.1906565656517511 0.3448905109363179 0.022727272726698805 0.04014598539999467
0 0.20959595959066676 0.41605839414539936 0.030303030302265076 0.051094890509084126
0 0.2361111111051487 0.3978102189635836 0.022727272726698805 0.043795620436357825
0 0.26136363635703624 0.36313868611813366 0.022727272726698805 0.04744525547272098
0 0.2828282828211407 0.36313868611813366 0.02525252525188756 0.04744525547272098
0 0.31439393938600013 0.3558394160454073 0.022727272726698805 0.04014598539999467
0 0.3699494949401528 0.4507299269908493 0.03787878787783134 0.06934306569089989
0 0.38510101009128533 0.3905109488908573 0.027777777777076317 0.043795620436357825
0 0.4154040403935504 0.3813868612999494 0.03282828282745383 0.05474452554544728
0 0.43939393938284355 0.33576642334541 0.030303030302265076 0.043795620436357825
0 0.4747474747354862 0.3521897810090442 0.02525252525188756 0.04014598539999467
0 0.4848484848362412 0.3868613138544941 0.030303030302265076 0.051094890509084126
0 0.4595959595843536 0.4069343065544915 0.030303030302265076 0.04014598539999467
0 0.5151515151385062 0.33759124086359155 0.02525252525188756 0.04744525547272098
0 0.5416666666529882 0.3886861313726757 0.027777777777076317 0.04744525547272098
0 0.5618686868544982 0.37956204378176783 0.022727272726698805 0.043795620436357825
0 0.5707070706926589 0.3521897810090442 0.02020202020151005 0.04014598539999467
0 0.5934343434193577 0.42883211677267036 0.030303030302265076 0.05474452554544728
0 0.6351010100849722 0.4653284671363019 0.04797979797858637 0.0839416058363525
0 0.6351010100849722 0.4069343065544915 0.027777777777076317 0.04014598539999467
0 0.6174242424086509 0.36861313867267836 0.027777777777076317 0.051094890509084126
0 0.7007575757398798 0.42700729925448877 0.03787878787783134 0.06569343065453674
0 0.7878787878588919 0.42518248173630724 0.05050505050377512 0.0766423357636262
0 0.7979797979596469 0.38321167881813095 0.03535353535264259 0.058394160581810434
0 0.7083333333154461 0.37773722626358625 0.03282828282745383 0.05474452554544728
0 0.8762626262404984 0.5182481751635676 0.05050505050377512 0.10218978101816825
0 0.958333333309133 0.5857664233362859 0.06313131312971891 0.11313868612725772
0 0.9343434343198398 0.4981751824635703 0.05555555555415263 0.0839416058363525
0 0.8939393939168196 0.42883211677267036 0.0404040404030201 0.0912408759090788
