0 0.03952891791035557 0.8774578651654584 0.0781249999998178 0.13553370786469265
0 0.02786847014918874 0.7006671348290006 0.05340485074614411 0.1274578651680918
0 0.04640858208944401 0.6432584269640336 0.036847014925287205 0.051966292134649
0 0.0597014925371742 0.6128862359529043 0.03311567164171381 0.04810393258410076
0 0.04232742537303562 0.5614466292115118 0.03474813432827717 0.05337078651666654
0 0.09981343283558812 0.5730337078631565 0.028917910447693755 0.03862359550548236
0 0.10611007462661821 0.5438904494362925 0.030317164179033775 0.03511235955043851
0 0.12115205223852343 0.6016502808967639 0.027285447761130396 0.045997191011074454
0 0.1533348880593439 0.6787219101099764 0.052938432835697435 0.09269662921315767
0 0.1669776119399091 0.6286867977506015 0.03591417910439386 0.060744382022258625
0 0.14330690298474041 0.6334269662899108 0.034281716417830496 0.059691011235745474
0 0.19799440298461288 0.5567064606722026 0.028451492537247082 0.04389044943804814
0 0.19764458955177788 0.53967696629024 0.02122201492532364 0.03511235955043851
0 0.21723414179053815 0.5756671348294394 0.027285447761130396 0.04529494382006568
0 0.23950559701436683 0.6170997190989569 0.030783582089480448 0.053019662921162156
0 0.253148320894932 0.6364115168516981 0.037546641790957215 0.057233146067214774
0 0.2550139925367187 0.6975070224694611 0.06879664179088434 0.11130617977489009
0 0.28801305970082086 0.6343047752786717 0.04944029850734739 0.0684691011233551
0 0.3397854477604016 0.8040730337050419 0.08722014925352793 0.165028089887061
0 0.4218749999990161 0.8846558988732983 0.11660447761166837 0.17380617977467064
0 0.4260727611930362 0.6917134831436387 0.08069029850727451 0.11657303370745586
0 0.3255597014917781 0.5168539325824549 0.026585820895460386 0.04424157303355253
0 0.2630597014919238 0.39360955056041574 0.023320895522333674 0.035814606741447284
0 0.36182369402900694 0.5352879213464351 0.02495335820889703 0.040379213483004286
0 0.37569962686479547 0.5563553370766983 0.026585820895460386 0.03757022471896921
0 0.41919309701394775 0.5301966292116216 0.020289179104430295 0.03160112359539466
0 0.43143656716317297 0.5373946629194615 0.02005597014920696 0.03616573033695167
0 0.4419309701482231 0.5700491573013693 0.026119402985013713 0.04810393258410076
0 0.5292677238793627 0.6084971910090994 0.03708022388051054 0.05477528089868408
0 0.5187733208943126 0.5858497190990666 0.03194962686559713 0.05231741573015338
0 0.48472481343170537 0.5165028089869506 0.027285447761130396 0.033707865168420975
0 0.48973880596900715 0.48911516853760845 0.026119402985013713 0.043539325842543754
0 0.5190065298495359 0.5233497190992861 0.025419776119343703 0.04529494382006568
0 0.5387126865659079 0.48525280898706025 0.026119402985013713 0.05126404494364023
0 0.5415111940285879 0.5135182584251632 0.021455223880546978 0.030547752808881504
0 0.5813899253717785 0.5224719101105251 0.026119402985013713 0.04564606741557006
0 0.593866604476227 0.5036867977510404 0.022621268656663664 0.040379213483004286
0 0.6122901119388706 0.609901685391117 0.04594216417899734 0.08146067415701735
0 0.5946828358195086 0.5840941011215447 0.03451492537305383 0.05933988764024108
0 0.6079757462672388 0.564431179773299 0.030783582089480448 0.05021067415712707
0 0.5764925373120884 0.7751053370759301 0.07789179104459447 0.12254213483103041
0 0.6672108208939664 0.7854634831433095 0.10914179104452158 0.15941011235899086
0 0.6356110074612042 0.5108848314588803 0.03474813432827717 0.04775280898859638
0 0.6435401119387977 0.4870084269645822 0.030083955223810438 0.035814606741447284
0 0.665228544774568 0.55249297752615 0.03568097014917052 0.05372191011217092
0 0.6717583955208215 0.5688202247171039 0.03194962686559713 0.05407303370767531
0 0.7024253731326903 0.6149929775259305 0.05130597014913408 0.10007022471874975
0 0.7314598880579957 0.5700491573013693 0.04081156716408393 0.06004213483124986
0 0.7007929104461269 0.5361657303351961 0.03404850746260716 0.04213483146052621
0 0.7025419776103019 0.5110603932566326 0.029617537313363765 0.04459269662905691
0 0.6955457089536018 0.4717345505601414 0.024020522388003684 0.03827247190997798
0 0.7835820895504114 0.5837429775260403 0.05177238805958075 0.07900280898848665
0 0.749999999998251 0.48788623595334313 0.023320895522333674 0.03757022471896921
0 0.7468516791027359 0.4659410112343191 0.020289179104430295 0.028089887640350808
0 0.7784514925354981 0.46769662921184096 0.023320895522333674 0.03511235955043851
0 0.7957089552220249 0.45698735954895725 0.018190298507420266 0.03405898876392536
0 0.8378031716398372 0.5447682584250535 0.04780783582078403 0.06566011235932001
0 0.8338386194010404 0.500526685391501 0.027285447761130396 0.04459269662905691
0 0.8409514925353523 0.46769662921184096 0.020988805970100305 0.04213483146052621
0 0.8364039179084972 0.44452247190855154 0.019822761193983622 0.02668539325833327
0 0.8605410447741125 0.4659410112343191 0.020522388059653632 0.03019662921337712
0 0.8737173507442311 0.48788623595334313 0.021688432835770315 0.049508426966118305
0 0.8952891791023897 0.4933286516836611 0.035447761193947186 0.04564606741557006
0 0.8892257462665829 0.4650632022455581 0.023320895522333674 0.033356741572916584
0 0.9072994402963915 0.485955056178069 0.021688432835770315 0.039325842696491135
0 0.9530083955201656 0.5063202247173233 0.03568097014917052 0.047050561797587605
0 0.9621035447738757 0.5551264044924329 0.03801305970140389 0.06249999999978055
0 0.9849580223857627 0.5763693820204482 0.030083955223810438 0.06566011235932001
0 0.91208022387847 0.5897120786496148 0.0527052238804741 0.07689606741546035
0 0.8662546641770843 0.6492275280876081 0.07719216417892445 0.12429775280855233
0 0.9678171641768474 0.48261938202077737 0.02425373134322702 0.03405898876392536
0 0.9741138059678776 0.46084971909950545 0.023320895522333674 0.036867977527960435
