0 0.0808593749993683 0.5357561547416676 0.061718749999517826 0.1031652989436909
0 0.1238281249990326 0.20574443141611085 0.057031249999554445 0.09261430246081342
0 0.43476562499660343 0.26436107854320795 0.050781249999603276 0.09495896834589732
0 0.4726562499963074 0.5164126611897255 0.06406249999949952 0.11840562719673615
0 0.4062499999968262 0.8212192262506305 0.10624999999916993 0.16060961312824606
0 0.18476562499855653 0.849941383342908 0.12578124999901735 0.19695193434704628
0 0.03476562499972839 0.7385697538014235 0.067968749999469 0.12661195779452974
0 0.03359374999973755 0.6629542790074683 0.06406249999949952 0.11371629542656839
0 0.694531249994574 0.1459554513464718 0.0656249999994873 0.1277842907370717
0 0.5703124999955445 0.7930832356296239 0.10156249999920655 0.14654161781774278
0 0.8621093749932648 0.1576787807718912 0.055468749999566656 0.09261430246081342
0 0.9242187499927796 0.485932004683635 0.08593749999932862 0.141852286047575
0 0.959374999992505 0.6922626025710169 0.08124999999936523 0.202813599059756
0 0.8960937499929993 0.8593200468832436 0.14531249999886475 0.2086752637724657
