0 0.09416666666509722 0.38624999999034376 0.04499999999925 0.0824999999979375
0 0.07083333333215278 0.5637499999859062 0.038333333332694446 0.05749999999856251
0 0.08166666666530556 0.62999999998425 0.06999999999883333 0.08999999999775
0 0.16999999999716667 0.6087499999847813 0.04666666666588889 0.06749999999831251
0 0.19583333333006944 0.6974999999825625 0.07499999999875 0.11499999999712501
0 0.32999999999449997 0.6049999999848751 0.053333333332444444 0.08999999999775
0 0.25583333332906943 0.5374999999865625 0.04166666666597222 0.064999999998375
0 0.322499999994625 0.5124999999871875 0.038333333332694446 0.054999999998625
0 0.3658333333272361 0.5399999999865001 0.04166666666597222 0.064999999998375
0 0.3924999999934583 0.5324999999866875 0.034999999999416664 0.06999999999825
0 0.3874999999935417 0.744999999981375 0.08499999999858333 0.1399999999965
0 0.472499999992125 0.6362499999840938 0.05833333333236111 0.09749999999756251
0 0.5116666666581389 0.5787499999855312 0.04999999999916667 0.06749999999831251
0 0.5299999999911666 0.5249999999868751 0.03999999999933333 0.054999999998625
0 0.6166666666563889 0.6999999999825001 0.059999999999 0.084999999997875
0 0.6516666666558055 0.594999999985125 0.053333333332444444 0.07499999999812501
0 0.6391666666560138 0.5424999999864375 0.04166666666597222 0.0599999999985
0 0.79499999998675 0.5712499999857188 0.04999999999916667 0.0724999999981875
0 0.8374999999860416 0.6012499999849688 0.06499999999891666 0.09749999999756251
0 0.9374999999843749 0.5674999999858126 0.051666666665805557 0.079999999998
