0 0.10234374999920044 0.34999999999635417 0.11406249999910889 0.1770833333314887
0 0.17460937499863588 0.2614583333306098 0.055468749999566656 0.08749999999908854
0 0.24453124999808962 0.2817708333303982 0.062499999999511724 0.09687499999899088
0 0.3523437499972473 0.23749999999752605 0.03906249999969483 0.06874999999928386
0 0.40195312499685976 0.41041666666239146 0.1351562499989441 0.20624999999785157
0 0.4515624999964722 0.2619791666639377 0.04374999999965821 0.07812499999918619
0 0.5156249999959717 0.2802083333304145 0.07812499999938965 0.11874999999876303
0 0.566796874995572 0.33020833332989363 0.07421874999942017 0.12083333333207465
0 0.6421874999949829 0.4411458333287381 0.14999999999882813 0.2281249999976237
0 0.6207031249951508 0.2505208333307237 0.036718749999713134 0.06145833333269314
0 0.6734374999947388 0.25729166666398656 0.051562499999597174 0.07708333333253038
0 0.755078124994101 0.299999999996875 0.08671874999932251 0.13958333333187933
0 0.8390624999934448 0.29583333333025175 0.051562499999597174 0.09374999999902343
0 0.9640624999924683 0.26614583333056097 0.05624999999956055 0.10312499999892578
0 0.9492187499925843 0.5614583333274848 0.10156249999920655 0.23749999999752605
