0 1900000000.0 15600000000.0 2200000000.0 2800000000.0
0 4200000000.0 15200000000.0 1800000000.0 2200000000.0
0 6300000000.0 14000000000.0 1800000000.0 1800000000.0
0 8000000000.0 16250000000.0 2400000000.0 2700000000.0
0 9800000000.0 14250000000.0 2200000000.0 2900000000.0
0 11400000000.0 14250000000.0 1400000000.0 2300000000.0
0 13950000000.0 14750000000.0 1900000000.0 2300000000.0
0 16950000000.0 14800000000.0 2500000000.0 2800000000.0
0 16500000000.0 13250000000.0 1600000000.0 1700000000.0
0 19900000000.0 13150000000.0 1000000000.0 1500000000.0
0 20800000000.0 14200000000.0 1400000000.0 1800000000.0
0 21250000000.0 13100000000.0 1100000000.0 1200000000.0
0 22550000000.0 12900000000.0 1100000000.0 1400000000.0
0 23400000000.0 14300000000.0 1600000000.0 2000000000.0
0 24800000000.0 14350000000.0 1200000000.0 1500000000.0
0 24300000000.0 12900000000.0 1000000000.0 1400000000.0
0 25250000000.0 12450000000.0 1100000000.0 1500000000.0
0 26250000000.0 12850000000.0 900000000.0 1300000000.0
0 27550000000.0 13200000000.0 1300000000.0 1400000000.0
0 29000000000.0 13150000000.0 1200000000.0 1300000000.0
0 29200000000.0 12100000000.0 1000000000.0 1000000000.0
0 32600000000.0 13150000000.0 1000000000.0 1300000000.0
0 33550000000.0 13050000000.0 900000000.0 1100000000.0
0 33750000000.0 12300000000.0 700000000.0 1000000000.0
0 31750000000.0 12500000000.0 900000000.0 1200000000.0
0 30900000000.0 12350000000.0 800000000.0 1100000000.0
0 30000000000.0 12100000000.0 800000000.0 1000000000.0
0 29500000000.0 15200000000.0 1800000000.0 2800000000.0
0 31150000000.0 16250000000.0 2900000000.0 3100000000.0
0 36450000000.0 14900000000.0 2300000000.0 2800000000.0
0 32750000000.0 15100000000.0 2100000000.0 2400000000.0
0 39700000000.0 15550000000.0 2600000000.0 3100000000.0
0 43850000000.0 14700000000.0 2300000000.0 2800000000.0
0 48150000000.0 15700000000.0 3500000000.0 3800000000.0
0 51050000000.0 14100000000.0 1900000000.0 2400000000.0
0 48700000000.0 12950000000.0 1200000000.0 1300000000.0
0 47700000000.0 12650000000.0 800000000.0 1300000000.0
0 45250000000.0 12600000000.0 1100000000.0 1200000000.0
0 42000000000.0 12550000000.0 1200000000.0 1500000000.0
0 42900000000.0 12750000000.0 1000000000.0 1300000000.0
0 40750000000.0 13050000000.0 1500000000.0 1900000000.0
0 39650000000.0 13150000000.0 1300000000.0 1500000000.0
0 39750000000.0 12100000000.0 1300000000.0 1000000000.0
0 38500000000.0 12650000000.0 800000000.0 1100000000.0
0 37550000000.0 13000000000.0 1500000000.0 1800000000.0
0 35950000000.0 12750000000.0 1100000000.0 1500000000.0
0 37950000000.0 14050000000.0 1500000000.0 1700000000.0
0 35250000000.0 12500000000.0 700000000.0 1200000000.0
