0 0.013599537036997686 0.5624999999975586 0.02141203703697508 0.059027777777521585
0 0.09157986111084612 0.5839843749974654 0.04195601851839712 0.06293402777750463
0 0.10807291666635396 0.5627170138864466 0.029803240740654505 0.051649305555331385
0 0.1584201388884305 0.5839843749974654 0.03790509259248291 0.06293402777750463
0 0.15321180555511224 0.6616753472193504 0.05121527777762959 0.07769097222188502
0 0.2455150462955859 0.6781684027748344 0.06047453703686206 0.08810763888850648
0 0.2651909722214549 0.6167534722195454 0.04774305555541741 0.07031249999969483
0 0.22410300925861082 0.5629340277753345 0.03443287037027074 0.0434027777775894
0 0.28067129629548415 0.5664062499975416 0.03993055555544002 0.06076388888862516
0 0.3058449074065224 0.5555555555531443 0.02951388888880349 0.05381944444421086
0 0.3003472222213532 0.814887152774241 0.12615740740704237 0.18185763888809958
0 0.3642939814804274 0.5598958333309033 0.028356481481399434 0.04947916666645192
0 0.3774594907396486 0.5483940972198421 0.024016203703634213 0.03342013888874384
0 0.41507523148028047 0.6087239583306914 0.05642361111094785 0.0794270833329886
0 0.42115162036915177 0.5412326388865398 0.02633101851844233 0.0434027777775894
0 0.4078414351840051 0.5638020833308863 0.03501157407397277 0.04774305555534834
0 0.5005787037022553 0.593749999997423 0.046874999999864365 0.07031249999969483
0 0.5300925925910588 0.5505642361087215 0.024884259259187257 0.035156249999847414
0 0.5720486111094559 0.560763888886455 0.03298611111101567 0.04947916666645192
0 0.6213831018500539 0.5677083333308693 0.028067129629548417 0.04861111111090013
0 0.6940104166646586 0.4021267361093658 0.023437499999932183 0.046440972222020656
0 0.5623553240724469 0.7374131944412439 0.08130787037013511 0.13454861111052716
0 0.6582754629610582 0.6486545138860736 0.06481481481462728 0.09678819444402437
0 0.7232349537016111 0.6048177083307082 0.04079861111099306 0.07335069444412609
0 0.7688078703681458 0.725043402774631 0.09143518518492062 0.1384548611105102
0 0.6937210648128075 0.9262152777737578 0.15364583333288875 0.14583333333270038
0 0.8249421296272427 0.6562499999971517 0.05381944444428872 0.09809027777735205
0 0.7894965277754934 0.5787760416641546 0.04195601851839712 0.06727430555526358
0 0.8211805555531795 0.5638020833308863 0.03240740740731364 0.05381944444421086
0 0.8723958333308091 0.5991753472196216 0.046874999999864365 0.07855902777743681
0 0.9010416666640595 0.6046006944418203 0.0376157407406319 0.059027777777521585
0 0.9068287037010798 0.5735677083308439 0.02893518518510146 0.046440972222020656
