0 0.039999999999199995 0.4359999999883733 0.051999999998959996 0.08266666666446222
0 0.11099999999778 0.41066666665571555 0.025999999999479998 0.053333333331911106
0 0.17299999999654 0.46799999998752 0.05799999999884 0.07733333333127111
0 0.15999999999679998 0.43199999998848 0.03599999999928 0.04266666666552889
0 0.26599999999468 0.5239999999860266 0.06799999999864 0.13599999999637333
0 0.25899999999482 0.4426666666548622 0.04599999999908 0.06399999999829334
0 0.22799999999544 0.40666666665582224 0.03599999999928 0.04533333333212444
0 0.27299999999454 0.40399999998922664 0.03399999999932 0.05066666666531555
0 0.3249999999935 0.3973333333227378 0.02199999999956 0.03733333333233778
0 0.35999999999279997 0.4373333333216711 0.04399999999912 0.07466666666467556
0 0.399999999992 0.41866666665550223 0.02799999999944 0.04799999999872
0 0.41199999999175996 0.3973333333227378 0.019999999999599997 0.03199999999914667
0 0.19899999999602 0.8599999999770667 0.3099999999938 0.2746666666593422
0 0.49899999999002 0.41066666665571555 0.03399999999932 0.06399999999829334
0 0.47099999999057995 0.3973333333227378 0.01399999999972 0.026666666665955553
0 0.5299999999894 0.4799999999872 0.0599999999988 0.1013333333306311
0 0.54099999998918 0.39599999998943997 0.01799999999964 0.034666666665742224
0 0.5799999999884 0.41066666665571555 0.02799999999944 0.04266666666552889
0 0.63599999998728 0.41866666665550223 0.03199999999936 0.04799999999872
0 0.69199999998616 0.45199999998794665 0.04399999999912 0.07199999999808
0 0.70799999998584 0.41866666665550223 0.019999999999599997 0.03733333333233778
0 0.73399999998532 0.299999999992 0.05599999999888 0.08799999999765333
0 0.6869999999862599 0.6066666666504889 0.11799999999763999 0.19999999999466667
0 0.86799999998264 0.43199999998848 0.03199999999936 0.053333333331911106
0 0.92699999998146 0.4253333333219911 0.0299999999994 0.05066666666531555
0 0.93399999998132 0.5199999999861333 0.07999999999839999 0.11199999999701334
