0 0.3148437499950806 0.621779859470216 0.04218749999934082 0.07728337236352967
0 0.25937499999594726 0.6124121779716063 0.03124999999951172 0.058548009366310355
0 0.2351562499963257 0.5725995316025152 0.029687499999536134 0.05386416861700552
0 0.2757812499956909 0.5292740046714456 0.026562499999584963 0.037470725994438625
0 0.3460937499945923 0.5351288056080766 0.02343749999963379 0.03981264636909104
0 0.3906249999938965 0.6768149882745477 0.04687499999926758 0.08899297423679173
0 0.43281249999323734 0.5925058547870607 0.024999999999609376 0.05152224824235311
0 0.3953124999938233 0.5620608899165793 0.021874999999658203 0.0327868852451338
0 0.3796874999940674 0.5526932084179698 0.018749999999707032 0.0327868852451338
0 0.38828124999393315 0.4812646369910711 0.02031249999968262 0.030444964870481383
0 0.42812499999331055 0.5362997657954028 0.01562499999975586 0.037470725994438625
0 0.45624999999287114 0.5281030444841194 0.018749999999707032 0.030444964870481383
0 0.4914062499923218 0.57728337235182 0.03593749999943848 0.06323185011561518
0 0.5054687499921021 0.5362997657954028 0.017187499999731445 0.037470725994438625
0 0.5304687499917115 0.5269320842967932 0.017187499999731445 0.02810304449582897
0 0.5492187499914185 0.5562060889799484 0.026562499999584963 0.03981264636909104
0 0.5632812499911988 0.5327868852334242 0.02031249999968262 0.030444964870481383
0 0.5953124999906982 0.5960187353490394 0.043749999999316405 0.07259953161422483
0 0.6179687499903442 0.5269320842967932 0.02031249999968262 0.02810304449582897
0 0.6968749999891114 0.6088992974096277 0.04062499999936524 0.07962529273818209
0 0.7390624999884522 0.5690866510405366 0.03124999999951172 0.060889929740962766
0 0.7898437499876587 0.6112412177842801 0.04843749999924317 0.060889929740962766
0 0.7671874999880127 0.5409836065447077 0.021874999999658203 0.037470725994438625
0 0.7609374999881104 0.5234192037348145 0.01562499999975586 0.030444964870481383
0 0.7406249999884278 0.5199063231728359 0.012499999999804688 0.02341920374652414
0 0.8609374999865479 0.5339578454207504 0.02812499999956055 0.05152224824235311
0 0.8414062499868531 0.5433255269193601 0.02031249999968262 0.04215456674374345
0 0.8960937499859986 0.531615925046098 0.02031249999968262 0.037470725994438625
0 0.9367187499853639 0.5526932084179698 0.02343749999963379 0.04215456674374345
0 0.9257812499855347 0.5199063231728359 0.02031249999968262 0.02810304449582897
