0 0.6809256661896084 0.42121848738610884 0.04908835904559483 0.0903361344518837
0 0.902524544166865 0.4275210083943798 0.037868162692316014 0.07352941176316115
0 0.8821879382765472 0.5220588235184441 0.05329593267807439 0.0903361344518837
0 0.9586255259332591 0.5892857142733343 0.07433380084047218 0.1365546218458707
0 0.6009817671724967 0.5388655462071666 0.04628330995727513 0.0693277310909805
0 0.5827489480984187 0.587184873937244 0.05189340813391454 0.08193277310752242
0 0.5140252454345859 0.6722689075489019 0.0883590462820707 0.14285714285414164
0 0.4516129032194725 0.5913865546094247 0.06171107994303351 0.09453781512406433
0 0.46213183730067137 0.5472689075515279 0.060308555398873656 0.08193277310752242
0 0.3688639551140412 0.65966386553236 0.07854137447295173 0.12184873949323846
0 0.4116409537109167 0.9054621848549272 0.16970546984334214 0.18907563024812865
0 0.3050490883547679 0.7394957983037921 0.09396914445871012 0.16806722688722547
0 0.16970546984334214 0.5777310924248376 0.056100981766394095 0.09663865546015465
0 0.08695652173791085 0.5829831932650633 0.07573632538463203 0.11134453781278687
