0 0.1361979166659573 0.6414062499949891 0.08489583333289116 0.15312499999880372
0 0.16067708333249647 0.5753906249955048 0.07239583333295627 0.10546874999917603
0 0.03098958333317193 0.5886718749954011 0.05677083333303765 0.08515624999933472
0 0.054687499999715165 0.5374999999958008 0.040624999999788414 0.05624999999956055
0 0.04687499999975586 0.4781249999962647 0.029166666666514757 0.05312499999958496
0 0.09270833333285047 0.5167968749959626 0.0354166666664822 0.05390624999957886
0 0.09036458333286268 0.4800781249962494 0.03385416666649034 0.046093749999639895
0 0.1388020833326104 0.46874999999633793 0.028645833333184136 0.03906249999969483
0 0.16406249999914552 0.5074218749960357 0.04895833333307834 0.05859374999954224
0 0.19453124999898683 0.5367187499958069 0.034895833333151584 0.07812499999938965
0 0.3007812499984334 0.551171874995694 0.060937499999682614 0.09921874999922486
0 0.37447916666471626 0.5800781249954682 0.07499999999960938 0.12265624999904176
0 0.30130208333176406 0.46914062499633485 0.0328124999998291 0.06015624999953003
0 0.2820312499985311 0.5070312499960389 0.04010416666645779 0.06406249999949952
0 0.26354166666529405 0.4667968749963532 0.034374999999820965 0.05859374999954224
0 0.30859374999839273 0.37031249999710697 0.03177083333316786 0.040624999999682616
0 0.33932291666489933 0.3976562499968933 0.018229166666571723 0.03749999999970703
0 0.3554687499981486 0.4175781249967377 0.019270833333232963 0.02890624999977417
0 0.36770833333141817 0.42226562499670106 0.0177083333332411 0.021093749999835206
0 0.3817708333313449 0.4328124999966187 0.018749999999902345 0.03281249999974365
0 0.40781249999787594 0.4441406249965302 0.028124999999853514 0.04921874999961548
0 0.45833333333094617 0.4597656249964081 0.036458333333143446 0.06015624999953003
0 0.4945312499974243 0.47070312499632266 0.03177083333316786 0.057031249999554445
0 0.5289062499972452 0.46328124999638065 0.04322916666644151 0.07499999999941406
0 0.5721354166636868 0.4785156249962616 0.03906249999979655 0.07109374999944458
0 0.645312499996639 0.5031249999960694 0.060416666666351995 0.09843749999923096
0 0.7203124999962484 0.5070312499960389 0.058333333333029515 0.11874999999907228
0 0.8276041666623563 0.5824218749954498 0.09895833333281792 0.1789062499986023
0 0.9059895833286147 0.5382812499957947 0.05781249999969889 0.12187499999904786
0 0.811458333329107 0.4593749999964112 0.04895833333307834 0.08124999999936523
0 0.893749999995345 0.4339843749966095 0.049999999999739586 0.08046874999937134
0 0.932291666661811 0.3906249999969483 0.024999999999869793 0.062499999999511724
0 0.9609374999949951 0.38007812499703064 0.02395833333320855 0.06328124999950561
0 0.987760416661522 0.3902343749969513 0.02447916666653917 0.050781249999603276
0 0.8218749999957193 0.3914062499969422 0.026041666666531033 0.04843749999962158
0 0.7986979166625068 0.40664062499682313 0.028645833333184136 0.0445312499996521
0 0.7757812499959594 0.3972656249968964 0.02552083333320041 0.04765624999962769
0 0.902083333328635 0.38828124999696656 0.030208333333175998 0.04687499999963379
0 0.8596354166621893 0.3667968749971344 0.02343749999987793 0.04765624999962769
0 0.8429687499956096 0.3964843749969025 0.01614583333324924 0.03828124999970093
0 0.8846354166620591 0.36992187499711 0.02656249999986165 0.03203124999974976
0 0.9010416666619737 0.34999999999726567 0.02187499999988607 0.03281249999974365
0 0.7466145833294447 0.4582031249964203 0.028645833333184136 0.0664062499994812
0 0.7718749999959799 0.45312499999646 0.026041666666531033 0.0687499999994629
0 0.7247395833295587 0.43476562499660343 0.03177083333316786 0.061718749999517826
0 0.7255208333295545 0.4050781249968354 0.028124999999853514 0.04921874999961548
0 0.7466145833294447 0.38789062499696964 0.019270833333232963 0.04765624999962769
0 0.7130208333296196 0.384765624996994 0.027083333333192273 0.036718749999713134
0 0.6546874999965901 0.45664062499643254 0.034374999999820965 0.055468749999566656
0 0.5901041666635932 0.45585937499643864 0.03229166666649848 0.04921874999961548
0 0.5398437499971883 0.40937499999680177 0.028645833333184136 0.051562499999597174
0 0.5164062499973103 0.3988281249968842 0.019270833333232963 0.03828124999970093
0 0.479166666664171 0.4187499999967285 0.02187499999988607 0.03749999999970703
0 0.456510416664289 0.41523437499675603 0.021354166666555447 0.03359374999973755
0 0.42942708333109675 0.42148437499670716 0.019270833333232963 0.035156249999725345
0 0.3755208333313775 0.40039062499687195 0.019791666666563585 0.025781249999798587
0 0.5661458333303846 0.38164062499701845 0.015624999999918619 0.030468749999761964
0 0.6307291666633816 0.3835937499970032 0.020833333333224825 0.03749999999970703
0 0.6088541666634956 0.38398437499700017 0.0177083333332411 0.035156249999725345
