0 0.03333333333259259 0.5665680473205157 0.06222222222083951 0.10946745561806309
0 0.0677777777762716 0.5014792899259917 0.05111111110997531 0.06804733727609327
0 0.14333333333014814 0.5177514792746227 0.04666666666562963 0.05917159763138545
0 0.12555555555276543 0.5946745561954239 0.08222222222039506 0.1183431952627709
0 0.2255555555505432 0.5502958579718847 0.05999999999866666 0.09467455621021673
0 0.25111111110553086 0.7426035502738875 0.16444444444079012 0.260355029578096
0 0.39222222221350617 0.602071005899347 0.09111111110908642 0.10946745561806309
0 0.35333333332548145 0.5236686390377613 0.04888888888780247 0.065088757394524
0 0.36222222221417283 0.42455621300519064 0.026666666666074073 0.050295857986677635
0 0.47777777776716046 0.5902366863730699 0.06666666666518518 0.09171597632864745
0 0.5933333333201481 0.6360946745373937 0.08888888888691357 0.14792899407846363
0 0.6944444444290123 0.6109467455440548 0.06888888888735802 0.10946745561806309
