0 0.07166666666547222 0.616666666652963 0.053333333332444444 0.0733333333317037
0 0.142499999997625 0.6155555555418765 0.06833333333219445 0.13333333333037037
0 0.2841666666619306 0.5888888888758025 0.05499999999908333 0.07999999999822222
0 0.33166666666113886 0.5911111110979753 0.04666666666588889 0.08444444444256789
0 0.35583333332740275 0.8188888888706913 0.14499999999758334 0.20666666666207406
0 0.3833333333269444 0.6922222222068395 0.10999999999816666 0.1622222222186173
0 0.42916666665951386 0.61444444443079 0.06833333333219445 0.10888888888646914
0 0.49249999999179167 0.6411111110968641 0.06499999999891666 0.10444444444212345
0 0.5608333333239861 0.61444444443079 0.07166666666547222 0.11777777777516049
0 0.5374999999910417 0.43666666665696297 0.04166666666597222 0.05999999999866666
0 0.8341666666527638 0.7722222222050616 0.14166666666430555 0.2022222222177284
0 0.9324999999844583 0.6499999999855556 0.10499999999825 0.16666666666296295
0 0.8858333333185694 0.5377777777658271 0.048333333332527775 0.07111111110953086
0 0.7766666666537222 0.6655555555407654 0.07666666666538889 0.09999999999777777
0 0.7216666666546389 0.6555555555409877 0.059999999999 0.10222222221995061
0 0.7716666666538056 0.579999999987111 0.05666666666572222 0.09777777777560494
0 0.6833333333219445 0.5755555555427654 0.03666666666605556 0.06666666666518518
0 0.8416666666526389 0.5788888888760246 0.04666666666588889 0.07777777777604938
0 0.7208333333213194 0.5866666666536297 0.04499999999925 0.05777777777649382
