0 0.03636363636253443 0.609090909063223 0.04242424242295684 0.07272727272396694
0 0.1106060606027089 0.7159090908765495 0.08181818181570247 0.13181818181219007
0 0.17121212120693297 0.888636363595971 0.09393939393654728 0.1227272727216942
0 0.20454545453925618 0.6613636363335743 0.05757575757401285 0.09545454545020661
0 0.2484848484773186 0.754545454511157 0.07272727272506886 0.11818181817644627
0 0.30757575756643707 0.8181818181446281 0.0999999999969697 0.1636363636289256
0 0.29696969696069786 0.679545454514566 0.06666666666464646 0.10454545454070248
0 0.3909090908972451 0.618181818153719 0.04848484848337924 0.07272727272396694
0 0.4151515151389348 0.7272727272396694 0.07878787878549127 0.14545454544793388
0 0.44090909089573 0.6522727272430785 0.06363636363443526 0.10454545454070248
0 0.4772727272582644 0.6295454545168389 0.03939393939274564 0.068181818178719
0 0.5590909090739669 0.6272727272442148 0.03939393939274564 0.09090909090495868
0 0.5075757575603764 0.42954545452592974 0.03939393939274564 0.07727272726921487
0 0.5924242424062901 0.6545454545157025 0.05151515151359044 0.09090909090495868
0 0.5954545454365013 0.7431818181480372 0.07575757575528007 0.1227272727216942
0 0.6696969696766758 0.6227272726989669 0.05454545454380165 0.09090909090495868
0 0.7287878787657942 0.6613636363335743 0.06363636363443526 0.13181818181219007
0 0.8015151514908632 0.6136363636084711 0.05151515151359044 0.09090909090495868
0 0.8424242423987144 0.6727272726966942 0.05454545454380165 0.09090909090495868
0 0.9242424242144168 0.6386363636073347 0.04848484848337924 0.07727272726921487
