0 0.21513353115088624 0.38087248320869554 0.0741839762589263 0.09060402684259718
0 0.2759643916832058 0.77348993285995 0.1899109792228513 0.23825503354905184
0 0.2997032640860622 0.6375838925960542 0.07121661720856924 0.09395973154047116
0 0.35608308604284616 0.6359060402471173 0.05341246290642693 0.09060402684259718
0 0.08308605340999745 0.6191275167577475 0.05341246290642693 0.07046979865535337
0 0.18842729969767277 0.7080536912514076 0.0979228486617827 0.12751677851921084
0 0.6142433234239096 0.48154362414491464 0.047477744805712825 0.07046979865535337
0 0.5712166171937324 0.672818791923731 0.0741839762589263 0.10402684563409306
0 0.6795252225317648 0.6711409395747939 0.10089020771213976 0.12751677851921084
0 0.7537091987906911 0.5855704697790077 0.05934718100714103 0.0771812080511013
0 0.7418397625892629 0.5285234899151502 0.05341246290642693 0.06375838925960542
0 0.8086053412222965 0.41275167783849825 0.04451038575535577 0.06040268456173145
0 0.8560830860280094 0.4546979865619229 0.05637982195678398 0.06375838925960542
0 0.9643916913660417 0.46979865770235574 0.05934718100714103 0.07382550335322734
0 0.9747774480422915 0.548657718102394 0.05044510385606988 0.09060402684259718
0 0.919881305610686 0.6359060402471173 0.07121661720856924 0.10402684563409306
