0 0.12548828124877454 0.5677083333259413 0.06152343749939919 0.08333333333224827
0 0.18261718749821665 0.617838541658622 0.0664062499993515 0.1002604166653612
0 0.35205078124656203 0.6197916666585965 0.0693359374993229 0.10937499999857585
0 0.4628906249954796 0.6393229166583422 0.062499999999389655 0.09635416666541206
0 0.5664062499944688 0.6295572916584693 0.06054687499940873 0.08203124999893188
0 0.6791992187433673 0.6263020833251783 0.06347656249938012 0.08593749999888102
0 0.022949218749775888 0.576822916659156 0.041992187499589925 0.08072916666561551
0 0.040527343749604226 0.5247395833265008 0.05761718749943734 0.07291666666571724
0 0.09326171874908926 0.49544270832688225 0.04394531249957085 0.05859374999923706
0 0.12255859374880315 0.5006510416601477 0.03417968749966622 0.05338541666597155
0 0.11621093749886514 0.4576822916607073 0.044921874999561316 0.05338541666597155
0 0.1723632812483168 0.4388020833276198 0.041992187499589925 0.057291666665920685
0 0.19189453124812605 0.43945312499427797 0.028320312499723437 0.05338541666597155
0 0.2021484374980259 0.43033854166106333 0.021484374999790196 0.04817708333270603
0 0.2373046874976826 0.4186197916612159 0.02343749999977112 0.04296874999944051
0 0.2543945312475157 0.42773437499443057 0.022460937499780658 0.035156249999542234
0 0.2573242187474871 0.3613281249952952 0.024414062499761583 0.04557291666607327
0 0.4824218749952889 0.312499999995931 0.02343749999977112 0.03906249999949137
0 0.811523437492075 0.6555989583247969 0.06054687499940873 0.10546874999862671
0 0.8754882812414504 0.6184895833252801 0.055664062499456414 0.07812499999898274
0 0.9135742187410785 0.635416666658393 0.06542968749936104 0.09635416666541206
0 0.9687499999905397 0.590494791658978 0.05078124999950409 0.07682291666566637
0 0.9272460937409449 0.5468749999928793 0.055664062499456414 0.07552083333234999
0 0.8784179687414218 0.5305989583264245 0.045898437499551775 0.06380208333250258
0 0.8466796874917317 0.5156249999932861 0.05273437499948502 0.06770833333245171
0 0.794433593742242 0.508463541660046 0.03613281249964714 0.04296874999944051
0 0.7719726562424613 0.47200520832718745 0.03808593749962807 0.050781249999338786
0 0.7421874999927521 0.4570312499940491 0.029296874999713902 0.04166666666612413
0 0.7021484374931432 0.4446614583275435 0.021484374999790196 0.037760416666174995
0 0.7226562499929429 0.4316406249943797 0.02343749999977112 0.037760416666174995
