0 0.2114661654095589 0.6075471697883944 0.05451127819446407 0.11320754716553934
0 0.14379699247850006 0.5641509433749377 0.035714285713614395 0.07169811320484158
0 0.11090225563701311 0.5660377358276967 0.03759398496169936 0.0679245282993236
0 0.049812030074251654 0.5716981131859736 0.02819548872127452 0.05660377358276967
0 0.2650375939799805 0.5735849056387327 0.03759398496169936 0.0679245282993236
0 0.2340225563865785 0.5547169811111428 0.02067669172893465 0.05283018867725169
0 0.20676691728934649 0.5339622641307938 0.026315789473189553 0.05660377358276967
0 0.04229323308191178 0.8207547169501602 0.08082706766765363 0.2905660377248843
0 0.31296992480614716 0.5698113207332146 0.016917293232764714 0.04528301886621573
0 0.32612781954274195 0.5566037735639018 0.016917293232764714 0.0339622641496618
0 0.37312030074486613 0.47169811318974725 0.02067669172893465 0.03773584905517978
0 0.3703007518727387 0.6716981131822001 0.09774436090041834 0.21132075470900677
0 0.43045112781145767 0.5811320754497686 0.022556390977019617 0.0679245282993236
0 0.4107142857065655 0.5735849056387327 0.02819548872127452 0.060377358488287645
0 0.46052631578081715 0.5660377358276967 0.015037593984679744 0.04528301886621573
0 0.4746240601414544 0.5622641509221787 0.02067669172893465 0.05283018867725169
0 0.5272556390878336 0.6226415094104664 0.035714285713614395 0.07547169811035956
0 0.524436090215706 0.5716981131859736 0.022556390977019617 0.04905660377173371
0 0.4953007518703891 0.5716981131859736 0.02067669172893465 0.04905660377173371
0 0.5554511278091081 0.5754716980914916 0.02819548872127452 0.05660377358276967
0 0.5714285714178303 0.5566037735639018 0.01879699248084968 0.041509433960697756
0 0.6221804511161244 0.6094339622411534 0.0413533834578693 0.07169811320484158
0 0.6766917293105885 0.7207547169539338 0.11654135338126802 0.21886792452004272
0 0.88157894735185 0.6867924528042719 0.12030075187743795 0.22641509433107868
0 0.9718045112599285 0.6283018867687433 0.05639097744254904 0.13207547169312922
0 0.9859022556205658 0.5792452829970096 0.02819548872127452 0.08679245282691349
0 0.9774436090041834 0.5226415094142399 0.022556390977019617 0.05660377358276967
0 0.9351503759222716 0.5339622641307938 0.02819548872127452 0.05660377358276967
0 0.9060150375769546 0.5471698113001068 0.026315789473189553 0.060377358488287645
0 0.87781954885568 0.5584905660166607 0.03383458646552943 0.0679245282993236
0 0.8129699247967487 0.5735849056387327 0.035714285713614395 0.0679245282993236
0 0.7678571428427095 0.5509433962056247 0.035714285713614395 0.060377358488287645
0 0.735902255625265 0.5603773584694197 0.024436090225104585 0.041509433960697756
0 0.701127819535693 0.5792452829970096 0.03759398496169936 0.05660377358276967
0 0.6682330826942061 0.5603773584694197 0.035714285713614395 0.05660377358276967
