0 0.18366228070141874 0.7043585526296482 0.14473684210499865 0.26562499999927186
0 0.07821637426886291 0.5268640350862751 0.04495614035079504 0.05592105263142566
0 0.02156432748534071 0.5187774122792796 0.03728070175431784 0.04632675438583792
0 0.19453581871309478 0.46354166666539603 0.03307748538005651 0.041118421052518866
0 0.20440423976570832 0.4851973684197226 0.024671052631533862 0.03782894736831736
0 0.2707419590638327 0.5004111842091546 0.030884502923920167 0.045230263157770755
0 0.2121710526311912 0.5705866228054535 0.06688596491215847 0.10553728070146509
0 0.3287646198824401 0.4861567982442814 0.03033625730988608 0.04413377192970358
0 0.29395102339127566 0.46888706140222347 0.02247807017539752 0.0326206140349983
0 0.37097953216306473 0.4676535087706479 0.024488304093522498 0.038925438596384525
0 0.3976608187127236 0.5352247807002872 0.054093567251363134 0.08141447368398735
0 0.43283991227991075 0.604303728068519 0.08936403508755598 0.1411732456136481
0 0.4465460526307629 0.46299342105136243 0.02540204678357931 0.042214912280586034
0 0.53271198830312 0.4735471491215089 0.04568713450284048 0.07812499999978584
0 0.6117507309930341 0.5378289473669468 0.06743421052619256 0.09923245614007886
0 0.6032529239755058 0.47724780701623565 0.03106725146193153 0.04550438596478754
0 0.604623538010591 0.847176535085397 0.18841374268971414 0.28152412280624584
0 0.7712902046769531 0.6502192982438316 0.08863304093551054 0.15076754385923585
0 0.7621527777763849 0.5315241228055605 0.052083333333238155 0.06962719298226527
