0 0.16777777777404937 0.6583333333113889 0.02888888888824691 0.04333333333188889
0 0.2877777777713827 0.6583333333113889 0.03333333333259259 0.04333333333188889
0 0.40777777776871604 0.6583333333113889 0.02888888888824691 0.049999999998333336
0 0.5088888888775802 0.6549999999781667 0.031111111110419754 0.05666666666477778
0 0.6133333333197036 0.6599999999780001 0.026666666666074073 0.059999999998
0 0.7099999999842221 0.6583333333113889 0.03777777777693827 0.05666666666477778
0 0.8533333333143703 0.568333333314389 0.031111111110419754 0.06333333333122222
0 0.7899999999824444 0.8416666666386111 0.05111111110997531 0.05666666666477778
0 0.775555555538321 0.8699999999710001 0.03555555555476543 0.05333333333155556
0 0.7433333333168148 0.8799999999706667 0.04666666666562963 0.06666666666444444
0 0.6944444444290123 0.9283333333023889 0.05111111110997531 0.06999999999766666
0 0.629999999986 0.9466666666351111 0.08666666666474074 0.09333333333022223
0 0.6799999999848889 0.8366666666387778 0.03999999999911111 0.05333333333155556
0 0.5377777777658271 0.8583333333047223 0.03999999999911111 0.05666666666477778
0 0.49777777776671606 0.8599999999713334 0.044444444443456785 0.059999999998
0 0.45999999998977775 0.8449999999718334 0.03999999999911111 0.06333333333122222
0 0.4511111111010864 0.9116666666362778 0.053333333332148146 0.07666666666411111
0 0.511111111099753 0.943333333301889 0.06222222222083951 0.08666666666377779
0 0.3511111111033086 0.9099999999696667 0.07111111110953086 0.07333333333088889
0 0.3844444444359012 0.8683333333043889 0.044444444443456785 0.06999999999766666
0 0.3777777777693827 0.8299999999723333 0.03999999999911111 0.06666666666444444
0 0.3433333333257037 0.8299999999723333 0.05111111110997531 0.07999999999733334
0 0.2988888888822469 0.8299999999723333 0.03777777777693827 0.059999999998
0 0.2655555555496543 0.8633333333045556 0.04666666666562963 0.07333333333088889
0 0.1977777777733827 0.8933333333035556 0.06666666666518518 0.10666666666311111
0 0.20555555555098765 0.838333333305389 0.042222222221283946 0.07666666666411111
0 0.14222222221906172 0.8433333333052222 0.04888888888780247 0.07999999999733334
0 0.11444444444190123 0.8133333333062223 0.04666666666562963 0.07333333333088889
0 0.05444444444323457 0.9333333333022222 0.06444444444301234 0.10666666666311111
0 0.027777777777160492 0.8366666666387778 0.05111111110997531 0.08666666666377779
0 0.06333333333192592 0.8749999999708333 0.05111111110997531 0.07666666666411111
