0 0.17642857142605103 0.7451403887528046 0.10142857142712244 0.15118790496433718
0 0.09285714285581632 0.6727861770913004 0.07428571428465307 0.114470842330141
0 0.07142857142755102 0.5939524837884675 0.057142857142040815 0.10367170626125978
0 0.03357142857094898 0.58099352050581 0.041428571427979594 0.06479481641328737
0 0.012142857142683674 0.5140388768787464 0.021428571428265306 0.05615550755818238
0 0.16499999999764287 0.46328293735500464 0.018571428571163267 0.03671706263419617
0 0.21999999999685715 0.46760259178255714 0.028571428571020407 0.058315334771958625
0 0.19999999999714285 0.46760259178255714 0.017142857142612246 0.03671706263419617
0 0.24285714285367346 0.46976241899633336 0.019999999999714285 0.045356371489301155
0 0.24999999999642858 0.4514038876792353 0.022857142856816327 0.04319654427552491
0 0.2807142857102755 0.4913606911340958 0.03571428571377551 0.058315334771958625
0 0.2792857142817245 0.4470842332516828 0.021428571428265306 0.03887688984797242
0 0.29214285713868365 0.43844492439657784 0.024285714285367348 0.04319654427552491
0 0.3557142857092041 0.4805615550652146 0.037142857142326534 0.0669546436270636
0 0.32999999999528573 0.45896328292745214 0.022857142856816327 0.05399568034440613
0 0.317857142852602 0.4557235421067878 0.021428571428265306 0.0475161987030774
0 0.34642857142362243 0.4233261339001441 0.018571428571163267 0.030237580992867434
0 0.3914285714229796 0.4686825053894453 0.02571428571391837 0.05183585313062989
0 0.3792857142802959 0.4330453563621372 0.024285714285367348 0.04103671706174866
0 0.38571428570877553 0.4092872570105985 0.017142857142612246 0.032397408206643684
0 0.41428571427979594 0.4146868250450391 0.019999999999714285 0.03455723542041993
0 0.42999999999385713 0.4125269978312629 0.017142857142612246 0.04319654427552491
0 0.42499999999392857 0.46328293735500464 0.03285714285667347 0.05399568034440613
0 0.453571428564949 0.4557235421067878 0.021428571428265306 0.05615550755818238
0 0.4414285714222653 0.5118790496649701 0.037142857142326534 0.06479481641328737
0 0.4949999999929286 0.4805615550652146 0.041428571427979594 0.0712742980546161
0 0.47928571427886735 0.4103671706174866 0.024285714285367348 0.04319654427552491
0 0.5099999999927143 0.40712742979682226 0.019999999999714285 0.04103671706174866
0 0.5392857142780102 0.43196544275524906 0.03285714285667347 0.06047516198573487
0 0.559999999992 0.5302375809820683 0.057142857142040815 0.10583153347503603
0 0.628571428562449 0.4999999999892008 0.05142857142783674 0.09287257019237856
0 0.6164285714197653 0.43844492439657784 0.03571428571377551 0.06047516198573487
0 0.5792857142774388 0.39416846651416476 0.024285714285367348 0.03671706263419617
0 0.6157142857054898 0.39632829372794104 0.022857142856816327 0.04103671706174866
0 0.6499999999907143 0.4038876889761579 0.022857142856816327 0.05183585313062989
0 0.6799999999902857 0.4568034557136759 0.04571428571363265 0.08855291576482606
0 0.733571428560949 0.45464362849989964 0.044285714285081636 0.08423326133727357
0 0.7092857142755816 0.39200863930038854 0.027142857142469386 0.04967602591685365
0 0.7399999999894286 0.39200863930038854 0.02571428571391837 0.045356371489301155
0 0.8228571428453878 0.4038876889761579 0.03428571428522449 0.06047516198573487
0 0.8507142857021327 0.39632829372794104 0.03285714285667347 0.06263498919951112
0 0.7421428571322551 0.5831533477195863 0.0842857142845102 0.1382289416816797
0 0.8292857142738673 0.5172786176994107 0.07285714285610204 0.12742980561279849
0 0.872142857130398 0.5010799135960889 0.0557142857134898 0.12095032397146974
0 0.911428571415551 0.4686825053894453 0.05428571428493877 0.10367170626125978
0 0.9778571428431735 0.39848812094171726 0.03857142857087755 0.07991360690972107
