0 0.15551839464622877 0.7134502923767997 0.02675585284236194 0.05263157894582948
0 0.08946488294164774 0.8143274853563062 0.04515050167148577 0.07309941520254096
0 0.2600334448117051 0.8245614034846619 0.04515050167148577 0.08187134502684587
0 0.31020066889113374 0.7178362572889522 0.03846153846089529 0.06725146198633768
0 0.48327759196516257 0.5394736841947522 0.02675585284236194 0.061403508770134396
0 0.4423076923002958 0.7807017543631374 0.04515050167148577 0.07602339181064259
0 0.45317725751750537 0.9064327485115078 0.04013377926354291 0.07602339181064259
0 0.6229096989862389 0.7967836257076963 0.03511705685560005 0.061403508770134396
0 0.6605351170458104 0.9152046783358128 0.04347826086883815 0.08771929824304914
0 0.7909698996523249 0.8508771929575767 0.04013377926354291 0.07017543859443931
0 0.8996655518244202 0.7660818713226292 0.03678929765824767 0.07017543859443931
0 0.9690635451342965 0.8494152046535258 0.04849498327678102 0.07894736841874422
