0 0.02109374999967041 0.2897897897810874 0.03906249999938965 0.09909909909612315
0 0.09218749999855957 0.3903903903786669 0.04687499999926758 0.10810810810486161
0 0.1007812499984253 0.2927927927840002 0.03281249999948731 0.07507507507282056
0 0.14062499999780273 0.35285285284225665 0.037499999999414065 0.06906906906699492
0 0.17109374999732668 0.3168168168073028 0.026562499999584963 0.05705705705534363
0 0.20468749999680177 0.3453453453349746 0.04062499999936524 0.07207207206990773
0 0.2132812499966675 0.4279279279150772 0.06406249999899903 0.0930930930902975
0 0.34999999999453124 0.44744744743401055 0.02812499999956055 0.07207207206990773
0 0.3664062499942749 0.5900900900723697 0.06406249999899903 0.14114114113690265
0 0.47499999999257814 0.5690690690519798 0.04999999999921875 0.09909909909612315
0 0.5281249999917481 0.4969969969820721 0.021874999999658203 0.05705705705534363
0 0.509374999992041 0.43393393392090285 0.021874999999658203 0.04504504504369234
0 0.5156249999919433 0.4174174174048823 0.018749999999707032 0.03603603603495387
0 0.4656249999927246 0.4114114113990567 0.01562499999975586 0.03603603603495387
0 0.5578124999912842 0.4249249249121644 0.01562499999975586 0.03303303303204105
0 0.5601562499912476 0.4039039038917746 0.014062499999780275 0.021021021020389757
0 0.6101562499904664 0.4384384384252721 0.017187499999731445 0.03603603603495387
0 0.6312499999901368 0.4114114113990567 0.01562499999975586 0.02402402402330258
0 0.6593749999896973 0.4444444444310977 0.018749999999707032 0.03603603603495387
0 0.7234374999886963 0.45945945944566186 0.012499999999804688 0.03603603603495387
0 0.675781249989441 0.5240240240082875 0.026562499999584963 0.05105105104951798
0 0.645312499989917 0.5810810810636312 0.024999999999609376 0.05105105104951798
0 0.6132812499904176 0.5195195195039183 0.02343749999963379 0.060060060058256454
0 0.5765624999909913 0.49999999998498496 0.018749999999707032 0.04504504504369234
0 0.743749999988379 0.5240240240082875 0.018749999999707032 0.04504504504369234
0 0.7726562499879273 0.5765765765592619 0.02343749999963379 0.05405405405243081
0 0.7921874999876222 0.5360360360199388 0.021874999999658203 0.04504504504369234
0 0.7906249999876466 0.49999999998498496 0.018749999999707032 0.04504504504369234
0 0.890624999986084 0.4969969969820721 0.0562499999991211 0.11111111110777443
