0 0.12249999999846875 0.8108333333198194 0.169999999997875 0.20833333332986112
0 0.07312499999908594 0.6816666666553055 0.10874999999864061 0.16333333333061112
0 0.1937499999975781 0.719999999988 0.11749999999853124 0.18333333333027776
0 0.3256249999959297 0.8016666666533055 0.16124999999798437 0.20333333332994444
0 0.3456249999956797 0.6758333333220694 0.10624999999867187 0.1783333333303611
0 0.4743749999940703 0.7191666666546805 0.11874999999851561 0.18499999999691666
0 0.633749999992078 0.7624999999872917 0.14249999999821875 0.21499999999641667
0 0.6156249999923047 0.6649999999889167 0.09374999999882812 0.12666666666455556
0 0.7593749999905077 0.7116666666548055 0.12374999999845313 0.1933333333301111
0 0.8256249999896796 0.7091666666548472 0.10624999999867187 0.16166666666397222
0 0.9687499999878906 0.7558333333207361 0.06249999999921875 0.22166666666297222
0 0.3218749999959766 0.31416666666143056 0.12124999999848438 0.16499999999724999
