0 0.5049999999899 0.48048048046605163 0.0299999999994 0.04204204204077951
0 0.65799999998684 0.6486486486291697 0.04799999999904 0.08408408408155903
0 0.81299999998374 0.7072072071859697 0.0699999999986 0.11111111110777443
0 0.86699999998266 0.635135135116062 0.06599999999868 0.11111111110777443
0 0.55699999998886 0.6666666666466466 0.049999999999 0.07207207206990773
0 0.49799999999003997 0.7402402402180107 0.07199999999856 0.1471471471427283
0 0.36999999999259997 0.8933933933665646 0.15599999999688 0.19519519518933345
0 0.36799999999264 0.7417417417194672 0.06399999999872 0.10810810810486161
0 0.44499999999109996 0.6636636636437337 0.04199999999916 0.07207207206990773
0 0.35999999999279997 0.6561561561364517 0.039999999999199995 0.06906906906699492
0 0.24199999999516 0.6486486486291697 0.039999999999199995 0.07207207206990773
0 0.20199999999596 0.7282282282063595 0.05599999999888 0.08708708708447185
0 0.12799999999744 0.6906906906699491 0.051999999998959996 0.07807807807573339
0 0.15999999999679998 0.6486486486291697 0.02799999999944 0.04804804804660516
0 0.099999999998 0.6456456456262568 0.03199999999936 0.04804804804660516
0 0.0649999999987 0.635135135116062 0.0299999999994 0.04504504504369234
0 0.060999999998779995 0.6981981981772313 0.053999999998919995 0.07507507507282056
0 0.051999999998959996 0.8828828828563698 0.099999999998 0.1741741741689437
0 0.01199999999976 0.6726726726524722 0.019999999999599997 0.060060060058256454
