0 0.0554687499991333 0.6666666666510171 0.045312499999291996 0.06572769952897352
0 0.01796874999971924 0.5915492957607618 0.03281249999948731 0.06572769952897352
0 0.07421874999884033 0.5762910797986786 0.029687499999536134 0.04929577464673014
0 0.09296874999854737 0.6197183098446075 0.03281249999948731 0.051643192487050626
0 0.10234374999840089 0.6654929577308569 0.051562499999194336 0.07746478873057594
0 0.17343749999729005 0.6138497652438063 0.043749999999316405 0.07276995304993497
0 0.135937499997876 0.7711267605452786 0.06249999999902344 0.09154929577249883
0 0.19531249999694825 0.8427230046750533 0.0999999999984375 0.14084507041922897
0 0.28749999999550785 0.7265258215791894 0.06249999999902344 0.08685446009185788
0 0.3890624999939209 0.821596244112169 0.10624999999833985 0.12676056337730607
0 0.2781249999956543 0.5645539905970761 0.01562499999975586 0.03051643192416628
0 0.21796874999659424 0.44835680750121226 0.02343749999963379 0.028169014083845798
0 0.3257812499949097 0.5774647887188388 0.026562499999584963 0.03755868544512773
0 0.3249999999949219 0.5316901408325894 0.021874999999658203 0.03521126760480724
0 0.30468749999523925 0.5305164319124291 0.01562499999975586 0.028169014083845798
0 0.36484374999429936 0.5692488262777171 0.026562499999584963 0.03990610328544821
0 0.3664062499942749 0.5363849765132304 0.014062499999780275 0.025821596243525313
0 0.35624999999443363 0.5328638497527496 0.018749999999707032 0.03755868544512773
0 0.2921874999954346 0.5516431924753135 0.01562499999975586 0.02347417840320483
0 0.40859374999361575 0.5903755868406014 0.026562499999584963 0.03990610328544821
0 0.4124999999935547 0.5481220657148328 0.021874999999658203 0.03521126760480724
0 0.4148437499935181 0.5140845070301858 0.02031249999968262 0.028169014083845798
0 0.4367187499931763 0.5434272300341918 0.026562499999584963 0.03990610328544821
0 0.4578124999928467 0.5258215962317881 0.01562499999975586 0.028169014083845798
0 0.4710937499926392 0.5645539905970761 0.026562499999584963 0.044600938966089174
0 0.4726562499926148 0.5363849765132304 0.014062499999780275 0.03051643192416628
0 0.4914062499923218 0.5563380281559545 0.02031249999968262 0.03755868544512773
0 0.5007812499921753 0.5363849765132304 0.02343749999963379 0.025821596243525313
0 0.48437499999243167 0.515258215950346 0.01562499999975586 0.021126760562884348
0 0.5218749999918457 0.5293427229922689 0.021874999999658203 0.03521126760480724
0 0.5398437499915649 0.5610328638365955 0.02343749999963379 0.042253521125768696
0 0.5124999999919922 0.5950704225212424 0.03124999999951172 0.03990610328544821
0 0.5203124999918701 0.6361502347268508 0.04062499999936524 0.056338028167691595
0 0.5562499999913086 0.5962441314414026 0.03437499999946289 0.056338028167691595
0 0.5796874999909424 0.5680751173575569 0.021874999999658203 0.03755868544512773
0 0.5796874999909424 0.5469483567946726 0.018749999999707032 0.028169014083845798
0 0.5656249999911621 0.5352112675930701 0.01562499999975586 0.028169014083845798
0 0.5578124999912842 0.5246478873116279 0.012499999999804688 0.021126760562884348
0 0.6085937499904908 0.5962441314414026 0.03281249999948731 0.04694835680640966
0 0.6148437499903932 0.5375586854333906 0.026562499999584963 0.03755868544512773
0 0.6156249999903809 0.49413145538746167 0.018749999999707032 0.03051643192416628
0 0.6320312499901245 0.5023474178285834 0.017187499999731445 0.02347417840320483
0 0.6437499999899414 0.4976525821479424 0.018749999999707032 0.028169014083845798
0 0.6437499999899414 0.549295774634993 0.024999999999609376 0.04694835680640966
0 0.667968749989563 0.544600938954352 0.02343749999963379 0.03286384976448676
0 0.6734374999894776 0.5187793427108267 0.01562499999975586 0.03755868544512773
0 0.6843749999893067 0.5035211267487436 0.01562499999975586 0.025821596243525313
0 0.6921874999891846 0.5328638497527496 0.018749999999707032 0.03286384976448676
0 0.7234374999886963 0.5481220657148328 0.03124999999951172 0.05399061032737111
0 0.7367187499884889 0.5258215962317881 0.02031249999968262 0.042253521125768696
0 0.7078124999889405 0.5082159624293846 0.018749999999707032 0.03051643192416628
0 0.7226562499887086 0.505868544589064 0.02343749999963379 0.03990610328544821
0 0.7382812499884644 0.5035211267487436 0.02031249999968262 0.03521126760480724
0 0.7789062499878296 0.5117370891898653 0.017187499999731445 0.02347417840320483
0 0.7226562499887086 0.6197183098446075 0.03906249999938965 0.06103286384833256
0 0.6890624999892334 0.6326291079663702 0.037499999999414065 0.06338028168865303
0 0.8171874999872315 0.6197183098446075 0.053124999999169926 0.09389671361281932
0 0.7874999999876954 0.5868544600801208 0.037499999999414065 0.06572769952897352
0 0.890624999986084 0.626760563365569 0.053124999999169926 0.08920187793217835
0 0.9156249999856934 0.6068075117228449 0.043749999999316405 0.068075117369294
0 0.9343749999854004 0.5821596243994798 0.04062499999936524 0.06572769952897352
0 0.8648437499864868 0.5692488262777171 0.03906249999938965 0.05868544600801207
0 0.8109374999873291 0.5586854459962749 0.02812499999956055 0.03755868544512773
0 0.8367187499869263 0.5375586854333906 0.02343749999963379 0.042253521125768696
0 0.8296874999870362 0.5093896713495448 0.024999999999609376 0.042253521125768696
0 0.8734374999863526 0.5011737089084232 0.021874999999658203 0.03521126760480724
0 0.8953124999860108 0.5363849765132304 0.024999999999609376 0.044600938966089174
0 0.9117187499857544 0.5117370891898653 0.02343749999963379 0.03286384976448676
0 0.91328124998573 0.4917840375471412 0.026562499999584963 0.03051643192416628
