0 0.0649999999987 0.397897897885949 0.037999999999239996 0.06906906906699492
0 0.12599999999748 0.4024024023903182 0.039999999999199995 0.0660660660640821
0 0.16699999999666 0.5090090089937234 0.037999999999239996 0.06906906906699492
0 0.21299999999573999 0.3993993993874054 0.037999999999239996 0.0660660660640821
0 0.25099999999498 0.5120120119966363 0.03399999999932 0.06306306306116927
0 0.28199999999436 0.40840840839614384 0.03599999999928 0.05405405405243081
0 0.32599999999348 0.4174174174048823 0.03599999999928 0.0660660660640821
0 0.34599999999308 0.5120120119966363 0.039999999999199995 0.06906906906699492
0 0.38699999999226 0.4129129129005131 0.03399999999932 0.05705705705534363
0 0.42699999999146 0.5060060059908106 0.04199999999916 0.06906906906699492
0 0.46599999999068 0.4099099098976003 0.03599999999928 0.06306306306116927
0 0.51199999998976 0.49999999998498496 0.039999999999199995 0.07507507507282056
0 0.49399999999011995 0.3993993993874054 0.02799999999944 0.04804804804660516
0 0.53699999998926 0.4099099098976003 0.0299999999994 0.06306306306116927
0 0.5679999999886399 0.4039039038917746 0.03199999999936 0.06306306306116927
0 0.60699999998786 0.515015014999549 0.04599999999908 0.08708708708447185
0 0.599999999988 0.3963963963844926 0.03599999999928 0.0660660660640821
0 0.66299999998674 0.40690690689468745 0.037999999999239996 0.06306306306116927
0 0.6729999999865399 0.5030030029878978 0.037999999999239996 0.06906906906699492
0 0.73399999998532 0.40540540539323106 0.039999999999199995 0.07207207206990773
0 0.7659999999846799 0.5210210210053747 0.039999999999199995 0.06906906906699492
0 0.8059999999838799 0.4009009008888618 0.04399999999912 0.06906906906699492
0 0.84199999998316 0.40540540539323106 0.039999999999199995 0.07207207206990773
