0 0.08777777777680247 0.7974999999867083 0.1644444444426173 0.3616666666606389
0 0.4183333333286852 0.5858333333235695 0.22333333333085187 0.34166666666097223
0 0.7033333333255186 0.40833333332652777 0.1644444444426173 0.26333333332894443
0 0.8083333333243519 0.31999999999466666 0.13666666666514815 0.24666666666255554
0 0.918888888878679 0.21583333332973612 0.0999999999988889 0.1816666666636389
0 0.6133333333265185 0.15333333333077778 0.09777777777669136 0.16333333333061112
0 0.296111111107821 0.21916666666301388 0.12999999999855558 0.22166666666297222
0 0.22999999999744447 0.11749999999804167 0.0866666666657037 0.13499999999775
0 0.0999999999988889 0.3758333333270694 0.1288888888874568 0.20499999999658333
0 0.08444444444350618 0.16083333333065278 0.09111111111009877 0.15499999999741668
