0 0.2516666666624722 0.42749999998931254 0.179999999997 0.34499999999137504
0 0.112499999998125 0.4124999999896875 0.09833333333169444 0.14999999999625002
0 0.06333333333227778 0.3337499999916563 0.07666666666538889 0.1574999999960625
0 0.024999999999583335 0.25624999999359377 0.03999999999933333 0.07749999999806251
0 0.17666666666372222 0.2274999999943125 0.04666666666588889 0.084999999997875
0 0.2758333333287361 0.2574999999935625 0.048333333332527775 0.064999999998375
0 0.6466666666558889 0.20624999999484375 0.023333333332944444 0.0524999999986875
0 0.6683333333221945 0.1674999999958125 0.023333333332944444 0.034999999999125
0 0.7541666666540973 0.10124999999746875 0.04499999999925 0.06749999999831251
0 0.8716666666521389 0.21874999999453126 0.0299999999995 0.0624999999984375
