0 0.06328124999901123 0.32735426008234636 0.05468749999914551 0.06726457398952322
0 0.018749999999707032 0.32286995514971145 0.03437499999946289 0.06726457398952322
0 0.1124999999982422 0.32174887891655274 0.06249999999902344 0.07399103138847554
0 0.2359374999963135 0.4686098654603451 0.09374999999853516 0.11659192824850692
0 0.2804687499956177 0.37107623317553645 0.06093749999904786 0.0829596412537453
0 0.35468749999445803 0.3329596412481399 0.05937499999907227 0.07399103138847554
0 0.4234374999933838 0.3161434977507591 0.043749999999316405 0.06278026905688834
0 0.4460937499930298 0.41031390133609164 0.09218749999855957 0.10762331838323716
0 0.5195312499918824 0.3318385650149812 0.04218749999934082 0.06726457398952322
0 0.5249999999917969 0.2982062780202196 0.03437499999946289 0.04484304932634881
0 0.6249999999902344 0.29372197308758474 0.037499999999414065 0.04932735425898369
0 0.6937499999891602 0.360986547077108 0.0781249999987793 0.11210762331587204
0 0.6976562499890991 0.29260089685442603 0.051562499999194336 0.0829596412537453
0 0.7984374999875244 0.3038116591860132 0.06249999999902344 0.08744394618638018
0 0.8874999999861328 0.36883408070921897 0.06874999999892578 0.07847533632111042
0 0.8421874999868408 0.33408071748129864 0.04062499999936524 0.0717488789221581
0 0.9601562499849976 0.4977578475224718 0.0796874999987549 0.16143497757485573
0 0.9445312499852417 0.264573991025458 0.04843749999924317 0.04932735425898369
