0 0.04624999999884375 0.19629629628902606 0.0424999999989375 0.05925925925706447
0 0.09374999999765625 0.24444444443539093 0.0524999999986875 0.05925925925706447
0 0.13874999999653126 0.27407407406392315 0.05749999999856251 0.06666666666419753
0 0.1024999999974375 0.36851851850486966 0.07499999999812501 0.08518518518203018
0 0.04999999999875 0.4722222222047325 0.09499999999762501 0.12222222221769546
0 0.28999999999275 0.43148148146550064 0.11499999999712501 0.12962962962482852
0 0.2574999999935625 0.33148148146920436 0.0599999999985 0.07777777777489711
0 0.30499999999237504 0.2055555555479424 0.04999999999875 0.062962962960631
0 0.26249999999343754 0.13888888888374484 0.039999999999 0.07777777777489711
0 0.3687499999907813 0.16111111110514403 0.047499999998812506 0.04814814814636488
0 0.39999999999 0.19074074073367625 0.04999999999875 0.062962962960631
0 0.4512499999887188 0.17962962962297668 0.0424999999989375 0.05555555555349794
0 0.42374999998940627 0.2537037036943073 0.0624999999984375 0.09999999999629629
0 0.39249999999018753 0.3648148148013031 0.079999999998 0.10740740740342936
0 0.519999999987 0.32592592591385455 0.06999999999825 0.10370370369986281
0 0.519999999987 0.1407407407355281 0.039999999999 0.05925925925706447
0 0.519999999987 0.04074074073923182 0.044999999998875 0.05925925925706447
0 0.5524999999861875 0.12407407406947873 0.034999999999125 0.062962962960631
0 0.6024999999849375 0.16666666666049382 0.044999999998875 0.08148148147846364
0 0.6387499999840313 0.17962962962297668 0.05749999999856251 0.09999999999629629
0 0.7212499999819688 0.2777777777674897 0.05749999999856251 0.0888888888855967
0 0.64999999998375 0.4462962962797668 0.104999999997375 0.15925925925336076
0 0.4874999999878125 0.5833333333117283 0.144999999996375 0.21111111110329217
0 0.3724999999906875 0.6444444444205761 0.1799999999955 0.23703703702825787
0 0.7387499999815312 0.224074074065775 0.037499999999062505 0.062962962960631
0 0.7324999999816876 0.16666666666049382 0.034999999999125 0.05185185184993141
0 0.7799999999805001 0.14814814814266117 0.034999999999125 0.05925925925706447
0 0.8437499999789063 0.2611111111014403 0.05749999999856251 0.08518518518203018
0 0.8987499999775312 0.22222222221399177 0.06749999999831251 0.10370370369986281
0 0.8674999999783125 0.17407407406762687 0.034999999999125 0.06666666666419753
