0 0.08347978910222355 0.5649867373855441 0.08963093145712424 0.1697612732050461
0 0.05623901581623481 0.44562334216324606 0.07381370825880819 0.1167108753284692
0 0.09402460456776758 0.4257294429595297 0.05799648506049215 0.10875331564698267
0 0.07996485061370888 0.3209549071532903 0.05448154657197747 0.09549071617783844
0 0.05887521968262082 0.2798408487989432 0.03339191564088942 0.039787798407432684
0 0.12390158172014232 0.29708222810883067 0.050966608083462796 0.08488063660252305
0 0.16959578207083312 0.29310344826808743 0.036906854129404094 0.07161803713337883
0 0.21880492091003856 0.34350132625083546 0.043936731106433445 0.07692307692103652
0 0.21880492091003856 0.30371352784340283 0.036906854129404094 0.050397877982748064
0 0.21441124779939522 0.2718832891174567 0.031634446396632085 0.04509283819509037
0 0.19068541300192116 0.4535809018447326 0.0650263620375215 0.1167108753284692
0 0.22583479788706792 0.4190981432249576 0.05448154657197747 0.10079575596549613
0 0.3488576449850816 0.5477453580756566 0.10017574692266826 0.15649867373590187
0 0.3427065026301809 0.4429708222694172 0.06678383128177884 0.08488063660252305
0 0.3251318101876075 0.385941644552097 0.04920913883920546 0.07692307692103652
0 0.3339191564088942 0.3501326259854076 0.04920913883920546 0.07957559681486537
0 0.30667838312290546 0.3196286472063759 0.043936731106433445 0.07692307692103652
0 0.2776801405926594 0.2957559681619163 0.04217926186217611 0.07692307692103652
0 0.3453427064965669 0.2625994694890557 0.04042179261791877 0.07427055702720767
0 0.41124780315621706 0.24933687001991148 0.038664323373661436 0.06896551723954998
0 0.4015817223128017 0.30371352784340283 0.04042179261791877 0.061007957558063444
0 0.40861159928983104 0.36737400529529507 0.043936731106433445 0.09283819628400959
0 0.4420035149307205 0.39389920423358354 0.05448154657197747 0.09283819628400959
0 0.4929701230141833 0.46816976126079124 0.0650263620375215 0.10875331564698267
0 0.5351493848763594 0.53978779839417 0.0790861159915802 0.11936339522229805
0 0.5017574692354699 0.291777188321173 0.04745166959494812 0.07427055702720767
0 0.5536028119410614 0.34084880635700665 0.04217926186217611 0.0822281167086942
0 0.5992970122917523 0.28779840848042976 0.03514938488514676 0.06631299734572113
0 0.6309314586883843 0.3315649867286057 0.03514938488514676 0.06896551723954998
0 0.6405975395317997 0.38859416444592587 0.04745166959494812 0.0875331564963519
0 0.6757469244169464 0.31034482757797494 0.036906854129404094 0.06896551723954998
0 0.6678383128177884 0.2625994694890557 0.028119507908117406 0.04774535808891922
0 0.7346221440995673 0.29310344826808743 0.03514938488514676 0.05570291777040576
0 0.7521968365421406 0.326259946940948 0.05623901581623481 0.06896551723954998
0 0.7469244288093686 0.36737400529529507 0.04920913883920546 0.07692307692103652
0 0.7434094903208539 0.44164456232250277 0.05975395430474949 0.10875331564698267
0 0.8321616871558495 0.44164456232250277 0.050966608083462796 0.11405835543464035
0 0.8629173989303529 0.40053050396815565 0.05272407732772014 0.10610079575315381
0 0.8163444639575335 0.3183023872594615 0.04745166959494812 0.09018567639018074
0 0.9402460456776758 0.5384615384472556 0.08084358523583754 0.14323607426675766
0 0.9507908611432198 0.39389920423358354 0.04920913883920546 0.10344827585932498
0 0.9349736379449037 0.36339522545455183 0.04217926186217611 0.08488063660252305
