0 0.05658627087093532 0.6888888888670194 0.042671614099393844 0.06349206349004788
0 0.06771799628816849 0.6333333333132275 0.03896103896031612 0.06031746031554548
0 0.03896103896031612 0.6555555555347443 0.033395176251699535 0.041269841268531116
0 0.13636363636110643 0.6873015872797682 0.053803339516627025 0.104761904758579
0 0.13079777365248982 0.6253968253769715 0.03153988868216067 0.06349206349004788
0 0.19109461966250288 0.620634920615218 0.033395176251699535 0.06666666666455026
0 0.24860853431820762 0.63650793648773 0.03710575139077726 0.07936507936255985
0 0.12337662337433437 0.9095238094949358 0.12801484229818152 0.1492063492016125
0 0.32560296845407044 0.6380952380749811 0.03525046382123839 0.057142857141043085
0 0.39981447123562497 0.6269841269642228 0.04638218923847157 0.07301587301355505
0 0.44526901668932706 0.6111111110917108 0.033395176251699535 0.06031746031554548
0 0.4814471242953349 0.5206349206183926 0.02411873840400522 0.06349206349004788
0 0.41094619665285814 0.7111111110885362 0.053803339516627025 0.11428571428208617
0 0.49165120592779865 0.6603174602964978 0.03710575139077726 0.08888888888606702
0 0.5037105751298012 0.7587301587060721 0.05751391465570475 0.10793650793308139
0 0.5389610389510396 0.903174603145931 0.1094619666027929 0.18095238094663643
0 0.5621521335702755 0.6666666666455027 0.04823747680801044 0.08253968253706223
0 0.6131725417325942 0.6222222222024691 0.03153988868216067 0.06349206349004788
0 0.6307977736432133 0.6412698412494835 0.03710575139077726 0.06349206349004788
0 0.66883116881876 0.6460317460112371 0.03896103896031612 0.07301587301355505
0 0.7068645639943067 0.7158730158502897 0.05194805194708816 0.12380952380559335
0 0.7421150278155452 0.6253968253769715 0.02597402597354408 0.057142857141043085
0 0.7745825602824753 0.6349206349004788 0.03153988868216067 0.06984126983905266
0 0.8126159554580219 0.6571428571219955 0.029684601112621806 0.057142857141043085
0 0.8525046382031075 0.669841269820005 0.03896103896031612 0.08888888888606702
0 0.9192949907065066 0.6333333333132275 0.03153988868216067 0.06031746031554548
