0 0.03812499999976172 0.34910965323009274 0.06749999999957812 0.1096532333635459
0 0.18312499999885545 0.36691658856263437 0.07874999999950781 0.1283973758188529
0 0.25812499999838673 0.3650421743171037 0.06624999999958593 0.10402999062695381
0 0.36499999999771876 0.36691658856263437 0.05249999999967187 0.10215557638142311
0 0.5209374999967441 0.49578256794286996 0.16812499999894923 0.3298969072134031
0 0.6190624999961308 0.36879100280816507 0.11812499999926172 0.28022492970683954
0 0.6699999999958125 0.134020618555445 0.10874999999932031 0.20805998125390762
0 0.853749999994664 0.402061855666335 0.10374999999935156 0.20431115276284623
0 0.9618749999939883 0.39409559512282955 0.07624999999952344 0.1677600749749976
0 0.9571874999940175 0.5220243673802998 0.08187499999948827 0.2736644798474821
