0 0.11914062499883653 0.357979502190952 0.058593749999427805 0.11566617862202538
0 0.21191406249793054 0.33382137627622516 0.07421874999927522 0.12884333821187638
0 0.34863281249659545 0.43631039530839955 0.132812499998703 0.24597364567721852
0 0.34570312499662403 0.31698389457808224 0.04101562499959946 0.0629575402626214
0 0.3989257812461043 0.32723279648129966 0.04980468749951363 0.0893118594423234
0 0.49072265624520783 0.31698389457808224 0.05175781249949456 0.08345534406905629
0 0.5649414062444831 0.30746705709652317 0.03808593749962807 0.08199121522573952
0 0.6425781249937249 0.33967789164949225 0.08398437499917985 0.14934114201831125
0 0.7963867187422229 0.357979502190952 0.17480468749829295 0.25036603220716885
0 0.9404296874908162 0.3016105417232561 0.0664062499993515 0.12298682283860926
0 0.8779296874914265 0.35944363103426874 0.08203124999919892 0.17423133235469646
