0 0.0385742187496233 0.5036603221009712 0.07324218749928475 0.14348462664504413
0 0.10644531249896051 0.5292825768590149 0.06835937499933244 0.10395314787549116
0 0.17626953124827863 0.548316251822133 0.05371093749947548 0.08638360175568983
0 0.2817382812472487 0.5453879941354994 0.13769531249865533 0.2620790629537031
0 0.35205078124656203 0.50878477305258 0.06542968749936104 0.1390922401150938
0 0.3925781249961663 0.5285505124373565 0.044921874999561316 0.10248901903217439
0 0.413085937495966 0.5212298682207726 0.03515624999965668 0.08784773059900662
0 0.43994140624570377 0.5270863835940397 0.022460937499780658 0.06442166910593819
0 0.4609374999954987 0.5461200585571578 0.015624999999847414 0.032210834552969095
0 0.6308593749938394 0.5556368960387169 0.019531249999809267 0.03953147876955298
0 0.17431640624829772 0.4948755490410706 0.03417968749966622 0.04685212298613686
0 0.1450195312485838 0.4897510980894619 0.03222656249968529 0.04831625182945364
0 0.10986328124892712 0.4773060029212693 0.03808593749962807 0.049780380672770415
0 0.1987304687480593 0.4912152269327787 0.024414062499761583 0.03660322108291943
