0 0.08263888888774112 0.746296296282476 0.08194444444330633 0.11481481481268861
0 0.06666666666574074 0.6833333333206789 0.06388888888800155 0.07777777777633745
0 0.09097222222095873 0.6490740740620541 0.04583333333269676 0.06851851851724965
0 0.08680555555434992 0.5416666666566358 0.026388888888522376 0.03888888888816872
0 0.16388888888661265 0.5194444444348251 0.030555555555131175 0.04999999999907407
0 0.2347222222189622 0.5453703703602709 0.02499999999965278 0.04259259259180384
0 0.3138888888845293 0.5138888888793723 0.02499999999965278 0.04629629629543895
0 0.3854166666613137 0.5120370370275549 0.029166666666261575 0.04999999999907407
0 0.4597222222158372 0.5129629629534637 0.027777777777391977 0.044444444443621396
0 0.5347222222147956 0.5361111111011831 0.02499999999965278 0.04629629629543895
0 0.595138888880623 0.5305555555457304 0.026388888888522376 0.03888888888816872
0 0.6458333333243634 0.532407407397548 0.030555555555131175 0.04259259259180384
0 0.7083333333234954 0.532407407397548 0.02499999999965278 0.03888888888816872
0 0.7645833333227141 0.5416666666566358 0.029166666666261575 0.04259259259180384
0 0.8236111110996721 0.5583333333229938 0.02222222222191358 0.04259259259180384
0 0.8812499999877604 0.532407407397548 0.029166666666261575 0.03888888888816872
0 0.9159722222095005 0.6731481481356824 0.04027777777721837 0.05370370370270919
0 0.8770833333211516 0.6546296296175068 0.037499999999479165 0.057407407406344306
0 0.8777777777655864 0.6240740740625171 0.03611111111060957 0.04074074073998628
0 0.7986111111000194 0.6518518518397804 0.04722222222156636 0.05925925925816186
0 0.7659722222115838 0.6231481481366083 0.029166666666261575 0.04999999999907407
0 0.7319444444342785 0.6314814814697873 0.02499999999965278 0.044444444443621396
0 0.6743055555461902 0.6185185185070644 0.031944444444000776 0.055555555554526743
0 0.6298611111023631 0.6962962962834018 0.05972222222139275 0.09999999999814814
0 0.5187499999927951 0.6842592592465877 0.04861111111043596 0.07222222222088477
0 0.4798611111044464 0.6490740740620541 0.04861111111043596 0.06481481481361454
0 0.43958333332722804 0.6907407407279492 0.05138888888817516 0.07407407407270233
0 0.3861111111057485 0.6805555555429527 0.04999999999930556 0.06481481481361454
0 0.41527777777201 0.6166666666552468 0.03333333333287037 0.055555555554526743
0 0.3645833333282697 0.6499999999879629 0.029166666666261575 0.048148148147256514
0 0.32013888888444253 0.6435185185066015 0.031944444444000776 0.03888888888816872
0 0.31527777777339894 0.6166666666552468 0.04166666666608797 0.05925925925816186
0 0.2229166666635706 0.6694444444320473 0.04027777777721837 0.057407407406344306
0 0.235416666663397 0.6083333333220678 0.026388888888522376 0.03888888888816872
0 0.5104166666595775 0.7777777777633744 0.07361111111008874 0.10370370370178325
0 0.5902777777695795 0.8574074073915294 0.08333333333217594 0.11111111110905349
0 0.6944444444347994 0.8111111110960905 0.07499999999895833 0.09999999999814814
0 0.8673611110990644 0.8833333333169753 0.16249999999774306 0.22962962962537722
0 0.32916666666209493 0.9166666666496913 0.11111111110956791 0.16666666666358024
0 0.3354166666620081 0.8064814814665466 0.1180555555539159 0.13518518518268174
0 0.2437499999966146 0.7666666666524691 0.07916666666556713 0.11851851851632372
0 0.27638888888505014 0.7111111110979423 0.055555555554783954 0.07777777777633745
0 0.17708333333087384 0.6472222222102366 0.04027777777721837 0.04999999999907407
0 0.14374999999800347 0.6231481481366083 0.03472222222173997 0.05370370370270919
