0 0.17036450078969312 0.7672209025946027 0.13470681457789688 0.24228028502987456
0 0.17670364500512356 0.44061757718668365 0.04278922345415548 0.06888361044967022
0 0.018225039619362518 0.45011876483491403 0.033280507131009815 0.06888361044967022
0 0.21711568937849263 0.39429928740156056 0.025356576861721766 0.04275534441703669
0 0.2662440570480785 0.4263657957143381 0.028526148969436987 0.04513064132909428
0 0.2654516640211497 0.39904988122567575 0.023771790807864155 0.03325415676880631
0 0.3217115689330949 0.4275534441703669 0.028526148969436987 0.052256532065267064
0 0.31537242471766447 0.5760095011739665 0.08240887480059574 0.13064133016316765
0 0.36450079238725036 0.4881235154278355 0.05388272583115875 0.0736342042737854
0 0.4088748018952635 0.40973871732993494 0.025356576861721766 0.04513064132909428
0 0.42393026940691075 0.39429928740156056 0.020602218700148934 0.0380047505929215
0 0.5610142630655941 0.5118764845484115 0.05705229793887397 0.08788598574613098
0 0.606180665600536 0.3456057007043799 0.036450079238725036 0.06888361044967022
0 0.6846275752664877 0.5190023752845843 0.06339144215430441 0.10688836104259172
0 0.7496038034746497 0.6662707838321551 0.11093502377003273 0.21615201899724104
0 0.8668779714601128 0.5225653206526706 0.0919175911237414 0.11876484560287968
0 0.9033280506988379 0.3052256531994008 0.06973058636973485 0.10688836104259172
