0 0.042702702702241045 0.4169381107423951 0.03999999999956756 0.08469055374454901
0 0.03027027026994302 0.448697068396601 0.051891891891330894 0.10586319218068627
0 0.1389189189174171 0.43485342018835743 0.0508108108102615 0.08794788273472397
0 0.17837837837644996 0.4951140065065942 0.07783783783699634 0.11726384364629863
0 0.17999999999805405 0.42508143321783254 0.04864864864812271 0.07166123778384915
0 0.22648648648403796 0.4511400651392322 0.055135135134539076 0.09771986970524886
0 0.3275675675640263 0.47149837132782574 0.05621621621560847 0.08957654722981145
0 0.3318918918883038 0.40309446253415154 0.03891891891849817 0.07328990227893664
0 0.36864864864466323 0.42019543973257006 0.028108108107804234 0.061889250813324276
0 0.39675675675246747 0.4389250814260761 0.03675675675635938 0.06351791530841176
0 0.46486486485983924 0.48127035829835063 0.06270270270202483 0.07980456025928656
0 0.509729729724219 0.4389250814260761 0.03783783783742878 0.07980456025928656
0 0.5129729729674273 0.3428338762159147 0.03135135135101241 0.060260586318236796
0 0.5686486486425011 0.5171009771902751 0.101621621620523 0.2035830618859351
0 0.6032432432367216 0.4568403908720384 0.06486486486416362 0.10912052117086123
0 0.6848648648574609 0.4511400651392322 0.04648648648598393 0.07491856677402413
0 0.782702702694241 0.5016286644869441 0.07351351351271876 0.11400651465612366
0 0.8740540540446048 0.6115635179053491 0.14162162162009057 0.2524429967385595
0 0.9172972972873805 0.4552117263769509 0.07891891891806574 0.128664495111911
