0 0.06632965686254189 0.5551630434752437 0.054227941176304445 0.0940217391299238
0 0.15579044117599328 0.5736413043447085 0.04503676470574437 0.07663043478219222
0 0.10600490196045954 0.5070652173885486 0.04166666666653901 0.07173913043439273
0 0.062499999999808514 0.45489130434535385 0.03553921568616562 0.06413043478226016
0 0.015778186274461464 0.4934782608668833 0.027267156862661557 0.06413043478226016
0 0.048100490195931066 0.42309782608465707 0.03063725490186692 0.04945652173886165
0 0.026960784313642887 0.40190217391085925 0.026960784313642887 0.05706521739099421
0 0.009957107843106749 0.3611413043458634 0.019301470588176158 0.051630434782328094
0 0.012254901960746767 0.28478260869410443 0.010416666666634752 0.01739130434773157
0 0.016084558823480134 0.29891304347663633 0.012561274509765437 0.026086956521597354
0 0.03216911764696027 0.3019021739114027 0.01102941176467209 0.022282608695531073
0 0.04365808823516036 0.3105978260852685 0.01623774509798947 0.024456521738997518
0 0.05790441176452848 0.3258152173895336 0.019607843137194828 0.030978260869396857
0 0.09068627450952609 0.35516304347633065 0.020833333333269505 0.03206521739113008
0 0.12653186274471037 0.36059782608499674 0.021446078431306845 0.038586956521529416
0 0.15900735294068932 0.3771739130414284 0.020833333333269505 0.03695652173892958
0 0.18121936274454284 0.39266304347612685 0.023590686274437528 0.038586956521529416
0 0.202818627450359 0.39456521738915995 0.01531862745093346 0.03478260869546314
0 0.22717524509734321 0.42527173912812355 0.023590686274437528 0.04402173913019553
0 0.2581188725482288 0.42663043478029006 0.022977941176400188 0.03913043478239603
0 0.32781862744997603 0.4828804347799843 0.03002450980382958 0.05815217391272744
0 0.37346813725375777 0.4711956521713522 0.03492647058812829 0.061956521738793714
0 0.40134803921445666 0.4749999999974185 0.03063725490186692 0.04673913043452859
0 0.46032475490055047 0.49755434782338287 0.023590686274437528 0.05815217391272744
0 0.488970588233796 0.5124999999972146 0.02634803921560555 0.04782608695626182
0 0.5176164215670416 0.5040760869537821 0.027879901960698898 0.05815217391272744
0 0.4745710784299186 0.4673913043452859 0.020220588235232168 0.03478260869546314
0 0.49877450980239346 0.46548913043225276 0.01531862745093346 0.04076086956499587
0 0.526501225488583 0.47255434782351874 0.016850490196026805 0.03206521739113008
0 0.44025735293982765 0.44646739130192137 0.023897058823456198 0.034239130434596525
0 0.3984374999987793 0.42608695651942347 0.021139705882288175 0.03804347826066281
0 0.37346813725375777 0.41249999999775816 0.019607843137194828 0.03804347826066281
0 0.3535539215675442 0.40326086956302576 0.021446078431306845 0.027173913043330576
0 0.3409926470577788 0.4440217391280216 0.017156862745045475 0.03913043478239603
0 0.3040747549010292 0.4524456521714541 0.024203431372474864 0.03967391304326264
0 0.3040747549010292 0.40951086956299176 0.017463235294064145 0.029891304347663634
0 0.285692401959909 0.407065217389092 0.016850490196026805 0.027173913043330576
0 0.6669730392136428 0.5372282608666455 0.031249999999904257 0.06032608695619388
0 0.7204350490174006 0.5138586956493812 0.027267156862661557 0.050543478260594875
0 0.7034313725468645 0.5119565217363481 0.016544117647008135 0.0423913043475957
0 0.7614889705859023 0.5187499999971807 0.022977941176400188 0.04293478260846231
0 0.7824754901936811 0.5114130434754814 0.0159313725489708 0.03804347826066281
0 0.7918198529387506 0.4891304347799504 0.012561274509765437 0.035869565217196364
0 0.808517156860268 0.5230978260841136 0.020833333333269505 0.03967391304326264
0 0.8537071078405217 0.5342391304318791 0.01807598039210148 0.03478260869546314
0 0.8347120098013642 0.5144021739102478 0.01623774509798947 0.034239130434596525
0 0.9018075980364527 0.5160326086928476 0.013786764705840114 0.030978260869396857
0 0.919270833330517 0.5119565217363481 0.012561274509765437 0.02934782608679702
0 0.9296874999971516 0.5013586956494491 0.01133578431369076 0.023369565217264295
0 0.9401041666637864 0.5206521739102139 0.013786764705840114 0.02499999999986413
0 0.9489889705853278 0.49592391304078304 0.013174019607802775 0.020108695652064627
0 0.972426470585256 0.5206521739102139 0.0159313725489708 0.02934782608679702
0 0.06525735294097654 0.29891304347663633 0.010416666666634752 0.01847826086946479
0 0.04227941176457635 0.2902173913027706 0.0159313725489708 0.020652173912931237
0 0.07919730392132598 0.32228260869390063 0.017463235294064145 0.0282608695650638
0 0.10738357843104356 0.3293478260851666 0.016850490196026805 0.027173913043330576
0 0.13878676470545714 0.33532608695469934 0.01102941176467209 0.027173913043330576
0 0.12729779411725706 0.325271739128667 0.013174019607802775 0.029891304347663634
0 0.1443014705877932 0.31874999999826764 0.01102941176467209 0.023369565217264295
0 0.1704963235288894 0.3211956521721674 0.011948529411728099 0.026086956521597354
0 0.1979166666660603 0.34211956521553194 0.01531862745093346 0.02554347826073074
0 0.18428308823472953 0.33586956521556594 0.013174019607802775 0.020652173912931237
0 0.24632352941101002 0.3760869565196952 0.017156862745045475 0.02934782608679702
0 0.2306985294110579 0.34945652173723124 0.01102941176467209 0.020652173912931237
0 0.27895220588149827 0.367934782606696 0.013174019607802775 0.020652173912931237
0 0.2876838235285304 0.36141304347629666 0.014093137254858782 0.027173913043330576
0 0.2939644607834131 0.3538043478241641 0.01133578431369076 0.019565217391198014
0 0.27313112745014356 0.3453804347807316 0.013786764705840114 0.022282608695531073
0 0.25888480392077545 0.36358695651976314 0.014705882352896122 0.02499999999986413
0 0.24142156862671132 0.3241847826069338 0.014705882352896122 0.020108695652064627
0 0.5657169117629727 0.5138586956493812 0.023590686274437528 0.04836956521712843
0 0.6118259803902824 0.5201086956493473 0.023284313725418858 0.04673913043452859
0 0.6475183823509574 0.5209239130406471 0.01623774509798947 0.04076086956499587
0 0.6924019607821924 0.4812499999973845 0.020220588235232168 0.037499999999796196
0 0.6784620098018429 0.5040760869537821 0.016850490196026805 0.037499999999796196
0 0.6706495098018669 0.4771739130408849 0.018995098039157488 0.03152173913026347
0 0.6426164215666587 0.47961956521478466 0.017463235294064145 0.03532608695632975
0 0.6280637254882718 0.47798913043218483 0.014093137254858782 0.033152173912863306
0 0.6106004901942077 0.47744565217131824 0.020220588235232168 0.033152173912863306
0 0.5862438725472235 0.47798913043218483 0.01623774509798947 0.03641304347806297
0 0.5735294117629487 0.48342391304085097 0.019607843137194828 0.03967391304326264
0 0.5660232843119913 0.456793478258387 0.017463235294064145 0.02771739130419719
0 0.5854779411746768 0.4524456521714541 0.0159313725489708 0.02554347826073074
0 0.6092218137236237 0.4486413043453878 0.012561274509765437 0.023369565217264295
0 0.6272977941157252 0.4459239130410548 0.01501225490191479 0.029891304347663634
0 0.6495098039195787 0.466576086953986 0.012867647058784105 0.029891304347663634
0 0.696844362742963 0.45570652173665377 0.013174019607802775 0.028804347825930412
0 0.7170649509781952 0.463043478258353 0.015624999999952129 0.03260869565199669
0 0.7230392156840593 0.4383152173889222 0.01102941176467209 0.02119565217379785
0 0.7541360294094542 0.47309782608438533 0.014399509803877452 0.029891304347663634
0 0.7382046568604834 0.46766304347571924 0.010723039215653422 0.026630434782463967
0 0.7671568627427476 0.46277173912791975 0.01102941176467209 0.024456521738997518
0 0.7789522058799664 0.443478260867155 0.009497549019578744 0.020652173912931237
0 0.7902879901936571 0.45570652173665377 0.010723039215653422 0.024456521738997518
0 0.8610600490169698 0.5152173913015478 0.012561274509765437 0.0282608695650638
0 0.8670343137228338 0.4991847826059827 0.012867647058784105 0.024456521738997518
0 0.8785232843110339 0.4961956521712163 0.014399509803877452 0.0282608695650638
0 0.851102941173863 0.47798913043218483 0.013480392156821444 0.02554347826073074
0 0.8184742647033747 0.48396739130171756 0.01501225490191479 0.030978260869396857
0 0.647824754899976 0.43586956521502246 0.013174019607802775 0.020652173912931237
0 0.7064950980370511 0.43097826086722296 0.011642156862709429 0.01739130434773157
0 0.6962316176449257 0.43206521738895615 0.010110294117616084 0.01739130434773157
0 0.8102022058798707 0.466576086953986 0.01133578431369076 0.02119565217379785
0 0.8276654411739348 0.47798913043218483 0.008884803921541406 0.022282608695531073
0 0.7447916666643848 0.49646739130164963 0.0159313725489708 0.03206521739113008
0 0.446844362743729 0.40869565217169185 0.017463235294064145 0.03478260869546314
0 0.45863970588094777 0.44076086956282196 0.014093137254858782 0.0282608695650638
0 0.4814644607828386 0.4529891304323207 0.019914215686213498 0.037499999999796196
0 0.4946384803906414 0.43097826086722296 0.01868872549013882 0.03152173913026347
0 0.48759191176321204 0.4149456521716579 0.01807598039210148 0.030978260869396857
0 0.5321691176454284 0.44701086956278796 0.016544117647008135 0.02771739130419719
0 0.5427389705865725 0.4269021739107234 0.010723039215653422 0.026630434782463967
0 0.5571384803904499 0.43233695651938947 0.011948529411728099 0.02119565217379785
0 0.5695465686257061 0.4304347826063563 0.01102941176467209 0.02391304347813091
0 0.5850183823511488 0.4298913043454897 0.013174019607802775 0.02173913043466446
0 0.5851715686256581 0.41114130434559165 0.01102941176467209 0.017934782608598182
0 0.597886029409933 0.4048913043456256 0.008884803921541406 0.020652173912931237
0 0.5877757352923169 0.3942934782587267 0.007046568627429391 0.016847826086864956
0 0.5799632352923407 0.3994565217369595 0.006127450980373384 0.01847826086946479
0 0.6283700980372905 0.40271739130215917 0.008578431372522738 0.011956521739065454
0 0.6435355392137146 0.41793478260642425 0.008272058823504068 0.01847826086946479
0 0.5655637254884633 0.41304347825862475 0.009803921568597414 0.020652173912931237
0 0.5620404411747486 0.3942934782587267 0.008884803921541406 0.020108695652064627
0 0.5474877450963619 0.41195652173689157 0.0079656862744854 0.016304347825998346
0 0.5217524509787936 0.43586956521502246 0.0159313725489708 0.02934782608679702
0 0.513633578429799 0.404347826084759 0.014399509803877452 0.02173913043466446
0 0.5191482843121349 0.3861413043457275 0.008884803921541406 0.017934782608598182
0 0.5081188725474629 0.38043478260662805 0.00765931372546673 0.0141304347825319
0 0.4762561274495213 0.4146739130412246 0.01133578431369076 0.026086956521597354
0 0.4678308823515079 0.39456521738915995 0.009803921568597414 0.020652173912931237
0 0.4773284313710866 0.38260869565009453 0.006740196078410722 0.01847826086946479
0 0.48636642156713733 0.3771739130414284 0.00765931372546673 0.015217391304265124
0 0.4950980392141694 0.3861413043457275 0.007352941176448061 0.016847826086864956
0 0.45802696078291044 0.344836956519865 0.008578431372522738 0.016847826086864956
0 0.446844362743729 0.38532608695442755 0.010110294117616084 0.01739130434773157
0 0.45649509803781707 0.39347826086742677 0.009803921568597414 0.01739130434773157
0 0.4237132352928195 0.37989130434576146 0.009191176470560076 0.019565217391198014
0 0.4341299019594542 0.38695652173702744 0.012254901960746767 0.022826086956397686
0 0.42754289215555286 0.41521739130209123 0.011948529411728099 0.027173913043330576
0 0.41329656862618475 0.41711956521512433 0.013480392156821444 0.029891304347663634
0 0.41390931372422207 0.39402173912829336 0.01102941176467209 0.020652173912931237
0 0.4030330882340593 0.3788043478240282 0.008884803921541406 0.01847826086946479
0 0.4091605392144327 0.36929347825886255 0.008884803921541406 0.015760869565131733
0 0.4155943627438248 0.36494565217192965 0.0058210784313547145 0.017934782608598182
0 0.3874080882341072 0.3964673913021931 0.013174019607802775 0.029891304347663634
0 0.3786764705870751 0.3771739130414284 0.011642156862709429 0.019565217391198014
0 0.3939950980380086 0.3695652173892958 0.011642156862709429 0.020652173912931237
0 0.36948529411651504 0.35027173912853116 0.009803921568597414 0.013586956521665288
0 0.3641237745086883 0.38885869565006054 0.011948529411728099 0.02771739130419719
0 0.3609068627439923 0.3687499999979959 0.011642156862709429 0.023369565217264295
0 0.3439031862734562 0.37961956521532814 0.013786764705840114 0.017934782608598182
0 0.35263480392048824 0.36168478260673 0.0079656862744854 0.020108695652064627
0 0.35370710784205356 0.34592391304159825 0.010110294117616084 0.020108695652064627
0 0.5317095588219004 0.40298913043259244 0.008272058823504068 0.017934782608598182
0 0.5459558823512685 0.3902173913022271 0.007352941176448061 0.016304347825998346
0 0.2306985294110579 0.39456521738915995 0.018995098039157488 0.03478260869546314
0 0.21461397058757778 0.38342391304139445 0.015624999999952129 0.034239130434596525
0 0.21951593137187647 0.3586956521719636 0.012561274509765437 0.02391304347813091
0 0.22334558823460984 0.3334239130416662 0.009191176470560076 0.019021739130331405
0 0.20802696078367638 0.3263586956504002 0.012867647058784105 0.023369565217264295
0 0.6629901960764001 0.43097826086722296 0.009803921568597414 0.02173913043466446
0 0.6755514705861656 0.4285326086933232 0.009803921568597414 0.02119565217379785
