0 0.053333333332888894 0.6106249999923672 0.07166666666606945 0.10124999999873437
0 0.10916666666575696 0.6106249999923672 0.0833333333326389 0.13624999999829687
0 0.18374999999846878 0.6124999999923437 0.05083333333290973 0.09999999999874999
0 0.2341666666647153 0.6356249999920547 0.04499999999962501 0.07624999999904687
0 0.3024999999974792 0.596874999992539 0.07999999999933334 0.12124999999848438
0 0.3537499999970521 0.5781249999927734 0.05249999999956251 0.09624999999879687
0 0.40499999999662506 0.5924999999925937 0.053333333332888894 0.089999999998875
0 0.44791666666293406 0.606874999992414 0.062499999999479174 0.10374999999870312
0 0.5074999999957709 0.41999999999474996 0.04666666666627778 0.089999999998875
0 0.5241666666622986 0.6556249999918047 0.08999999999925001 0.14874999999814062
0 0.6074999999949375 0.583124999992711 0.04499999999962501 0.08874999999889062
0 0.6745833333277119 0.5793749999927578 0.06583333333278472 0.09874999999876562
0 0.7033333333274723 0.5674999999929062 0.051666666666236115 0.09249999999884374
0 0.7883333333267639 0.6224999999922187 0.06666666666611112 0.11249999999859374
0 0.7883333333267639 0.5674999999929062 0.04833333333293056 0.079999999999
0 0.8862499999926147 0.5643749999929453 0.11416666666571529 0.2187499999972656
