0 0.050089445437386595 0.571770334914551 0.025044722718693298 0.04784688995100845
0 0.028622540249935196 0.5705741626657758 0.028622540249935196 0.04066985645835718
0 0.09749552772634176 0.5933014353925048 0.03398926654679805 0.05263157894610929
0 0.12522361359346648 0.5633971291731245 0.035778175312418996 0.03588516746325634
0 0.17173524149961117 0.5849282296510783 0.028622540249935196 0.04545454545345803
0 0.26565295169471104 0.4976076554904879 0.07334525939045894 0.11483253588242029
0 0.34347048299922234 0.5741626794121014 0.028622540249935196 0.043062200955907605
0 0.3765652951632099 0.5741626794121014 0.030411449015556147 0.04784688995100845
0 0.42128801430373364 0.6136363636216834 0.03756708407803994 0.05023923444855887
0 0.40697674417876606 0.5167464114708913 0.023255813953072347 0.028708133970605072
0 0.48479427548327736 0.6040669856314816 0.035778175312418996 0.06459330143386141
0 0.5295169946238011 0.59449760764128 0.032200357781177094 0.04545454545345803
0 0.5500894454284421 0.656698564577591 0.06618962432797514 0.10765550238976901
0 0.5769230769127562 0.6267942583582107 0.03756708407803994 0.057416267941210145
0 0.69677996420936 0.645933014338614 0.04830053667176564 0.08612440191181521
0 0.6279069767329534 0.5968899521388304 0.028622540249935196 0.04545454545345803
0 0.6091234346939334 0.48444976075396057 0.01967799642183045 0.03588516746325634
0 0.5948121645689658 0.4677033492711076 0.01967799642183045 0.031100478468155494
0 0.7406082289670732 0.5861244018998535 0.021466905187451396 0.033492822965705916
0 0.8157423971231531 0.5263157894610929 0.025044722718693298 0.03827751196080676
0 0.8640429337949187 0.6136363636216834 0.035778175312418996 0.05023923444855887
0 0.8050089445294274 0.633971291850862 0.046511627906144694 0.07177033492651268
0 0.7826475849591655 0.5909090908949544 0.026833631484314245 0.03827751196080676
0 0.7620751341545245 0.5789473684072023 0.014311270124967598 0.033492822965705916
0 0.9194991055291681 0.6351674640996372 0.05724508049987039 0.06937799042896226
0 0.8953488371932854 0.5813397129047527 0.01967799642183045 0.028708133970605072
0 0.9329159212713253 0.5861244018998535 0.01967799642183045 0.028708133970605072
0 0.9409660107166196 0.5753588516608766 0.017889087656209498 0.026315789473054647
0 0.9785330947946596 0.5933014353925048 0.028622540249935196 0.04784688995100845
