0 0.14583333333211806 0.42187499999472655 0.06333333333280557 0.10624999999867187
0 0.2341666666647153 0.36624999999542185 0.08666666666594446 0.14249999999821875
0 0.3316666666639028 0.44687499999441405 0.1666666666652778 0.2587499999967656
0 0.4908333333292431 0.42124999999473434 0.051666666666236115 0.10249999999871874
0 0.6216666666614862 0.309999999996125 0.14499999999879168 0.21499999999731248
0 0.6937499999942188 0.4281249999946484 0.04583333333295139 0.09374999999882812
0 0.7229166666606425 0.45999999999424995 0.027499999999770836 0.07249999999909375
0 0.7829166666601425 0.4574999999942812 0.059166666666173616 0.1249999999984375
0 0.8087499999932605 0.4762499999940468 0.03083333333307639 0.07249999999909375
0 0.8683333333260973 0.4637499999942031 0.06166666666615278 0.11499999999856249
0 0.9158333333257015 0.5012499999937343 0.029999999999750004 0.054999999999312495
0 0.9408333333254931 0.48249999999396875 0.028333333333097226 0.05999999999925
0 0.9670833333252744 0.509999999993625 0.044166666666298614 0.08749999999890624
