0 0.031413612564896796 0.5736196318842448 0.0558464223375943 0.1288343558242689
0 0.031413612564896796 0.47239263802231923 0.052356020941494656 0.11042944784937332
0 0.127399650957637 0.5628834355655556 0.11867364746738789 0.23619631901115962
0 0.21204188481305336 0.45705521470990623 0.04712041884734519 0.09202453987447777
0 0.18062827224815656 0.4325153374100455 0.026178010470747328 0.061349693249651845
0 0.2556719022642989 0.4325153374100455 0.03664921465904626 0.07361963189958222
0 0.2897033158762704 0.5276073619470059 0.05933682373369394 0.1165644171743385
0 0.30715532285676866 0.46012269937238887 0.03839441535709608 0.08588957054951259
0 0.3280977312333665 0.45552147237866497 0.02792321116879715 0.06441717791213444
0 0.3734729493826619 0.4340490797412868 0.020942408376597863 0.046012269937238885
0 0.38830715531608534 0.42024539876011513 0.022687609074647685 0.04294478527475629
0 0.4144851657868327 0.46779141102859534 0.03315881326294662 0.07668711656206481
0 0.46945898777540207 0.5966257668528642 0.11867364746738789 0.2055214723863337
0 0.4476439790497793 0.42024539876011513 0.026178010470747328 0.04907975459972148
0 0.4712041884734519 0.41411042943515 0.020942408376597863 0.04294478527475629
0 0.4869109947559003 0.42024539876011513 0.02792321116879715 0.04907975459972148
0 0.47818499126565117 0.383435582810324 0.020942408376597863 0.04907975459972148
0 0.5305410122071459 0.4049079754477022 0.01745200698049822 0.03680981594979111
0 0.5427574170934946 0.41717791409763255 0.024432809772697506 0.03680981594979111
0 0.5602094240739928 0.4294478527475629 0.02792321116879715 0.061349693249651845
0 0.5549738219798434 0.4938650306596974 0.041884816753195726 0.09202453987447777
0 0.607329842921338 0.4463190183912172 0.03490401396099644 0.07668711656206481
0 0.665794066306007 0.42177914109135645 0.022687609074647685 0.05214723926220407
0 0.714659685851402 0.44938650305369976 0.03664921465904626 0.06441717791213444
0 0.6928446771257792 0.5460122699219014 0.08376963350639145 0.15337423312412962
0 0.8045375218009678 0.41411042943515 0.02792321116879715 0.061349693249651845
0 0.8289703315736654 0.507668711640869 0.06631762652589324 0.12576687116178628
0 0.9136125654290818 0.42331288342259776 0.040139616055145905 0.09202453987447777
0 0.9685863874176511 0.4095092024414261 0.031413612564896796 0.06441717791213444
0 0.9781849912569252 0.4877300613347322 0.04363001745124555 0.1288343558242689
