0 0.053452115811727124 0.6269841269642228 0.09799554565483307 0.16825396824862687
0 0.11804008908423073 0.5825396825211893 0.08017817371759069 0.13015873015459814
0 0.13140311803716254 0.47777777776261027 0.0712694877489695 0.104761904758579
0 0.3997772828418758 0.4984126983968758 0.05122494431957183 0.08253968253706223
0 0.44209354119282646 0.4968253968096246 0.0690423162568142 0.13015873015459814
0 0.49220489976632065 0.5285714285546486 0.06681514476465891 0.104761904758579
0 0.5846325166907654 0.5492063491889141 0.08685968819405658 0.1460317460271101
0 0.6514476614554243 0.4523809523665911 0.06013363028819302 0.11111111110758377
0 0.6325167037721043 0.2968253968159738 0.04899777282741653 0.09206349206056942
0 0.7204899777122385 0.507936507920383 0.06458797327250361 0.12063492063109096
0 0.6948775055524526 0.7333333333100529 0.12472160356069663 0.2539682539601915
0 0.8407572382886246 0.798412698387352 0.21603563473906381 0.3587301587187705
0 0.8195991091131493 0.5571428571251701 0.09799554565483307 0.13650793650360293
0 0.9120267260375942 0.48412698411161503 0.06458797327250361 0.11111111110758377
0 0.9543429843885448 0.5761904761721844 0.09131403117836717 0.17460317459763164
0 0.9643652561032436 0.507936507920383 0.05790645879603772 0.10793650793308139
