0 0.08499999999858333 0.46499999998837505 0.11333333333144444 0.12999999999675
0 0.05083333333248611 0.354999999991125 0.09833333333169444 0.13499999999662501
0 0.202499999996625 0.439999999989 0.07166666666547222 0.10999999999725
0 0.217499999996375 0.3212499999919688 0.06833333333219445 0.11749999999706251
0 0.2858333333285694 0.34499999999137504 0.05499999999908333 0.084999999997875
0 0.30999999999483335 0.439999999989 0.07333333333211112 0.10999999999725
0 0.3583333333273611 0.4887499999877813 0.059999999999 0.0924999999976875
0 0.412499999993125 0.3262499999918438 0.07166666666547222 0.11749999999706251
0 0.5483333333241944 0.3674999999908125 0.10666666666488889 0.19499999999512502
0 0.4391666666593472 0.414999999989625 0.06499999999891666 0.0999999999975
0 0.6908333333218194 0.6237499999844063 0.09833333333169444 0.1824999999954375
0 0.7099999999881667 0.7712499999807187 0.09666666666505555 0.1774999999955625
0 0.8016666666533055 0.5074999999873125 0.09999999999833334 0.16999999999575
0 0.719999999988 0.3974999999900625 0.06999999999883333 0.14999999999625002
0 0.8333333333194445 0.3212499999919688 0.07333333333211112 0.1624999999959375
0 0.9591666666506805 0.6162499999845937 0.07833333333202777 0.1774999999955625
0 0.9366666666510556 0.7837499999804063 0.12333333333127777 0.2074999999948125
0 0.7074999999882083 0.20624999999484375 0.034999999999416664 0.0624999999984375
0 0.6516666666558055 0.19624999999509377 0.03333333333277778 0.0624999999984375
0 0.5741666666570973 0.17874999999553126 0.034999999999416664 0.05749999999856251
