0 0.04313725490111496 0.5867647058650952 0.08235294117485582 0.40294117645873706
0 0.09313725490013457 0.42647058822275086 0.11568627450753556 0.19999999999411766
0 0.13725490195809303 0.3588235294012111 0.07843137254748174 0.1470588235250865
0 0.1078431372527874 0.3205882352846886 0.07058823529273356 0.12941176470207613
0 0.35686274509104193 0.1176470588200692 0.09411764705697809 0.18823529411211073
0 0.4401960784227413 0.3073529411674308 0.049019607842176086 0.09705882352655709
0 0.5333333333228758 0.31470588234368513 0.05490196078323722 0.0882352941150519
0 0.5745098039103037 0.348529411754455 0.07843137254748174 0.14411764705458477
0 0.6058823529292965 0.38235294116522495 0.07843137254748174 0.12352941176107267
0 0.6784313725357171 0.35588235293070936 0.06274509803798539 0.1176470588200692
0 0.6921568627315263 0.2897058823444204 0.05490196078323722 0.09117647058555364
0 0.7833333333179738 0.3323529411666955 0.09215686274329105 0.12941176470207613
0 0.8558823529243945 0.2911764705796713 0.06470588235167243 0.1058823529380623
0 0.9215686274329105 0.36176470587171283 0.07058823529273356 0.1176470588200692
0 0.9460784313539985 0.30294117646167823 0.052941176469550176 0.09999999999705883
