0 0.09012345678789818 0.5722222222010288 0.10617283950355128 0.15925925925336076
0 0.1617283950577351 0.45370370368689983 0.09135802468910227 0.1518518518462277
0 0.27037037036369455 0.2981481481371056 0.06666666666502057 0.11481481481056241
0 0.3925925925828989 0.24814814813895747 0.044444444443347046 0.07407407407133058
0 0.46913580245755215 0.5296296296100137 0.09382716049151044 0.16296296295692728
0 0.48888888887681753 0.475925925908299 0.07407407407224507 0.12962962962482852
0 0.5049382715924706 0.3981481481334019 0.07654320987465325 0.12962962962482852
0 0.6283950617128791 0.3555555555423868 0.05679012345538789 0.10370370369986281
0 0.6456790123297362 0.6351851851616598 0.14074074073726564 0.24814814813895747
0 0.7765432098573692 0.8425925925613854 0.23950617283359243 0.314814814803155
0 0.7074074073899406 0.3444444444316872 0.04197530864093888 0.07407407407133058
0 0.7543209876356958 0.3203703703585048 0.03703703703612254 0.07037037036776406
0 0.787654320968206 0.35925925924595337 0.03950617283853071 0.07407407407133058
0 0.8358024691151653 0.3444444444316872 0.05679012345538789 0.09629629629272976
0 0.8444444444235939 0.4018518518369684 0.059259259257796064 0.08518518518203018
0 0.9432098765199207 0.42777777776193415 0.08888888888669409 0.13703703703196157
