0 0.2766203703698778 0.3924946581186098 0.030804843304788453 0.05635683760668708
0 0.35754985754922086 0.5137553418789697 0.02528490028485526 0.04834401709388797
0 0.3928062678055684 0.49011752136621234 0.025997150997104704 0.044337606837488414
0 0.4263710826203234 0.4962606837593583 0.02332621082616929 0.04220085470074199
0 0.38835470085400936 0.5620993589728577 0.04309116809109136 0.07077991452972549
0 0.45637464387383125 0.568108974357457 0.045227920227839696 0.06677350427332593
0 0.4693732193723836 0.5321848290584077 0.0356125356124722 0.058493589743433515
0 0.5088141025631966 0.5229700854686887 0.03365384615378623 0.06249999999983307
0 0.5369480056970496 0.4957264957251717 0.029380341880289564 0.05555555555540717
0 0.5505698005688202 0.5209668803404889 0.034900284900222754 0.058493589743433515
0 0.5601851851841877 0.4818376068363199 0.019943019942984433 0.040064102563995556
0 0.6037215099704349 0.4885149572636525 0.02332621082616929 0.03899572649562234
0 0.604700854699778 0.555422008545525 0.04309116809109136 0.0718482905980987
0 0.626958689457573 0.5256410256396217 0.03418803418797331 0.06784188034169915
0 0.6513532763521165 0.5137553418789697 0.03632478632472164 0.05422008546994066
0 0.6393340455829072 0.4809027777764933 0.02475071225066818 0.03819444444434243
0 0.6923076923064596 0.5126869658105965 0.034900284900222754 0.058493589743433515
0 0.6849180911668715 0.48864850427219914 0.022613960113919848 0.0430021367520219
0 0.7659366096852458 0.35964209401613345 0.047898860398775105 0.07077991452972549
0 0.8156160968646445 0.5353899572635273 0.05003561253552344 0.08520299145276389
0 0.8715277777762259 0.5332532051267809 0.047898860398775105 0.0649038461536728
0 0.7443910256397002 0.5456730769216195 0.04042022792015595 0.06677350427332593
