0 0.04999999999947368 0.44660194173890094 0.05789473684149584 0.09708737863889151
0 0.18368421052438227 0.4320388349430672 0.045263157894260386 0.07572815533833538
0 0.15210526315629364 0.34563106795445375 0.028421052631279777 0.062135922328890564
0 0.2473684210500277 0.3786407766916769 0.03157894736808864 0.062135922328890564
0 0.28263157894439334 0.32621359222667545 0.0263157894734072 0.05436893203777925
0 0.30473684210205537 0.3980582524194552 0.030526315789152353 0.062135922328890564
0 0.37263157894344595 0.4563106796027901 0.05052631578894183 0.10097087378444716
0 0.38684210525908586 0.3728155339733434 0.024210526315534626 0.062135922328890564
0 0.4115789473640886 0.38834951455556604 0.03157894736808864 0.05048543689222358
0 0.45263157894260386 0.33883495144973136 0.023157894736598336 0.05631067961055707
0 0.5031578947315457 0.2368932038788953 0.025263157894470915 0.04660194174666792
0 0.5515789473626149 0.44174757280695637 0.0442105263153241 0.09514563106611368
0 0.6189473684145373 0.36310679610945423 0.03999999999957895 0.0776699029111132
0 0.7957894736758337 0.5223300970772363 0.06736842105192244 0.1475728155311151
