0 0.2265624999992625 0.5957031249974145 0.15820312499948502 0.22786458333234436
0 0.07405598958309227 0.8092447916631543 0.13639322916622268 0.2591145833322087
0 0.05192057291649766 0.3669704861095184 0.06738281249978066 0.08984374999961006
0 0.18050130208274578 0.27994791666545166 0.06412760416645792 0.11284722222173243
0 0.20784505208265677 0.3550347222206813 0.0445963541665215 0.07378472222190198
0 0.24820963541585872 0.33723958333186965 0.033528645833224194 0.050347222222003704
0 0.27701822916576496 0.32378472222081695 0.03645833333321466 0.06336805555528052
0 0.37809244791543595 0.45399305555358516 0.0732421874997616 0.12586805555500927
0 0.4212239583319622 0.4769965277757075 0.09635416666635302 0.1362847222216307
0 0.40690104166534213 0.38541666666499386 0.0520833333331638 0.07378472222190198
0 0.4420572916652277 0.3389756944429732 0.04817708333317651 0.06770833333303947
0 0.40332031249868716 0.3350694444429902 0.03776041666654375 0.04947916666645192
0 0.40641276041534374 0.31098090277642804 0.036132812499882386 0.05859374999974569
0 0.5911458333314091 0.3120659722208678 0.031901041666562824 0.06249999999972874
0 0.6573893229145268 0.31271701388753165 0.04915364583317333 0.08810763888850648
0 0.6752929687478019 0.32052951388749773 0.043945312499856955 0.08984374999961006
0 0.6881510416644266 0.2502170138878029 0.045572916666518325 0.07161458333302251
0 0.74446614583091 0.34548611110961164 0.05989583333313837 0.07291666666635019
0 0.8201497395806636 0.3075086805542209 0.06608072916645157 0.11414930555506013
0 0.7843424479141136 0.24956597222113905 0.03483072916655329 0.06076388888862516
0 0.8758138020804824 0.3025173611097981 0.036132812499882386 0.061631944444176946
0 0.763509114580848 0.3200954861097218 0.04915364583317333 0.07074652777747072
