0 0.07499999999875 0.44862155387346814 0.04666666666588889 0.07518796992292762
0 0.08499999999858333 0.4235588972324923 0.04333333333261111 0.07017543859473245
0 0.16166666666397222 0.44235588971322415 0.03999999999933333 0.06265664160243968
0 0.12333333333127777 0.5050125313156638 0.04999999999916667 0.09273182957161073
0 0.16333333333061112 0.38972431076717484 0.03999999999933333 0.052631578946049334
0 0.25583333332906943 0.4172932330722483 0.03166666666613889 0.052631578946049334
0 0.3566666666607222 0.4223057644004435 0.03333333333277778 0.052631578946049334
0 0.4791666666586806 0.4348370927209314 0.03166666666613889 0.04761904761785416
0 0.5108333333248194 0.40977443607995556 0.02833333333286111 0.04761904761785416
0 0.479999999992 0.3696741854543941 0.0299999999995 0.05764411027424451
0 0.5641666666572639 0.4185463659042971 0.024999999999583335 0.04511278195375657
0 0.5808333333236527 0.40225563908766276 0.03166666666613889 0.052631578946049334
0 0.667499999988875 0.3872180451030773 0.034999999999416664 0.06265664160243968
0 0.7266666666545556 0.43107769422478504 0.0299999999995 0.0601503759383421
0 0.7774999999870417 0.42481203006454105 0.038333333332694446 0.07268170425883004
0 0.8266666666528889 0.4398496240491266 0.04999999999916667 0.0776942355870252
0 0.8791666666520139 0.4461152882093706 0.051666666665805557 0.0802005012511228
0 0.9458333333175695 0.43107769422478504 0.07166666666547222 0.10025062656390349
