0 0.778421052623385 0.2890995260617836 0.11894736841980055 0.1990521326982772
0 0.5284210526260166 0.21406003159219494 0.03157894736808864 0.05213270142097737
0 0.4626315789424986 0.21484992100766429 0.028421052631279777 0.05055292259003866
0 0.4389473684164321 0.2503949447037852 0.02736842105234349 0.048973143759099946
0 0.4052631578904709 0.2851500789844368 0.03157894736808864 0.048973143759099946
0 0.3863157894696177 0.31042654027945615 0.0357894736838338 0.07424960505411927
0 0.39526315789057614 0.21327014217672557 0.028421052631279777 0.04423380726628383
0 0.32210526315450416 0.34992101105292384 0.0442105263153241 0.08372827803975152
0 0.3152631578914183 0.2709320695059884 0.03684210526277008 0.06161137440660961
0 0.3131578947335457 0.20695102685297076 0.0263157894734072 0.05371248025191607
0 0.27052631578662606 0.2251184834087659 0.02736842105234349 0.04265402843534512
0 0.21947368420821606 0.29778830963194647 0.041052631578515235 0.07109004739224187
0 0.23736842105013295 0.3728278041015351 0.05368421052575069 0.09162717219444506
0 0.21789473683981164 0.26145339652035615 0.0357894736838338 0.05213270142097737
0 0.1778947368402327 0.2938388625545997 0.03789473684170637 0.06003159557567091
0 0.15263157894576176 0.2511848341192546 0.02736842105234349 0.05055292259003866
0 0.11578947368299168 0.343601895729169 0.05052631578894183 0.07109004739224187
0 0.13947368420905817 0.42969984201532857 0.06421052631511358 0.11690363348946439
0 0.07789473684128531 0.2575039494430094 0.03789473684170637 0.05055292259003866
0 0.020526315789257617 0.23380726697892878 0.03684210526277008 0.05371248025191607
