0 0.043899948953323636 0.6880108991763124 0.07350689127068144 0.1389645776554136
0 0.1962736089831737 0.5930971843724515 0.0444104134760367 0.09264305177027572
0 0.23047473200494908 0.6743869209748012 0.06380806533913319 0.11898274295986393
0 0.2600816743223069 0.5445049954537284 0.042368555385184435 0.08083560399563275
0 0.30576824910512623 0.5127157129835358 0.03573251658991459 0.06085376930008308
0 0.3213374170478747 0.6017257039000752 0.04338948443061057 0.10445049954491871
0 0.36217457886492 0.5563124432283714 0.030117406840070866 0.06811989100755568
0 0.3935681470117735 0.5217983651178765 0.026544155181079408 0.057220708446346774
0 0.4055640632955306 0.4922797456812691 0.026033690658366342 0.059945504086649
0 0.397141398670765 0.47048138055885125 0.02246043899937488 0.04541326067170379
0 0.4190913731474268 0.44550408718941414 0.024502297090227144 0.05358764759261047
0 0.5701888718704942 0.5953678474060367 0.04185809086247137 0.0971843778374461
0 0.6281265951984271 0.7120799273323154 0.06176620724828093 0.1307901907345069
0 0.583971413983747 0.5581289736552395 0.03062787136278393 0.05358764759261047
0 0.5497702909619716 0.5213442325111595 0.024502297090227144 0.05812897365978085
0 0.537008677894145 0.5113533151633847 0.021439509953948752 0.04904632152544009
0 0.5969882593129301 0.48455949136707943 0.019908116385809554 0.04087193460453341
0 0.6094946401194002 0.5072661217029313 0.025523226135653276 0.049954586738874165
0 0.6339969372096274 0.5227066303313106 0.026544155181079408 0.06085376930008308
0 0.6607963246520633 0.55040871934105 0.03420112302177539 0.06721162579412161
0 0.6978050025487605 0.5976385104396218 0.04594180704417589 0.09809264305088018
0 0.7884124553303297 0.6975476839173702 0.07299642674796837 0.14895549500318842
0 0.7442572741156495 0.5049954586693461 0.027565084226505537 0.052679382379176395
0 0.7769270035692857 0.5240690281514617 0.025523226135653276 0.06176203451351715
0 0.7848392036713382 0.48274296094021124 0.019908116385809554 0.04813805631200602
0 0.8139356814659829 0.5045413260626291 0.029096477794644734 0.05903723887321492
0 0.8575803981579501 0.5617620345089759 0.034711587544488456 0.07175295186129199
0 0.8649821337372895 0.5195277020842913 0.03420112302177539 0.054495912806044544
0 0.919857069928944 0.5127157129835358 0.02858601327193167 0.07175295186129199
0 0.9430832057123886 0.5490463215208988 0.038284839203479915 0.07901907356876459
0 0.9783052577795901 0.6344232515837019 0.04338948443061057 0.10263396911805056
0 0.985962225620286 0.4940962761081372 0.028075548749218603 0.0563124432329127
0 0.9277692700309965 0.48365122615364536 0.021949974476661818 0.03905540417766526
