0 0.5662499999929218 0.5016666666583055 0.0349999999995625 0.04999999999916667
0 0.6106249999923672 0.6608333333223194 0.11624999999854686 0.15833333333069444
0 0.8024999999899687 0.6366666666560555 0.07249999999909375 0.08666666666522221
0 0.8706249999891171 0.6174999999897083 0.04624999999942187 0.061666666665638886
0 0.9743749999878203 0.6458333333225694 0.04624999999942187 0.07166666666547222
0 0.48249999999396875 0.6108333333231528 0.06249999999921875 0.07166666666547222
0 0.45062499999436717 0.5908333333234861 0.04374999999945312 0.07166666666547222
0 0.1987499999975156 0.6199999999896667 0.047499999999406246 0.07666666666538889
0 0.2293749999971328 0.6033333333232778 0.04624999999942187 0.07666666666538889
0 0.13562499999830469 0.6166666666563889 0.05374999999932812 0.08666666666522221
0 0.04687499999941406 0.6624999999889584 0.09124999999885937 0.18833333333019445
0 0.09062499999886718 0.6366666666560555 0.08874999999889062 0.16666666666388888
