0 0.07607142857088521 0.6398148148029663 0.0764285714280255 0.19814814814447873
0 0.16464285714168111 0.6407407407288751 0.042142857142556125 0.1333333333308642
0 0.341785714283273 0.13055555555313786 0.12499999999910714 0.25740740740264056
0 0.42892857142550767 0.6490740740620541 0.020714285714137755 0.08333333333179012
0 0.4710714285680638 0.6611111110988682 0.02214285714269898 0.08518518518360768
0 0.49749999999644645 0.6740740740615911 0.023571428571260204 0.08518518518360768
0 0.6546428571381812 0.5833333333225308 0.10071428571356633 0.3333333333271605
0 0.726785714280523 0.7157407407274863 0.02499999999982143 0.09814814814633058
0 0.73499999999475 0.6749999999874999 0.024285714285540817 0.07222222222088477
0 0.7867857142800944 0.6749999999874999 0.039285714285433676 0.14259259258995197
0 0.8510714285653495 0.6805555555429527 0.062142857142413264 0.20185185184811383
0 0.9039285714221148 0.6787037036911351 0.04785714285680102 0.1648148148117627
