0 0.0424999999989375 0.4949999999835 0.079999999998 0.12999999999566667
0 0.043749999998906254 0.4416666666519445 0.0524999999986875 0.05666666666477778
0 0.244999999993875 0.37666666665411114 0.04999999999875 0.059999999998
0 0.2924999999926875 0.3033333333232222 0.02999999999925 0.046666666665111114
0 0.294999999992625 0.4183333333193889 0.034999999999125 0.049999999998333336
0 0.3174999999920625 0.4049999999865 0.02999999999925 0.04333333333188889
0 0.354999999991125 0.4366666666521111 0.054999999998625 0.05333333333155556
0 0.36999999999075 0.41166666665294444 0.02999999999925 0.04333333333188889
0 0.46249999998843755 0.4133333333195556 0.039999999999 0.059999999998
0 0.544999999986375 0.41499999998616666 0.104999999997375 0.12999999999566667
0 0.7749999999806251 0.5049999999831667 0.07499999999812501 0.07666666666411111
0 0.6462499999838438 0.5049999999831667 0.0624999999984375 0.08999999999700001
0 0.7337499999816562 0.42666666665244446 0.037499999999062505 0.046666666665111114
0 0.7712499999807187 0.43999999998533335 0.0324999999991875 0.046666666665111114
0 0.8162499999795938 0.43999999998533335 0.037499999999062505 0.05333333333155556
0 0.839999999979 0.45499999998483337 0.044999999998875 0.06333333333122222
0 0.8762499999780938 0.49999999998333333 0.0524999999986875 0.06666666666444444
0 0.9762499999755938 0.4883333333170556 0.037499999999062505 0.06333333333122222
0 0.9762499999755938 0.43833333331872226 0.037499999999062505 0.05666666666477778
