0 0.16298076923037746 0.2044871794865241 0.06826923076906666 0.09999999999967948
0 0.2080528846148845 0.25208333333252536 0.04879807692295962 0.08493589743562521
0 0.2816105769224 0.40881410256279227 0.13293269230737276 0.22660256410183782
0 0.5396634615371643 0.4512820512806049 0.11730769230741032 0.18333333333274573
0 0.7019230769213897 0.39871794871667077 0.09326923076900656 0.19038461538400517
0 0.7706730769212243 0.1233974358970404 0.050480769230647884 0.08012820512794831
0 0.6485576923061332 0.10641025640991535 0.05865384615370516 0.09615384615353798
0 0.5705528846140131 0.09887820512788821 0.05408653846140845 0.09326923076893183
0 0.5290865384602667 0.28509615384524006 0.06923076923060281 0.11314102564066301
0 0.5283653846141145 0.09278846153816414 0.04663461538450328 0.07724358974334217
0 0.35420673076837933 0.05528846153828433 0.09014423076901408 0.10993589743554508
