0 0.06962025316329801 0.589595375705503 0.08137432187917948 0.1387283236954125
0 0.20253164556595782 0.589595375705503 0.09403254972705184 0.16184971097798123
0 0.30650994574490936 0.33526011559724683 0.08137432187917948 0.15028901733669686
0 0.31916817359278177 0.6199421965138745 0.09222423146307009 0.15317919074701794
0 0.3887884267560798 0.5939306358209847 0.08318264014316125 0.15317919074701794
0 0.4891500904070678 0.5491329479610078 0.10307414104696068 0.19075144508119216
0 0.6338155515256091 0.5332369942042418 0.11030741410288775 0.19364161849151326
0 0.5732368896822199 0.5664739884229343 0.07594936708723418 0.1734104046192656
0 0.7540687160803965 0.589595375705503 0.08679927667112478 0.1734104046192656
0 0.8372513562235578 0.5809248554745398 0.09403254972705184 0.15606936415733905
0 0.9421338155345003 0.5823699421797003 0.08318264014316125 0.15895953756766013
