0 0.09166666666513888 0.5365239294575184 0.10666666666488889 0.18136020150676677
0 0.22499999999625 0.41435768260921013 0.0899999999985 0.14357682619285703
0 0.23166666666280555 0.31612090679304483 0.06666666666555555 0.10831234256654125
0 0.2799999999953333 0.36146095716973653 0.06333333333227778 0.09319899244097736
0 0.2966666666617222 0.288413098229511 0.04999999999916667 0.08312342569060142
0 0.21833333332969443 0.25566750629078927 0.059999999999 0.07808564231541347
0 0.08916666666518056 0.434508816109962 0.08166666666530556 0.12342569269210515
0 0.10416666666493056 0.31738035263684183 0.07166666666547222 0.11586901762932321
0 0.019999999999666666 0.3085642317302629 0.03666666666605556 0.09823677581616533
0 0.021666666666305553 0.4042821158588342 0.03999999999933333 0.11335012594172922
0 0.3608333333273194 0.6196473551481197 0.13166666666447222 0.24181360200902235
0 0.4091666666598472 0.4685138538924808 0.08499999999858333 0.146095717880451
0 0.4691666666588472 0.4055415617026312 0.08166666666530556 0.1309823677548871
0 0.43499999999275 0.3337531486062027 0.059999999999 0.1032745591913533
0 0.49833333332502777 0.3198992443244358 0.05666666666572222 0.11083123425413524
0 0.607499999989875 0.5176322418005634 0.09833333333169444 0.15365239294323293
0 0.5891666666568472 0.3816120906704884 0.06499999999891666 0.11335012594172922
0 0.6866666666552222 0.37531486145150345 0.06666666666555555 0.11586901762932321
0 0.7683333333205278 0.3488664987317666 0.059999999999 0.1032745591913533
0 0.8116666666531389 0.39924433248364627 0.08666666666522221 0.13853904281766904
0 0.8716666666521389 0.48614609570563866 0.10666666666488889 0.18136020150676677
0 0.9291666666511805 0.3778337531390974 0.08499999999858333 0.146095717880451
