0 0.9649999999839166 0.4811827956859897 0.06666666666555555 0.1075268817175396
0 0.8799999999853333 0.5255376343944748 0.07999999999866667 0.12096774193223205
0 0.817499999986375 0.7392473118080848 0.1516666666641389 0.2419354838644641
0 0.7658333333205695 0.51612903224419 0.07166666666547222 0.1290322580610475
0 0.6816666666553055 0.466397849449828 0.053333333332444444 0.09408602150284714
0 0.7466666666542222 0.31586021504527256 0.0299999999995 0.05645161290170829
0 0.5683333333238612 0.5806451612747139 0.06333333333227778 0.12365591397517053
0 0.55499999999075 0.4731182795571742 0.05666666666572222 0.10215053763166262
0 0.3624999999939583 0.630376344069076 0.09833333333169444 0.17473118279100186
0 0.43249999999279165 0.4838709677289282 0.04499999999925 0.06989247311640073
0 0.3858333333269028 0.4838709677289282 0.03166666666613889 0.0537634408587698
0 0.337499999994375 0.466397849449828 0.04166666666597222 0.06182795698758527
0 0.2974999999950417 0.5349462365447595 0.06499999999891666 0.1075268817175396
0 0.26749999999554164 0.4731182795571742 0.04166666666597222 0.05913978494464678
0 0.2791666666620139 0.42876344084868917 0.02833333333286111 0.05645161290170829
0 0.22583333332956945 0.5026881720294977 0.05499999999908333 0.06989247311640073
0 0.22166666666297222 0.4596774193424818 0.03666666666605556 0.0537634408587698
0 0.17333333333044443 0.5080645161153746 0.03999999999933333 0.05913978494464678
0 0.0958333333317361 0.548387096759452 0.061666666665638886 0.10215053763166262
0 0.05583333333240278 0.5188172042871285 0.04499999999925 0.06451612903052376
0 0.024166666666263888 0.5403225806306364 0.04499999999925 0.11290322580341658
