0 0.046199845678923226 0.5483217592576727 0.055748456790015916 0.0908564814812186
0 0.18055555555520725 0.5810185185168374 0.10262345678992549 0.15393518518473978
0 0.23495370370325047 0.5736400462946365 0.06944444444431049 0.14149305555514616
0 0.4081790123448916 0.6206597222204263 0.11033950617262667 0.15509259259214384
0 0.36487268518448135 0.5633680555539254 0.06616512345666249 0.09201388888862265
0 0.47704475308549954 0.2854456018510259 0.045524691357936874 0.08998842592566554
0 0.5273919753076246 0.5866608796279321 0.05246913580236792 0.09288194444417569
0 0.4743441358015541 0.8233506944420621 0.15007716049353767 0.2439236111104053
0 0.5828510802457892 0.6290509259241057 0.08468364197514529 0.12210648148112817
0 0.6989776234554418 0.6688368055536202 0.10474537037016832 0.17274305555505573
0 0.7065007716035754 0.5964988425908666 0.07851080246898436 0.10214120370340816
0 0.8525270061711949 0.6368634259240832 0.08815586419736081 0.14988425925882556
0 0.9138695987636692 0.6057581018500992 0.0688657407406079 0.11660879629595888
