0 0.16621621621397004 0.8194726166162378 0.1567567567546384 0.25557809330110387
0 0.27567567567195034 0.908722109515036 0.15135135134930605 0.1825557809293599
0 0.09662162162031591 0.5436105476563161 0.041891891891325785 0.0608519269764533
0 0.11554054053897918 0.5649087220980749 0.028378378377994885 0.054766734278807974
0 0.15608108107897187 0.554766734268666 0.031081081080661065 0.050709939147044414
0 0.17364864864630203 0.5202839756486757 0.031081081080661065 0.04665314401528087
0 0.22297297296995983 0.5314401622610255 0.03243243243199415 0.04462474644939909
0 0.23581081080762417 0.5131845841680895 0.025675675675328705 0.04462474644939909
0 0.2513513513479547 0.5273833671292619 0.027027027026661796 0.040567951317635534
0 0.3371621621576059 0.4594320486722224 0.025675675675328705 0.03853955375175376
0 0.36081081080593497 0.5385395537416117 0.040540540539992696 0.07099391480586219
0 0.37094594594093316 0.5253549695633801 0.03378378378332724 0.052738336712926194
0 0.45067567566958544 0.5253549695633801 0.036486486485993425 0.052738336712926194
0 0.4445945945885865 0.5872210953227743 0.04324324324265887 0.07099391480586219
0 0.49324324323657776 0.5436105476563161 0.035135135134660336 0.06490872210821685
0 0.5283783783712381 0.5557809330516068 0.040540540539992696 0.07707910750350752
0 0.5668918918842312 0.5750507099274836 0.06351351351265522 0.09533468559644351
0 0.6608108108018809 0.6572008113456956 0.1324324324306428 0.1987829614564141
0 0.6743243243152118 0.4645030425869269 0.021621621621329436 0.04462474644939909
0 0.7202702702605368 0.4533468559745771 0.03243243243199415 0.04665314401528087
0 0.7743243243138604 0.5425963488733753 0.029729729729327976 0.054766734278807974
0 0.7999999999891891 0.5436105476563161 0.035135135134660336 0.05679513184468975
0 0.8662162162045105 0.5963488843692424 0.05945945945865595 0.08924949289879817
0 0.9432432432304967 0.5973630831521832 0.05945945945865595 0.10344827585997061
0 0.9243243243118334 0.7383367139809667 0.13783783783597517 0.227180527378759
0 0.7979729729621895 0.8671399594144595 0.11486486486331263 0.19675456389053234
