0 4850000000.0 16000000000.0 2700000000.0 3000000000.0
0 6700000000.0 19450000000.0 5200000000.0 4700000000.0
0 14350000000.0 17050000000.0 3300000000.0 3900000000.0
0 19000000000.0 15250000000.0 2600000000.0 3100000000.0
0 21650000000.0 11600000000.0 2300000000.0 2800000000.0
0 20500000000.0 20800000000.0 4400000000.0 4000000000.0
0 25450000000.0 16500000000.0 2700000000.0 3000000000.0
0 26850000000.0 15000000000.0 2300000000.0 2600000000.0
0 29950000000.0 11500000000.0 2500000000.0 3200000000.0
0 44850000000.0 14700000000.0 2900000000.0 2800000000.0
0 47650000000.0 18850000000.0 4700000000.0 4700000000.0
