0 0.06682297772489071 0.47499999999257814 0.03751465416134215 0.05937499999907227
0 0.202813599059756 0.4921874999923096 0.05158264947184545 0.06249999999902344
0 0.25674091441668534 0.4499999999929688 0.035169988276258266 0.043749999999316405
0 0.36342321218800205 0.47578124999256594 0.03985932004642603 0.057812499999096684
0 0.36342321218800205 0.4374999999931641 0.030480656506090498 0.04062499999936524
0 0.4501758499361058 0.43124999999326175 0.028135990621006614 0.04999999999921875
0 0.44724501757975094 0.47812499999252933 0.04103165298896798 0.06562499999897461
0 0.4847596717410931 0.49765624999222413 0.05978898006963905 0.09843749999846192
0 0.5345838217991257 0.4234374999933838 0.025791324735922726 0.043749999999316405
0 0.5867526377422421 0.426562499993335 0.031652989448632436 0.043749999999316405
0 0.588511137156055 0.467968749992688 0.03751465416134215 0.051562499999194336
0 0.6477139507544231 0.5109374999920167 0.057444314184555166 0.08124999999873048
0 0.6799531066743265 0.45234374999293214 0.03282532239117438 0.045312499999291996
0 0.6629542790074683 0.426562499993335 0.024618991793380784 0.037499999999414065
0 0.6436107854555263 0.4140624999935303 0.02110199296575496 0.04062499999936524
0 0.7033997655251653 0.39999999999375 0.023446658850838843 0.03437499999946289
0 0.7409144196865074 0.422656249993396 0.028135990621006614 0.03906249999938965
0 0.7796014067903916 0.46249999999277347 0.0445486518165938 0.07187499999887696
0 0.8071512309401272 0.40781249999362795 0.019929660023213017 0.03437499999946289
0 0.8364595545036757 0.4257812499933472 0.031652989448632436 0.045312499999291996
0 0.8944900351595019 0.449218749992981 0.04220398593150992 0.06406249999899903
0 0.9038686986998374 0.4117187499935669 0.025791324735922726 0.04218749999934082
0 0.8405627198025726 0.611718749990442 0.11254396248402646 0.20781249999675294
