0 0.05833333333236111 0.4722222222117284 0.09333333333177778 0.1355555555525432
0 0.07166666666547222 0.6666666666518518 0.13999999999766666 0.31999999999288886
0 0.32666666666122224 0.4566666666565185 0.07999999999866667 0.1399999999968889
0 0.2858333333285694 0.37333333332503704 0.051666666665805557 0.07999999999822222
0 0.2683333333288611 0.3333333333259259 0.053333333332444444 0.07999999999822222
0 0.22083333332965277 0.30111111110441974 0.034999999999416664 0.04666666666562963
0 0.10249999999829167 0.3677777777696049 0.05499999999908333 0.09111111110908642
0 0.12916666666451387 0.359999999992 0.04499999999925 0.06222222222083951
0 0.13999999999766666 0.32888888888158024 0.03333333333277778 0.04888888888780247
0 0.12999999999783332 0.2966666666600741 0.0299999999995 0.042222222221283946
0 0.014166666666430554 0.33999999999244446 0.024999999999583335 0.05777777777649382
0 0.31249999999479167 0.29222222221572836 0.02833333333286111 0.05111111110997531
0 0.359999999994 0.22999999999488888 0.05666666666572222 0.09111111110908642
0 0.45083333332581943 0.3422222222146173 0.038333333332694446 0.04888888888780247
0 0.49499999999175 0.28444444443812344 0.026666666666222222 0.044444444443456785
0 0.5191666666580139 0.3166666666596296 0.04166666666597222 0.06444444444301234
0 0.5466666666575556 0.27444444443834565 0.0299999999995 0.042222222221283946
0 0.5491666666575139 0.3211111111039753 0.038333333332694446 0.055555555554320984
0 0.6141666666564305 0.33666666665918515 0.05499999999908333 0.08222222222039506
0 0.6099999999898333 0.2799999999937778 0.026666666666222222 0.03555555555476543
0 0.6699999999888333 0.2999999999933333 0.0299999999995 0.05777777777649382
0 0.7083333333215278 0.3155555555485432 0.03999999999933333 0.07999999999822222
0 0.7491666666541805 0.359999999992 0.05833333333236111 0.10666666666429629
0 0.7366666666543888 0.2899999999935555 0.0299999999995 0.04666666666562963
0 0.7641666666539305 0.27666666666051853 0.021666666666305553 0.03777777777693827
0 0.7966666666533889 0.31999999999288886 0.03666666666605556 0.07555555555387654
0 0.5899999999901666 0.539999999988 0.18333333333027776 0.26666666666074074
0 0.8883333333185278 0.3511111111033086 0.06999999999883333 0.12444444444167901
0 0.8791666666520139 0.27777777777160495 0.03166666666613889 0.03999999999911111
0 0.9216666666513056 0.26666666666074074 0.0299999999995 0.04888888888780247
0 0.9791666666503472 0.31888888888180245 0.04166666666597222 0.08222222222039506
