0 0.029583333333086808 0.47087980172898536 0.05749999999952084 0.17843866170782605
0 0.11416666666571529 0.2893432465887318 0.053333333332888894 0.10285006195659417
0 0.10041666666582987 0.174721189588913 0.039166666666340284 0.06691449814043476
0 0.2424999999979792 0.2620817843833695 0.051666666666236115 0.08302354398905795
0 0.2191666666648403 0.175960346961884 0.03666666666636111 0.06939281288637679
0 0.3120833333307327 0.15117719950246372 0.03249999999972917 0.061957868648550705
0 0.36749999999693755 0.22924411399963762 0.04666666666627778 0.0793060718701449
0 0.41166666666323615 0.16232961585920286 0.03166666666640278 0.05947955390260868
0 0.4999999999958334 0.1400247831457246 0.034999999999708334 0.05947955390260868
0 0.5416666666621528 0.218711276329384 0.03666666666636111 0.087980173480942
0 0.6608333333278265 0.2087980173456159 0.03999999999966667 0.07558859975123186
0 0.4758333333293681 0.33828996282108686 0.05833333333284723 0.11152416356739127
0 0.2791666666643403 0.4132589838858332 0.0683333333327639 0.12763320941601447
0 0.7187499999940105 0.3277571251508333 0.05083333333290973 0.11771995043224634
0 0.8733333333260557 0.2893432465887318 0.2416666666646528 0.41511771994528973
