0 0.342105263151226 0.07634730538693571 0.03313840155880822 0.06287425149512352
0 0.5233918128552946 0.2799401197520976 0.03313840155880822 0.06886227544704004
0 0.5467836257203356 0.30538922154774284 0.04873294346883562 0.06586826347108178
0 0.6072124756216918 0.31137724549965934 0.040935672513821915 0.05988023951916526
0 0.6481481481355137 0.3143712574756176 0.040935672513821915 0.06586826347108178
0 0.7202729044693904 0.3173652694515759 0.044834307991328766 0.07185628742299831
0 0.7982456140195274 0.3278443113674298 0.040935672513821915 0.0808383233508731
0 0.8411306042721027 0.3338323353193463 0.04873294346883562 0.08682634730278962
0 0.9288499025160069 0.3877245508865951 0.06042884990135616 0.09880239520662268
0 0.8908382066103151 0.5449101796244039 0.10136452241517808 0.16766467065366272
0 0.6998050682124795 0.5449101796244039 0.08966861598265753 0.14970059879791314
0 0.6013645224054315 0.6452095808190057 0.1111111111089452 0.18862275448537058
0 0.3849902534038014 0.7499999999775449 0.13840155945149316 0.2185628742449532
0 0.18226120857344522 0.6511976047709221 0.1189083820639589 0.15868263472578795
0 0.135477582843363 0.5389221556724874 0.0877192982439041 0.1377245508940801
0 0.061403508770732876 0.5404191616604664 0.08382066276639726 0.14071856287003837
