0 0.538499999994615 0.40465465464857875 0.05299999999947 0.1066066066050059
0 0.43399999999565997 0.707957957947328 0.06199999999938 0.09759759759613217
0 0.53499999999465 0.740990990979865 0.0699999999993 0.11861861861683755
0 0.579499999994205 0.7102102101995463 0.05299999999947 0.09609609609465321
0 0.6499999999935 0.7882882882764521 0.09399999999906 0.1651651651626852
0 0.707499999992925 0.6996996996891937 0.07099999999929 0.10810810810648486
0 0.75099999999249 0.671921921911833 0.05399999999946 0.09759759759613217
0 0.84099999999159 0.8498498498370893 0.11599999999884 0.20420420420113808
0 0.882499999991175 0.7545045044931756 0.08099999999919 0.1306306306286692
0 0.951499999990485 0.6831831831729251 0.07699999999923 0.11411411411240069
0 0.041499999999585 0.9429429429287846 0.08099999999919 0.09609609609465321
0 0.03599999999964 0.8633633633503999 0.0699999999993 0.10810810810648486
0 0.03099999999969 0.7822822822705363 0.0599999999994 0.08408408408282156
