0 0.2199999999981667 0.42499999999468746 0.12166666666565279 0.1749999999978125
0 0.25333333333122227 0.30937499999613277 0.06999999999941667 0.10874999999864061
0 0.3120833333307327 0.3637499999954531 0.09583333333253473 0.1449999999981875
0 0.39583333333003473 0.3287499999958906 0.06499999999945834 0.1249999999984375
0 0.4595833333295035 0.3674999999954062 0.06916666666609028 0.11499999999856249
0 0.5058333333291181 0.39687499999503906 0.12333333333230556 0.19624999999754686
0 0.5449999999954583 0.4393749999945078 0.15666666666536114 0.22624999999717185
0 0.6104166666615799 0.35812499999552344 0.09249999999922917 0.14374999999820312
0 0.6804166666609965 0.3349999999958125 0.0758333333327014 0.149999999998125
0 0.8033333333266389 0.3449999999956875 0.1283333333322639 0.18999999999762499
0 0.882499999992646 0.43499999999456246 0.14499999999879168 0.21249999999734373
0 0.9716666666585695 0.12812499999839844 0.04499999999962501 0.09124999999885937
0 0.9462499999921147 0.15374999999807812 0.040833333332993056 0.08749999999890624
0 0.9008333333258265 0.12062499999849219 0.05499999999954167 0.09624999999879687
0 0.7570833333270244 0.14312499999821093 0.059166666666173616 0.08874999999889062
0 0.6704166666610799 0.079999999999 0.08083333333265973 0.10999999999862499
0 0.42749999999643756 0.06562499999917969 0.053333333332888894 0.09624999999879687
0 0.5970833333283577 0.16749999999790624 0.039166666666340284 0.05999999999925
0 0.34416666666379864 0.1443749999981953 0.024999999999791668 0.04374999999945312
0 0.2187499999981771 0.13187499999835156 0.027499999999770836 0.04374999999945312
0 0.10791666666576737 0.08562499999892968 0.037499999999687506 0.05624999999929687
0 0.05666666666619445 0.079999999999 0.034999999999708334 0.0449999999994375
0 0.0987499999991771 0.3506249999956172 0.06916666666609028 0.10874999999864061
0 0.11208333333239931 0.2893749999963828 0.06749999999943751 0.09124999999885937
0 0.04666666666627778 0.3243749999959453 0.051666666666236115 0.09624999999879687
0 0.017916666666517363 0.30749999999615624 0.03249999999972917 0.09999999999874999
