0 0.05818181818076033 0.5151975683733983 0.03999999999927272 0.09422492400929407
0 0.14363636363375207 0.5440729483117303 0.05454545454446281 0.0668693009098216
0 0.18363636363302477 0.5440729483117303 0.05090909090816528 0.09726443768701323
0 0.24545454545008263 0.6185410334158498 0.10909090908892562 0.24620060789525225
0 0.34090909090289256 0.5531914893448877 0.059999999998909086 0.0911854103315749
0 0.39909090908365286 0.7021276595531267 0.13999999999745455 0.3100303951273547
0 0.5018181818090578 0.566869300894624 0.05454545454446281 0.09422492400929407
0 0.5754545454440826 0.5805471124443602 0.07454545454409917 0.17021276595227317
0 0.758181818168033 0.705167173230846 0.09454545454373553 0.14589665653051986
0 0.8627272727115867 0.38297872339261463 0.07090909090780165 0.1337386018196432
