0 0.9524999999952376 0.17928286852446787 0.07599999999962001 0.1274900398396216
0 0.53199999999734 0.7123505976038857 0.11299999999943501 0.1705179282854939
0 0.2662499999986688 0.9406374501917081 0.17149999999914253 0.11872509960064762
0 0.06774999999966126 0.6804780876439803 0.11449999999942752 0.17370517928148443
0 0.26999999999865004 0.6171314740986683 0.07399999999963001 0.14262948207057666
0 0.6124999999969376 0.6147410358516754 0.07899999999960501 0.12988047808661451
0 0.7114999999964425 0.4844621513905621 0.07099999999964501 0.08764940238973985
0 0.7554999999962226 0.4685258964106094 0.04599999999977 0.09880478087570674
0 0.7797499999961013 0.4462151394386756 0.050499999999747504 0.07808764940176822
0 0.7984999999960076 0.4187250995982572 0.031999999999840004 0.06772908366479898
0 0.80599999999597 0.3920318725068364 0.028999999999855003 0.05577689242983445
0 0.7799999999961 0.3800796812718719 0.031999999999840004 0.06215139442181553
0 0.6802499999965989 0.3828685258933636 0.0344999999998275 0.0613545816728179
0 0.6514999999967426 0.4055776892397962 0.040999999999795006 0.07649402390377297
0 0.5934999999970325 0.4529880478051555 0.04599999999977 0.07091633466078952
0 0.5494999999972525 0.4872509960120538 0.050999999999745006 0.0932270916327233
0 0.4782499999976088 0.4984063744980207 0.06149999999969251 0.10438247011869019
0 0.5497499999972513 0.40318725099280334 0.032499999999837506 0.05099601593584864
0 0.5659999999971701 0.37211155378189553 0.033999999999830006 0.05258964143384391
0 0.4382499999978088 0.38605577688935416 0.026499999999867505 0.05498007968083682
0 0.4092499999979538 0.38366533864236124 0.03549999999982251 0.05338645418284155
0 0.390999999998045 0.43545816732720755 0.042999999999785 0.07410358565678006
0 0.3444999999982775 0.4513944223071602 0.04599999999977 0.08047808764876113
0 0.3574999999982125 0.3872509960128506 0.034999999999825004 0.05258964143384391
0 0.3324999999983375 0.3784860557738766 0.028999999999855003 0.05418326693183918
0 0.2912499999985438 0.3936254980048317 0.03549999999982251 0.05418326693183918
0 0.24899999999875502 0.4788844621475786 0.060999999999695007 0.0956175298797162
0 0.23199999999884002 0.42948207170972524 0.038999999999805 0.05577689242983445
0 0.24824999999875877 0.40398406374180096 0.03549999999982251 0.06693227091580134
0 0.166999999999165 0.3812749003953684 0.03599999999982 0.058167330676827354
0 0.1504999999992475 0.45697211155014367 0.04599999999977 0.08685258964074222
0 0.13024999999934878 0.4099601593592832 0.0314999999998425 0.05498007968083682
0 0.07649999999961751 0.43466135457820987 0.03599999999982 0.0661354581668037
0 0.05024999999974875 0.4701195219086047 0.060499999999697504 0.07808764940176822
0 0.05024999999974875 0.5498007968083681 0.0834999999995825 0.10517928286768782
