0 0.07158351409900668 0.2634146341420583 0.10845986984697982 0.17886178861497784
0 0.08947939262375836 0.12195121951021216 0.053145336225020115 0.08130081300680811
0 0.047180043383436225 0.09186991869769316 0.037960954446442936 0.06991869918585497
0 0.16377440346893954 0.10487804877878247 0.03687635574797314 0.056910569104765676
0 0.22559652928171803 0.08455284552708044 0.04989154012961072 0.08455284552708044
0 0.3275488069378791 0.17398373983456936 0.07592190889288587 0.12682926829062066
0 0.46529284164354345 0.09105691056762509 0.04989154012961072 0.08780487804735276
0 0.5656182212519998 0.060162601625038004 0.037960954446442936 0.05853658536490184
0 0.5976138828568588 0.210569105687633 0.08242950108370467 0.13495934959130146
0 0.6328633405571273 0.11788617885987177 0.04229934924032213 0.06991869918585497
0 0.6724511930512749 0.07967479674667195 0.04555314533573153 0.08130081300680811
0 0.8204989153924024 0.5674796747875206 0.22017353578936905 0.370731707311045
0 0.8812364425067111 0.32032520324682395 0.14642082429342276 0.24065040650015201
0 0.8449023861079729 0.06260162601524225 0.041214750541852335 0.06341463414531033
