0 0.9757142857003469 0.32285714285099315 0.048571428570734695 0.0971428571410068
0 0.8607142857019898 0.2799999999946666 0.061428571427693875 0.09523809523628117
0 0.8592857142734388 0.23047619047180043 0.04999999999928571 0.07619047618902494
0 0.7457142857036326 0.31047619047027664 0.0628571428562449 0.11047619047408616
0 0.6892857142758674 0.22380952380526076 0.04714285714218367 0.08571428571265305
0 0.5907142857058469 0.24571428570960543 0.0557142857134898 0.09142857142682992
0 0.48928571427872447 0.2609523809474104 0.08999999999871429 0.12571428571189114
0 0.26499999999621426 0.3247619047557188 0.0842857142845102 0.12761904761661677
0 0.22714285713961224 0.22952380951943763 0.0628571428562449 0.0971428571410068
0 0.14357142856937755 0.4114285714207347 0.10142857142712244 0.14095238094969614
0 0.08285714285595919 0.5371428571326258 0.13428571428379593 0.13333333333079364
0 0.1192857142840102 0.6704761904634194 0.15571428571206122 0.1942857142820136
0 0.3364285714237653 0.8942857142686802 0.1957142857114898 0.18857142856783674
