0 0.6111702127594556 0.15734824280898804 0.08829787233948619 0.14856230031711562
0 0.5053191489307944 0.25559105430901613 0.023404255318899954 0.04472843450407782
0 0.526595744675249 0.24680511181714368 0.017021276595563604 0.049520766772371876
0 0.5409574468027558 0.2332268370569772 0.01808510638278633 0.03514376996748972
0 0.4638297872291082 0.29952076676837824 0.031914893616681754 0.05591054313009727
0 0.4372340425485401 0.24121405750413397 0.019148936170009054 0.03514376996748972
0 0.4537234042504923 0.2499999999960064 0.015957446808340877 0.036741214056921066
0 0.4797872340374491 0.2364217252358399 0.014893617021118154 0.02555910543090161
0 0.4101063829743606 0.18849840255289937 0.015957446808340877 0.03514376996748972
0 0.3941489361660197 0.17412140574801724 0.013829787233895429 0.03514376996748972
0 0.4101063829743606 0.26357827475617285 0.01808510638278633 0.05111821086180322
0 0.387234042549072 0.26357827475617285 0.027659574467790857 0.041533546325215116
0 0.3547872340387789 0.26357827475617285 0.02659574468056813 0.06070287539839133
0 0.3856382978682379 0.22603833865453613 0.02021276595723178 0.027156549520332963
0 0.363829787230172 0.20926517571550696 0.017021276595563604 0.03514376996748972
0 0.33457446808154706 0.24201277954884964 0.02234042553167723 0.04313099041464647
0 0.3207446808476517 0.2595846645325945 0.02446808510612268 0.049520766772371876
0 0.2957446808479176 0.2619808306667415 0.029787234042236307 0.06070287539839133
0 0.21170212765732233 0.26757188497975126 0.06595744680780896 0.10063897763417509
0 0.14680851063673608 0.307507987215535 0.08510638297781802 0.1453674121382529
0 0.06968085106308851 0.2795527156504864 0.0755319148928135 0.09584664536588104
0 0.03404255319112721 0.3761980830610831 0.06382978723336351 0.20926517571550696
0 0.023404255318899954 0.22763578274396748 0.03617021276557266 0.06230031948782268
0 0.047340425531411275 0.18690095846346805 0.03085106382945903 0.05111821086180322
0 0.08138297872253848 0.20926517571550696 0.03297872340390448 0.04792332268294052
0 0.1265957446795043 0.20207667731306586 0.027659574467790857 0.04313099041464647
0 0.12553191489228158 0.1717252396138702 0.025531914893345407 0.036741214056921066
0 0.15691489361535196 0.21246006389436964 0.03085106382945903 0.04792332268294052
0 0.1893617021256451 0.20607028753664425 0.029787234042236307 0.04792332268294052
0 0.2202127659551041 0.21964856229681073 0.027659574467790857 0.04632587859350917
0 0.2249999999976064 0.2004792332236345 0.02234042553167723 0.03993610223578377
0 0.25425531914623134 0.22843450478868316 0.019148936170009054 0.041533546325215116
0 0.24574468084844953 0.1948881789106248 0.019148936170009054 0.03514376996748972
0 0.2771276595715199 0.20846645367079128 0.02021276595723178 0.03993610223578377
0 0.3074468085073676 0.22843450478868316 0.021276595744454504 0.031948881788627016
0 0.3170212765923721 0.21006389776022263 0.014893617021118154 0.027156549520332963
