0 0.15666666666405554 0.6453634085051287 0.07666666666538889 0.13283208019717213
0 0.12249999999795833 0.6027568922154698 0.05499999999908333 0.09273182957161073
0 0.112499999998125 0.546365914773274 0.051666666665805557 0.07017543859473245
0 0.2866666666618889 0.6516290726653727 0.06666666666555555 0.11528822054848901
0 0.26333333332894443 0.5914786967270306 0.05666666666572222 0.09523809523570832
0 0.4016666666599722 0.6152882205359577 0.06333333333227778 0.09273182957161073
0 0.42999999999283334 0.8395989974726917 0.119999999998 0.1604010025022456
0 0.55499999999075 0.8796992480982532 0.12333333333127777 0.21553884711239252
0 0.6866666666552222 0.8897243107546435 0.12999999999783332 0.19548872179961183
0 0.5749999999904166 0.6892230576268366 0.08666666666522221 0.1754385964868311
0 0.6416666666559722 0.6704260651461046 0.06999999999883333 0.1378446115253673
0 0.6683333333221945 0.3383458646531743 0.059999999999 0.10025062656390349
0 0.8374999999860416 0.6240601503602993 0.07499999999875 0.1203007518766842
0 0.9558333333174027 0.674185463642251 0.08499999999858333 0.17042606515863595
