0 0.15749999999803124 0.2653985507198297 0.07249999999909375 0.11775362318627258
0 0.09062499999886718 0.1974637681123648 0.06874999999914062 0.10869565217194392
0 0.24812499999689844 0.6077898550614531 0.04874999999939062 0.0960144927518838
0 0.22687499999716404 0.5661231883955412 0.05874999999926562 0.07789855072322648
0 0.25749999999678125 0.5307971014396594 0.052499999999343745 0.0905797101432866
0 0.23124999999710935 0.46829710144079173 0.052499999999343745 0.08876811594042086
0 0.3456249999956797 0.44655797100640293 0.04874999999939062 0.0851449275346894
0 0.369999999995375 0.15760869564931868 0.054999999999312495 0.08333333333182368
0 0.4287499999946406 0.4538043478178658 0.047499999999406246 0.0960144927518838
0 0.5149999999935625 0.18840579709803612 0.0449999999994375 0.0797101449260922
0 0.5912499999926093 0.480072463759419 0.052499999999343745 0.09420289854901806
0 0.5943749999925703 0.32608695651583175 0.05874999999926562 0.09420289854901806
0 0.7499999999906249 0.2264492753582165 0.06249999999921875 0.09782608695474952
0 0.7537499999905781 0.1195652173891383 0.0749999999990625 0.10869565217194392
0 0.8224999999897187 0.15217391304072148 0.079999999999 0.10869565217194392
0 0.9174999999885312 0.5634057970912426 0.07749999999903125 0.12318840579486977
