0 0.23888888888358023 0.16568047336787928 0.2555555555498765 0.32544378697262
0 0.05666666666540741 0.2248520709992647 0.07777777777604938 0.09467455621021673
0 0.08666666666474074 0.19230769230200273 0.04888888888780247 0.0769230769208011
0 0.5122222222108395 0.27514792898594237 0.06888888888735802 0.10650887573649381
0 0.5311111110993086 0.24112426034789572 0.053333333332148146 0.07988165680237036
0 0.5755555555427654 0.26627218934123453 0.05777777777649382 0.08284023668393964
0 0.6666666666518518 0.3062130177424197 0.044444444443456785 0.06804733727609327
0 0.6466666666522962 0.2573964496965267 0.044444444443456785 0.05917159763138545
0 0.7133333333174815 0.3136094674463429 0.044444444443456785 0.07100591715766255
0 0.8977777777578271 0.36834319525537446 0.20444444443990123 0.35207100590674345
