0 0.10874999999728126 0.29511278194379276 0.0724999999981875 0.10902255638687885
0 0.2874999999928125 0.3308270676567358 0.084999999997875 0.10526315789077959
0 0.3124999999921875 0.2443609022464526 0.054999999998625 0.0902255639063825
0 0.364999999990875 0.21052631578155917 0.02999999999925 0.06015037593758833
0 0.4062499999898438 0.14097744360372266 0.0274999999993125 0.041353383457091976
0 0.4824999999879375 0.3026315789359913 0.06999999999825 0.1165413533790774
0 0.6062499999848437 0.3345864661528351 0.08749999999781251 0.14285714285177228
0 0.559999999986 0.18796992480496355 0.039999999999 0.06015037593758833
0 0.7537499999811563 0.2443609022464526 0.0524999999986875 0.0902255639063825
0 0.8637499999784063 0.3552631578813811 0.09749999999756251 0.16917293232446717
0 0.9299999999767501 0.5864661653914862 0.1399999999965 0.2706766917191475
