0 0.14444444444123455 0.284745762702212 0.13777777777471603 0.2508474576186153
0 0.22333333332837035 0.44915254235765584 0.03333333333259259 0.071186440675553
0 0.44999999998999995 0.5728813559127837 0.0733333333317037 0.11525423728422868
0 0.46999999998955555 0.4559322033743752 0.04666666666562963 0.07796610169227233
0 0.44333333332348146 0.42033898303659867 0.024444444443901234 0.05423728813375467
0 0.47666666665607405 0.39661016947808103 0.024444444443901234 0.040677966100316
0 0.4911111111001975 0.4135593220198793 0.026666666666074073 0.040677966100316
0 0.5755555555427654 0.467796610153634 0.053333333332148146 0.081355932200632
0 0.5833333333203703 0.40677966100316 0.02888888888824691 0.047457627117035335
0 0.6455555555412098 0.44915254235765584 0.042222222221283946 0.06440677965883367
0 0.6444444444301234 0.4016949152406205 0.026666666666074073 0.050847457625395
0 0.7177777777618272 0.45423728812019537 0.03999999999911111 0.06779661016719334
0 0.7944444444267901 0.44915254235765584 0.05111111110997531 0.08474576270899167
0 0.8633333333141481 0.467796610153634 0.06888888888735802 0.10169491525079
0 0.8422222222035062 0.6271186440465384 0.08888888888691357 0.162711864401264
0 0.6188888888751358 0.6135593220130997 0.10444444444212345 0.14915254236782532
