0 0.0646446078429392 0.49244281045550475 0.12683823529372903 0.3116830065346745
0 0.12775735294078505 0.25776143790744377 0.14276960784269985 0.20751633986843335
0 0.3281249999989947 0.4019607843120835 0.07843137254877931 0.14052287581641942
0 0.27052696078348487 0.4421977124164943 0.03370098039205361 0.05187908496710834
0 0.42325367646929146 0.41646241829895236 0.025428921568549544 0.034722222222080386
0 0.3691789215674964 0.430759803919809 0.02634803921560555 0.05269607843115729
0 0.4457720588221637 0.42218137254729504 0.03308823529401627 0.05596405228735309
0 0.5102634803905935 0.42524509803747856 0.029105392156773574 0.053921568627230715
0 0.5768995098021541 0.3917483660114716 0.047181372548875056 0.06454248365986706
0 0.6145833333314504 0.40134803921404677 0.03431372549009095 0.06004901960759784
0 0.7374387254879368 0.4270833333315887 0.05759803921550981 0.11560457516292645
0 0.8452818627425083 0.401552287580059 0.15318627450933459 0.19281045751555226
0 0.9108455882325035 0.45118464052103274 0.06495098039195787 0.07148692810428314
