0 0.04765624999925537 0.8041666666499132 0.051562499999194336 0.0749999999984375
0 0.12109374999810792 0.719791666651671 0.051562499999194336 0.07291666666514757
0 0.15390624999759522 0.6677083333194227 0.045312499999291996 0.052083333332248266
0 0.2101562499967163 0.629166666653559 0.04218749999934082 0.07083333333185764
0 0.11874999999814453 0.8770833333150607 0.10937499999829102 0.14166666666371527
0 0.21562499999663087 0.7729166666505642 0.0562499999991211 0.07083333333185764
0 0.2781249999956543 0.7072916666519314 0.043749999999316405 0.06458333333198785
0 0.2742187499957153 0.6552083333196832 0.045312499999291996 0.060416666665407986
0 0.290624999995459 0.6260416666536242 0.04062499999936524 0.056249999998828126
0 0.4203124999934326 0.4854166666565538 0.03437499999946289 0.049999999998958336
0 0.35390624999447023 0.7885416666502387 0.06093749999904786 0.08541666666488715
0 0.5031249999921387 0.7635416666507595 0.06249999999902344 0.08124999999830729
0 0.4671874999927002 0.6583333333196181 0.037499999999414065 0.054166666665538196
0 0.4585937499928345 0.6208333333203992 0.03593749999943848 0.049999999998958336
0 0.5453124999914796 0.7124999999851562 0.04687499999926758 0.07083333333185764
0 0.5781249999909668 0.6572916666529731 0.043749999999316405 0.056249999998828126
0 0.5648437499911744 0.6218749999870442 0.03593749999943848 0.0479166666656684
0 0.6367187499900513 0.7718749999839193 0.05468749999914551 0.08124999999830729
0 0.6882812499892457 0.6937499999855469 0.045312499999291996 0.0749999999984375
0 0.6789062499893921 0.6270833333202691 0.03906249999938965 0.058333333332118056
0 0.7124999999888673 0.6416666666532986 0.043749999999316405 0.06249999999869792
0 0.7460937499883423 0.780208333317079 0.057812499999096684 0.08958333333146701
0 0.8249999999871094 0.6218749999870442 0.04687499999926758 0.056249999998828126
0 0.8781249999862794 0.7760416666504991 0.053124999999169926 0.07708333333172743
0 0.9367187499853639 0.8791666666483506 0.11406249999821778 0.14166666666371527
0 0.9757812499847535 0.7677083333173395 0.04843749999924317 0.09791666666462673
0 0.9726562499848023 0.6885416666523221 0.04843749999924317 0.0687499999985677
0 0.9343749999854004 0.6718749999860026 0.04062499999936524 0.060416666665407986
0 0.921093749985608 0.6208333333203992 0.03906249999938965 0.058333333332118056
