0 0.15277777777748308 0.6812789351832139 0.08487654320971282 0.10445601851821627
0 0.11111111111089678 0.5701678240724243 0.04822530864188228 0.07841435185162496
0 0.1616512345675894 0.5876736111094106 0.051697530864097806 0.07465277777756177
0 0.2520254629624768 0.5468749999984176 0.03530092592585783 0.05902777777760698
0 0.3484760802462414 0.553530092590991 0.04610339506163946 0.07638888888866786
0 0.3952546296288672 0.5762442129612956 0.04745370370361217 0.08883101851826149
0 0.5199652777767747 0.6501736111092299 0.07928240740725447 0.1128472222218957
0 0.5141782407397489 0.563802083331702 0.03993055555547853 0.07436342592571075
0 0.5992476851840293 0.5520833333317359 0.0337577160493176 0.06307870370352119
0 0.6453510802456687 0.6316550925907649 0.05729166666655615 0.10011574074045106
0 0.6405285493814805 0.5892650462945913 0.0503472222221251 0.08767361111085743
0 0.6745756172826494 0.5716145833316794 0.02893518518512937 0.0714699074072006
0 0.708719135801102 0.5422453703688014 0.03086419753080466 0.049768518518374515
0 0.7969714506157466 0.5308159722206863 0.02681327160488655 0.0454282407406093
0 0.8058449074058529 0.5690104166650203 0.0337577160493176 0.06394675925907423
0 0.8292824074058077 0.5665509259242866 0.027006172839454078 0.05671296296279887
0 0.8523341049366274 0.5633680555539254 0.042631172839423935 0.08969907407381453
0 0.9182098765414386 0.5820312499983159 0.0489969135801524 0.08998842592566554
0 0.9326774691340033 0.732349537034918 0.086033950617118 0.14467592592550732
0 0.9937307098746263 0.5386284722206637 0.012538580246889393 0.03616898148137683
