0 0.13055555555313786 0.1462395543134752 0.04629629629543895 0.08077994428744345
0 0.16574074073767145 0.19777158773822362 0.05370370370270919 0.08356545960770012
0 0.18425925925584705 0.33565459609092885 0.04999999999907407 0.07520891364693011
0 0.2925925925871742 0.33704735375105715 0.0666666666654321 0.11699164345078017
0 0.3916666666594136 0.3579387186529822 0.06111111110997942 0.10306406684949682
0 0.30370370369807953 0.12256267409129351 0.044444444443621396 0.08356545960770012
0 0.43981481480667006 0.12534818941155018 0.04629629629543895 0.08356545960770012
0 0.4388888888807613 0.2520891364832287 0.044444444443621396 0.08077994428744345
0 0.406481481473954 0.224233983280662 0.04999999999907407 0.09749303620898347
0 0.5388888888789094 0.1183844011109085 0.044444444443621396 0.08635097492795679
0 0.6925925925797668 0.17130919219578525 0.044444444443621396 0.08635097492795679
0 0.6759259259134087 0.11002785515013849 0.044444444443621396 0.07520891364693011
0 0.7972222222074588 0.08217270194757179 0.05370370370270919 0.08635097492795679
0 0.8379629629474451 0.2632311977642554 0.04629629629543895 0.08077994428744345
0 0.708333333320216 0.38440111419542056 0.04629629629543895 0.08913649024821346
0 0.9648148147969479 0.3119777158687471 0.055555555554526743 0.11142061281026683
0 0.9240740740569615 0.13091922005206352 0.04074074073998628 0.07799442896718678
