0 0.07838397790028183 0.774176954728528 0.1008287292814198 0.1574074074065977
0 0.0687154696130224 0.6985596707782996 0.07734806629807546 0.0925925925921163
0 0.13984806629785965 0.6836419753051254 0.03867403314903773 0.0709876543206225
0 0.16850828729223583 0.6836419753051254 0.031077348066191033 0.06275720164576772
0 0.2123618784523054 0.7026748971157271 0.04696132596668867 0.0905349794234026
0 0.26070441988860255 0.7983539094609139 0.09668508287259434 0.17695473250937782
0 0.3145718232033337 0.6743827160459137 0.044198895027471694 0.07921810699547728
0 0.3566988950263926 0.6568930041118474 0.026243093922561318 0.04218106995863076
0 0.39640883977763675 0.7520576131648558 0.06284530386718631 0.141975308641245
0 0.39157458563400704 0.6604938271570963 0.029696132596582544 0.05761316872398348
0 0.41298342541293864 0.6543209876509553 0.033839779005408015 0.05761316872398348
0 0.4488950276227594 0.6532921810665984 0.028314917126974055 0.04115226337427391
0 0.47720994474973344 0.5771604938241917 0.02279005524854009 0.039094650205560216
0 0.4754834254127228 0.7016460905313702 0.04972375690590566 0.0925925925921163
0 0.517955801103184 0.6769547325068058 0.043508287292667445 0.07201646090497935
0 0.5359116022080943 0.8024691357983413 0.10151933701622405 0.16666666666580934
0 0.5555939226500153 0.7361111111073246 0.062154696132382066 0.09979423868261424
0 0.5580110497218301 0.6702674897084864 0.032458563535799526 0.06275720164576772
0 0.5756215469593384 0.6620370370336316 0.02762430939216981 0.058641975308340324
0 0.6042817679537146 0.7139917695436524 0.04903314917110141 0.08847736625468891
0 0.6180939226497995 0.6743827160459137 0.033839779005408015 0.06069958847705402
0 0.6426104972353501 0.6640946502023453 0.0290055248617783 0.05452674897091293
0 0.6633287292794775 0.651748971190063 0.0290055248617783 0.05452674897091293
0 0.7196132596660235 0.685699588473839 0.043508287292667445 0.0689300411519088
0 0.7551795580084422 0.7494855967039636 0.07596685082846698 0.10390946502004163
0 0.8076657458535648 0.8647119341519306 0.12016574585593867 0.19650205761215794
0 0.8891574585604657 0.9346707818881962 0.17403314917066978 0.13065843621331968
0 0.9464779005492181 0.7921810699547728 0.09668508287259434 0.11522633744796695
0 0.8836325966820318 0.7443415637821794 0.07872928176768396 0.09156378600775945
0 0.8176795580082263 0.7196502057576151 0.029696132596582544 0.06069958847705402
0 0.8059392265165541 0.6887860082269096 0.032458563535799526 0.05041152263348554
0 0.7717541436437441 0.6867283950581959 0.04834254143629717 0.058641975308340324
0 0.8466850828700047 0.7011316872391917 0.033839779005408015 0.058641975308340324
0 0.8591160220964811 0.6738683127537353 0.032458563535799526 0.04320987654298761
0 0.906767955797974 0.6846707818894822 0.033839779005408015 0.05658436213962663
0 0.9330110497205353 0.6970164609017644 0.043508287292667445 0.0689300411519088
0 0.957527624306086 0.6548353909431336 0.019337016574518865 0.03600823045248967
0 0.8791436464058041 0.6445473250995651 0.013121546961280659 0.03395061728377598
0 0.8964088397759102 0.6471193415604573 0.01726519337010613 0.026748971193278043
0 0.7320441988924999 0.6450617283917436 0.033839779005408015 0.05555555555526978
