0 0.16458333333196182 0.35024752474814047 0.04583333333295139 0.06930693069221154
0 0.18541666666512155 0.3236386138573807 0.03083333333307639 0.05074257425679774
0 0.21333333333155557 0.28155940593710943 0.03999999999966667 0.07301980197929431
0 0.24666666666461112 0.3056930693031474 0.03999999999966667 0.06930693069221154
0 0.3158333333307014 0.29022277227363585 0.05499999999954167 0.09777227722651272
0 0.33374999999721877 0.2518564356404473 0.042499999999645835 0.07054455445457247
0 0.3862499999967813 0.26113861385815423 0.059166666666173616 0.10148514851359548
0 0.43916666666300697 0.28712871286773356 0.049999999999583336 0.09405940593942995
0 0.5024999999958125 0.25928217821461286 0.04833333333293056 0.07549504950401614
0 0.5412499999954896 0.20792079207663464 0.08083333333265973 0.14108910890914494
0 0.6495833333279202 0.27908415841238754 0.05416666666621528 0.09282178217706903
0 0.7166666666606946 0.3001237623725232 0.049999999999583336 0.08787128712762535
0 0.8529166666595591 0.26113861385815423 0.060833333332826395 0.10396039603831732
