0 0.6916666666436111 0.3124999999921875 0.049999999998333336 0.039999999999
0 0.6933333333102223 0.4474999999888125 0.07999999999733334 0.06999999999825
0 0.6966666666434445 0.4087499999897813 0.06666666666444444 0.0524999999986875
0 0.8166666666394444 0.4512499999887188 0.09999999999666667 0.07749999999806251
0 0.943333333301889 0.5112499999872188 0.11333333332955556 0.1124999999971875
0 0.9299999999690001 0.4037499999899063 0.06666666666444444 0.0524999999986875
0 0.5583333333147222 0.42249999998943755 0.06999999999766666 0.064999999998375
0 0.17166666666094446 0.46374999998840627 0.08999999999700001 0.0824999999979375
0 0.21166666665961112 0.42624999998934376 0.07666666666411111 0.0624999999984375
0 0.06999999999766666 0.5287499999867813 0.1333333333288889 0.11749999999706251
0 0.03666666666544444 0.43874999998903125 0.06666666666444444 0.07749999999806251
0 0.07999999999733334 0.43374999998915625 0.059999999998 0.0524999999986875
