0 0.08333333333240742 0.44333333332594443 0.11999999999866667 0.18999999999683334
0 0.021666666666425926 0.46499999999225 0.041111111110654325 0.09666666666505555
0 0.24833333333057409 0.42416666665959724 0.05222222222164198 0.09166666666513888
0 0.27944444444133953 0.42916666665951386 0.027777777777469138 0.04499999999925
0 0.32555555555193827 0.3916666666601389 0.03999999999955556 0.07333333333211112
0 0.36333333332929635 0.3858333333269028 0.05999999999933334 0.11166666666480556
0 0.4449999999950556 0.4708333333254861 0.10999999999877778 0.17499999999708332
0 0.483333333327963 0.3883333333268611 0.07333333333251853 0.119999999998
0 0.5333333333274074 0.32999999999449997 0.04666666666614815 0.09333333333177778
0 0.6277777777708026 0.36666666666055553 0.07555555555471606 0.14666666666422223
0 0.7144444444365062 0.49833333332502777 0.13777777777624692 0.22999999999616666
0 0.7294444444363396 0.34749999999420833 0.10777777777658025 0.16499999999724999
0 0.6922222222145309 0.25833333332902775 0.06666666666592592 0.1333333333311111
0 0.836111111101821 0.24916666666251389 0.09444444444339507 0.15499999999741668
