0 0.6656249999895997 0.7458333333177951 0.07187499999887696 0.10416666666449653
0 0.5242187499918091 0.7906249999835286 0.06406249999899903 0.1020833333312066
0 0.40624999999365236 0.8062499999832031 0.07499999999882813 0.10833333333107639
0 0.40624999999365236 0.7552083333175998 0.07187499999887696 0.08958333333146701
0 0.26484374999586185 0.7552083333175998 0.07031249999890136 0.09791666666462673
0 0.3023437499952759 0.7343749999847005 0.04218749999934082 0.07291666666514757
0 0.3242187499949341 0.7864583333169488 0.029687499999536134 0.056249999998828126
0 0.35781249999440917 0.7958333333167534 0.037499999999414065 0.06666666666527778
0 0.18749999999707032 0.780208333317079 0.09062499999858399 0.13958333333042536
0 0.08593749999865723 0.7447916666511502 0.06874999999892578 0.15208333333016494
0 0.03046874999952393 0.6479166666531684 0.057812499999096684 0.35833333332586803
