0 0.053999999998919995 0.22222222221554885 0.02399999999952 0.03603603603495387
0 0.19199999999616 0.19519519518933345 0.019999999999599997 0.03603603603495387
0 0.2049999999959 0.21921921921263604 0.025999999999479998 0.04204204204077951
0 0.2599999999948 0.27177177176361045 0.099999999998 0.1711711711660309
0 0.37899999999242 0.3858858858742977 0.12599999999748 0.23723723723011297
0 0.32999999999339996 0.2552552552475899 0.04399999999912 0.08408408408155903
0 0.35999999999279997 0.22972972972283093 0.04799999999904 0.07507507507282056
0 0.3099999999938 0.19069069068496422 0.02799999999944 0.04504504504369234
0 0.43199999999135996 0.21921921921263604 0.06399999999872 0.10810810810486161
0 0.46299999999074 0.1981981981922463 0.025999999999479998 0.04804804804660516
0 0.49499999999009997 0.2132132132068104 0.0299999999994 0.05405405405243081
0 0.53299999998934 0.21621621620972323 0.0299999999994 0.060060060058256454
0 0.56399999998872 0.20420420419807192 0.03199999999936 0.04804804804660516
0 0.59599999998808 0.20870870870244115 0.03599999999928 0.06306306306116927
0 0.5899999999882 0.40540540539323106 0.099999999998 0.1741741741689437
0 0.76199999998476 0.5465465465301337 0.1199999999976 0.186186186180595
0 0.6539999999869199 0.1876876876820514 0.06799999999864 0.12312312311942572
0 0.73399999998532 0.23723723723011297 0.03599999999928 0.0660660660640821
0 0.69899999998602 0.23123123122428732 0.037999999999239996 0.04804804804660516
0 0.8299999999834 0.19219219218642064 0.07599999999847999 0.12612612612233853
