0 0.23965517240966114 0.6197674418460518 0.12068965517033294 0.1558139534847485
0 0.3155172413738704 0.5604651162660357 0.06551724137818074 0.09767441860237966
0 0.038793103447607016 0.5302325581272038 0.0672413793091855 0.09302325581179015
0 0.08103448275722355 0.4918604651048404 0.04482758620612366 0.07209302325413737
0 0.14396551723889714 0.46395348836130335 0.03620689655109988 0.05348837209177933
0 0.18189655172100178 0.45465116278012435 0.03620689655109988 0.04883720930118983
0 0.2129310344790874 0.4895348837095457 0.05344827586114745 0.07674418604472687
0 0.22586206896162309 0.4569767441754191 0.04137931034411415 0.04418604651060032
0 0.2879310344777943 0.4825581395236614 0.04137931034411415 0.06279069767295835
0 0.3068965517188466 0.45813953487306647 0.031034482758085614 0.046511627905895074
0 0.33879310344243463 0.4790697674307193 0.03275862068909037 0.03720930232471606
0 0.3870689655105678 0.5232558139413196 0.05344827586114745 0.08837209302120064
0 0.4181034482686534 0.5023255813836668 0.03275862068909037 0.05116279069648458
0 0.45603448275075803 0.561627906963683 0.07413793103320453 0.10465116278826392
0 0.4801724137848246 0.4976744185930773 0.039655172413109396 0.0604651162776636
0 0.5120689655084126 0.5034883720813141 0.04137931034411415 0.05348837209177933
0 0.531034482749465 0.4732558139424824 0.0275862068960761 0.04883720930118983
0 0.5810344827486029 0.4976744185930773 0.03448275862009512 0.0604651162776636
0 0.6068965517136742 0.47790697673307186 0.031034482758085614 0.05348837209177933
0 0.6258620689547265 0.3813953488283396 0.03448275862009512 0.05116279069648458
0 0.8586206896403686 0.4930232558024878 0.04482758620612366 0.0651162790682531
0 0.973275862052185 0.5534883720801513 0.04310344827511891 0.08837209302120064
