0 0.1279840848789392 0.9097744360674243 0.09946949601990093 0.17042606515863595
0 0.07824933686898873 0.8020050125112279 0.07161803713432867 0.12531328320487936
0 0.0961538461525709 0.4824561403387856 0.03315649867330031 0.06766917293063486
0 0.1604774535787735 0.5401002506130301 0.03448275862023232 0.06265664160243968
0 0.23010610079270416 0.4949874686592735 0.03315649867330031 0.06766917293063486
0 0.30106100795356683 0.5037593984836151 0.031830238726368296 0.07017543859473245
0 0.36737400530016745 0.47994987467468797 0.031830238726368296 0.07268170425883004
0 0.43435013262023403 0.4774436090105904 0.035809018567164334 0.07268170425883004
0 0.5238726790381449 0.5150375939720542 0.029177718832504272 0.06766917293063486
0 0.5908488063582116 0.5137844611400054 0.030503978779436284 0.0601503759383421
0 0.5563660477379792 0.7794486215343497 0.0755968169751247 0.1553884711740504
0 0.5775862068888914 0.6654135338179095 0.03846153846102836 0.06766917293063486
0 0.6598143235986762 0.5012531328195174 0.03315649867330031 0.0601503759383421
0 0.7334217506534029 0.47994987467468797 0.03713527851409635 0.07268170425883004
0 0.7161803713432867 0.7330827067485444 0.06366047745273659 0.14786967418175764
0 0.8189655172305177 0.4962406014913223 0.035809018567164334 0.0802005012511228
0 0.8859416445505843 0.5288220551245909 0.031830238726368296 0.06516290726653727
