0 0.08064516128902185 0.46205357140794406 0.06451612903121748 0.2008928571338887
0 0.17580645161006764 0.5312499999762835 0.05483870967653486 0.16071428570711097
0 0.2637096774151015 0.5558035714037588 0.0435483870960718 0.16517857142119738
0 0.33145161289787983 0.8616071428186783 0.06290322580543704 0.1964285714198023
0 0.4774193548310094 0.8861607142461536 0.06774193548277836 0.22767857141840722
0 0.6467741935379553 0.9084821428165857 0.06774193548277836 0.18303571427754306
0 0.3435483870912331 0.6093749999727958 0.06129032257965661 0.14732142856485173
0 0.41532258063846256 0.6316964285432278 0.0435483870960718 0.15624999999302455
0 0.48145161289546046 0.5937499999734933 0.05322580645075442 0.15178571427893814
0 0.5556451612813605 0.569196428546018 0.046774193547632674 0.15624999999302455
0 0.6443548386992846 0.5736607142601045 0.0564516129023153 0.16517857142119738
0 0.7249999999883064 0.5937499999734933 0.05322580645075442 0.15178571427893814
0 0.8217741935351327 0.5892857142594069 0.04999999999919355 0.16964285713528382
0 0.941129032242885 0.5602678571178452 0.059677419353876174 0.17410714284937023
