0 0.9616666666506388 0.724999999981875 0.059999999999 0.09499999999762501
0 0.9399999999843334 0.674999999983125 0.04666666666588889 0.07499999999812501
0 0.9783333333170278 0.6462499999838438 0.0299999999995 0.047499999998812506
0 0.899999999985 0.654999999983625 0.03333333333277778 0.054999999998625
0 0.9208333333179861 0.6287499999842813 0.02833333333286111 0.0424999999989375
0 0.817499999986375 0.6824999999829375 0.048333333332527775 0.07499999999812501
0 0.779999999987 0.6224999999844375 0.019999999999666666 0.039999999999
0 0.8349999999860833 0.6237499999844063 0.019999999999666666 0.0324999999991875
0 0.7191666666546805 0.6612499999834688 0.038333333332694446 0.05749999999856251
0 0.7474999999875417 0.654999999983625 0.02833333333286111 0.04999999999875
0 0.697499999988375 0.62999999998425 0.02833333333286111 0.044999999998875
0 0.6658333333222362 0.6387499999840313 0.034999999999416664 0.0524999999986875
0 0.6424999999892916 0.6599999999835 0.038333333332694446 0.04999999999875
0 0.6133333333231111 0.6149999999846251 0.026666666666222222 0.044999999998875
0 0.5833333333236111 0.6187499999845313 0.01666666666638889 0.0274999999993125
0 0.5691666666571805 0.6062499999848437 0.01833333333302778 0.0274999999993125
0 0.5466666666575556 0.6237499999844063 0.026666666666222222 0.037499999999062505
0 0.5358333333244027 0.6049999999848751 0.01833333333302778 0.02999999999925
0 0.52499999999125 0.6762499999830938 0.03999999999933333 0.07749999999806251
0 0.5583333333240278 0.8537499999786563 0.09666666666505555 0.1624999999959375
0 0.44749999999254164 0.7287499999817812 0.061666666665638886 0.0924999999976875
0 0.43166666665947223 0.6762499999830938 0.04333333333261111 0.0524999999986875
0 0.48833333332519446 0.6462499999838438 0.026666666666222222 0.0424999999989375
0 0.4824999999919583 0.6137499999846563 0.021666666666305553 0.0274999999993125
0 0.2908333333284861 0.8262499999793438 0.08499999999858333 0.1124999999971875
0 0.31749999999470835 0.6587499999835312 0.034999999999416664 0.0624999999984375
0 0.3866666666602222 0.6462499999838438 0.026666666666222222 0.0424999999989375
0 0.3866666666602222 0.6074999999848125 0.019999999999666666 0.02999999999925
0 0.34666666666088886 0.6049999999848751 0.019999999999666666 0.034999999999125
0 0.32499999999458334 0.6099999999847501 0.023333333332944444 0.034999999999125
0 0.2983333333283611 0.6137499999846563 0.019999999999666666 0.0324999999991875
0 0.2799999999953333 0.6087499999847813 0.01666666666638889 0.0274999999993125
0 0.2383333333293611 0.6612499999834688 0.0299999999995 0.05749999999856251
0 0.17916666666368056 0.6287499999842813 0.034999999999416664 0.0524999999986875
0 0.12333333333127777 0.724999999981875 0.053333333332444444 0.084999999997875
0 0.08249999999862499 0.6974999999825625 0.03166666666613889 0.06999999999825
0 0.11333333333144444 0.6512499999837188 0.03333333333277778 0.047499999998812506
0 0.04666666666588889 0.6637499999834063 0.026666666666222222 0.0524999999986875
0 0.015833333333069445 0.6199999999845001 0.024999999999583335 0.044999999998875
0 0.007499999999875 0.564999999985875 0.011666666666472222 0.034999999999125
0 0.142499999997625 0.6049999999848751 0.01499999999975 0.024999999999375
0 0.21833333332969443 0.6199999999845001 0.019999999999666666 0.039999999999
0 0.23166666666280555 0.5999999999850001 0.01666666666638889 0.0199999999995
0 0.24499999999591665 0.5974999999850625 0.01666666666638889 0.024999999999375
0 0.11666666666472222 0.6062499999848437 0.013333333333111111 0.037499999999062505
0 0.07916666666534722 0.6012499999849688 0.021666666666305553 0.0274999999993125
0 0.45333333332577774 0.6074999999848125 0.013333333333111111 0.02999999999925
0 0.43083333332615276 0.6074999999848125 0.011666666666472222 0.0199999999995
