0 0.03899999999922 0.7912912912675287 0.0699999999986 0.16516516516020524
0 0.03599999999928 0.6771771771568414 0.06799999999864 0.135135135131077
0 0.16999999999659998 0.711711711690339 0.09599999999808 0.15015015014564112
0 0.18899999999622 0.4444444444310977 0.07799999999844 0.1321321321281642
0 0.31599999999368 0.7492492492267492 0.07999999999839999 0.12912912912525137
0 0.3749999999925 0.8363363363112211 0.09799999999804 0.16516516516020524
0 0.38199999999236 0.7027027026816005 0.08399999999832 0.15015015014564112
0 0.56099999998878 0.2642642642563284 0.12199999999755999 0.21621621620972323
0 0.7269999999854599 0.49999999998498496 0.08199999999836 0.14114114113690265
0 0.90099999998198 0.4684684684544003 0.08599999999828 0.15015015014564112
