0 0.11921296296250304 0.5439049586748765 0.03240740740728238 0.05371900826418534
0 0.28607253086309387 0.6064049586745537 0.05902777777755005 0.10020661156973035
0 0.3344907407394503 0.6020144628068078 0.050154320987460824 0.08109504132189517
0 0.41917438271443225 0.6299070247901348 0.08757716049348929 0.12861570247867452
0 0.5387731481460696 0.7236570247896505 0.09837962962925008 0.15392561983391567
0 0.4429012345661925 0.5800619834680782 0.04166666666650592 0.06818181818146601
0 0.5312499999979504 0.5989152892531048 0.04552469135784906 0.07696280991695784
0 0.5252700617263686 0.5604338842946259 0.05131172839486377 0.06095041322282567
0 0.5873842592569931 0.6151859504100455 0.058256172839281424 0.08884297520615267
0 0.6884645061701834 0.46022727272489555 0.08449074074041478 0.09710743801602734
0 0.8148148148116713 0.7913223140454995 0.14351851851796482 0.24896694214747436
0 0.804591049379612 0.6673553718973794 0.10378086419713048 0.1508264462802127
0 0.9699074074036655 0.6629648760296335 0.06018518518495299 0.13791322313978352
