0 0.055664062499456414 0.6953124999909465 0.06054687499940873 0.09635416666541206
0 0.022460937499780658 0.7233072916572486 0.04296874999958039 0.09505208333209568
0 0.03271484374968052 0.6471354166582405 0.05761718749943734 0.07291666666571724
0 0.42919921874580863 0.6432291666582913 0.06347656249938012 0.09114583333214654
0 0.5336914062447883 0.44205729166091073 0.06738281249934197 0.09765624999872843
0 0.48876953124522693 0.6901041666576809 0.05175781249949456 0.0937499999987793
0 0.5273437499948502 0.7122395833240593 0.06445312499937059 0.09114583333214654
0 0.573242187494402 0.7545572916568417 0.0878906249991417 0.11588541666515774
0 0.6396484374937536 0.6881510416577064 0.06445312499937059 0.09505208333209568
0 0.5883789062442542 0.6562499999914551 0.05761718749943734 0.08072916666561551
0 0.7373046874927999 0.7903645833230422 0.11914062499883653 0.15885416666459826
0 0.7661132812425185 0.6881510416577064 0.06347656249938012 0.10807291666525946
0 0.8378906249918175 0.7558593749901581 0.08398437499917985 0.15234374999801636
0 0.9394531249908258 0.6503906249915314 0.058593749999427805 0.09244791666546293
0 0.9555664062406684 0.8958333333216688 0.08886718749913217 0.19270833333082413
