0 0.3671874999986961 0.3721590909073288 0.09517045454511659 0.14583333333264284
0 0.5008877840891304 0.43016098484644816 0.0273437499999029 0.04214015151495199
0 0.5310724431799323 0.5298295454520369 0.0273437499999029 0.04640151515129545
0 0.6061789772705747 0.5123106060581804 0.026278409090815774 0.04356060606039981
0 0.18501420454479756 0.4154829545434873 0.026988636363540527 0.043087121211917205
0 0.12730823863591156 0.43276515151310246 0.06427556818158994 0.07765151515114749
0 0.018821022727205892 0.4950284090885652 0.036221590908962285 0.06770833333301275
0 0.6837713068157537 0.6124526515122517 0.05575284090889293 0.06865530302997797
0 0.66228693181583 0.5871212121184323 0.03551136363623753 0.06060606060577365
0 0.648082386361335 0.5570549242397868 0.034801136363512786 0.05634469696943019
0 0.7166193181792734 0.49266098484615223 0.03124999999988903 0.05066287878763891
0 0.7718394886336228 0.5381155303004824 0.029474431818077153 0.05445075757549976
0 0.838245738633387 0.5177556818157304 0.032315340908976156 0.058238636363360616
0 0.855291193178781 0.5887784090881214 0.050071022727094926 0.06581439393908232
0 0.85813210226968 0.7286931818147316 0.10120738636327697 0.1562499999992602
0 0.9616477272693125 0.6093749999971148 0.04829545454528304 0.08049242424204313
