0 0.1669230769205089 0.5778688524432276 0.03230769230719527 0.057377049178760194
0 0.20307692307379882 0.662568305992826 0.04923076923001184 0.10655737704626893
0 0.2092307692275503 0.829234972654939 0.07384615384501775 0.12841530054293948
0 0.3961538461477515 0.5669398906948924 0.03230769230719527 0.05191256830459256
0 0.43307692307026036 0.6051912568140658 0.03230769230719527 0.05191256830459256
0 0.45461538460839057 0.4057377049069471 0.029230769230319528 0.06830601092709547
0 0.4930769230693373 0.6284153005292783 0.044615384614698224 0.08196721311251456
0 0.378461538455716 0.9221311475157888 0.12615384615190534 0.1448087431654424
0 0.6353846153748403 0.7581967212907597 0.0615384615375148 0.12841530054293948
0 0.886923076909432 0.8210382513436876 0.08461538461408284 0.16666666666211294
0 0.8646153846020829 0.6653005464299099 0.05538461538376332 0.09016393442376602
0 0.8776923076788048 0.603825136595524 0.035384615384071005 0.07103825136417928
0 0.7984615384492545 0.542349726761138 0.02461538461500592 0.04644808743042492
0 0.7423076922962722 0.5683060109134342 0.03230769230719527 0.06010928961584401
0 0.6876923076817278 0.5969945355028143 0.03999999999938462 0.06284153005292784
0 0.6599999999898462 0.5286885245757189 0.02461538461500592 0.057377049178760194
0 0.6069230769137397 0.5751366120061439 0.029230769230319528 0.0737704918012631
0 0.543846153837787 0.5546448087280152 0.026153846153443787 0.049180327867508734
