0 0.0599999999994 0.32599999999348 0.06399999999936 0.15999999999679998
0 0.11399999999886 0.33199999999336 0.0799999999992 0.15999999999679998
0 0.22599999999774 0.32299999999354 0.0799999999992 0.18599999999628
0 0.308499999996915 0.27699999999446 0.10899999999891 0.22599999999547998
0 0.39699999999603 0.35799999999284 0.1199999999988 0.24799999999504
0 0.55699999999443 0.32599999999348 0.14799999999852 0.33599999999328
0 0.65799999999342 0.16299999999674 0.0499999999995 0.12599999999748
0 0.73199999999268 0.2049999999959 0.07199999999928 0.149999999997
0 0.873499999991265 0.3549999999929 0.23299999999767 0.57399999998852
0 0.927499999990725 0.07799999999844 0.06299999999937 0.13199999999736
0 0.81699999999183 0.04899999999902 0.03599999999964 0.07799999999844
0 0.6809999999931899 0.08199999999836 0.04199999999958 0.09599999999808
0 0.600499999993995 0.0549999999989 0.03099999999969 0.07799999999844
0 0.551499999994485 0.04399999999912 0.03099999999969 0.0599999999988
0 0.514499999994855 0.05699999999886 0.02699999999973 0.05799999999884
0 0.478499999995215 0.09699999999806 0.02699999999973 0.05799999999884
0 0.43799999999562 0.10399999999791999 0.03599999999964 0.07999999999839999
0 0.343499999996565 0.14199999999715998 0.03499999999965 0.08399999999832
0 0.3299999999967 0.11299999999773999 0.0299999999997 0.05799999999884
0 0.35899999999641 0.10699999999786 0.02599999999974 0.06199999999876
0 0.28299999999717 0.12399999999752 0.02599999999974 0.06399999999872
0 0.23799999999762 0.16699999999666 0.03799999999962 0.06599999999868
0 0.231499999997685 0.11399999999772 0.03299999999967 0.06399999999872
0 0.153499999998465 0.15899999999682 0.03699999999963 0.07399999999852
0 0.10499999999895 0.19299999999613998 0.03799999999962 0.08199999999836
0 0.0799999999992 0.17399999999652 0.03199999999968 0.06399999999872
0 0.024499999999755 0.15799999999684 0.03299999999967 0.06399999999872
