0 0.1643749999979453 0.6808333333219861 0.13124999999835937 0.18499999999691666
0 0.2237499999972031 0.59999999999 0.08249999999896875 0.11666666666472222
0 0.35624999999554685 0.6641666666555972 0.11499999999856249 0.15499999999741668
0 0.44687499999441405 0.5699999999905 0.07374999999907812 0.10999999999816666
0 0.5449999999931875 0.6249999999895833 0.09749999999878124 0.1366666666643889
0 0.5418749999932265 0.5499999999908334 0.061249999999234375 0.0899999999985
0 0.8293749999896328 0.6049999999899166 0.06874999999914062 0.12999999999783332
0 0.8731249999890859 0.5424999999909583 0.04374999999945312 0.06499999999891666
0 0.8493749999893828 0.5133333333247778 0.033749999999578124 0.04999999999916667
0 0.8968749999887891 0.5049999999915833 0.03874999999951562 0.059999999999
0 0.9093749999886328 0.4908333333251528 0.023749999999703123 0.04166666666597222
0 0.7662499999904219 0.48666666665855557 0.027499999999656247 0.04666666666588889
0 0.7443749999906952 0.5166666666580555 0.03874999999951562 0.05666666666572222
0 0.6906249999913672 0.5116666666581389 0.036249999999546874 0.053333333332444444
0 0.6531249999918359 0.4858333333252361 0.026249999999671873 0.048333333332527775
0 0.633749999992078 0.5083333333248611 0.03749999999953125 0.053333333332444444
0 0.6006249999924922 0.49749999999170835 0.031249999999609375 0.051666666665805557
0 0.5681249999928984 0.5124999999914583 0.036249999999546874 0.04499999999925
0 0.5556249999930547 0.4824999999919583 0.026249999999671873 0.04499999999925
0 0.5174999999935312 0.4691666666588472 0.02249999999971875 0.038333333332694446
0 0.5006249999937422 0.4808333333253194 0.026249999999671873 0.04499999999925
0 0.4724999999940937 0.4708333333254861 0.02249999999971875 0.034999999999416664
0 0.4643749999941953 0.5191666666580139 0.04124999999948437 0.05833333333236111
0 0.4493749999943828 0.4916666666584722 0.031249999999609375 0.04333333333261111
0 0.4356249999945547 0.4774999999920417 0.031249999999609375 0.038333333332694446
0 0.40499999999493747 0.45499999999241664 0.01999999999975 0.0299999999995
0 0.40187499999497656 0.4891666666585139 0.023749999999703123 0.038333333332694446
0 0.3549999999955625 0.4683333333255278 0.01999999999975 0.03999999999933333
0 0.3693749999953828 0.4691666666588472 0.016249999999796875 0.03166666666613889
0 0.33249999999584373 0.5258333333245694 0.052499999999343745 0.07499999999875
0 0.3624999999954687 0.539999999991 0.03749999999953125 0.06999999999883333
0 0.33624999999579686 0.4758333333254028 0.0149999999998125 0.034999999999416664
0 0.31124999999610936 0.48666666665855557 0.02249999999971875 0.03333333333277778
0 0.309999999996125 0.4616666666589722 0.0149999999998125 0.026666666666222222
0 0.2531249999968359 0.4608333333256528 0.016249999999796875 0.034999999999416664
0 0.2456249999969297 0.5108333333248194 0.036249999999546874 0.05499999999908333
0 0.22749999999715623 0.46499999999225 0.01999999999975 0.04333333333261111
0 0.20187499999747655 0.46249999999229163 0.018749999999765624 0.03166666666613889
0 0.2043749999974453 0.517499999991375 0.031249999999609375 0.061666666665638886
0 0.17624999999779686 0.5316666666578056 0.057499999999281244 0.08333333333194444
0 0.15124999999810937 0.4674999999922083 0.024999999999687498 0.04499999999925
0 0.08687499999891406 0.5241666666579305 0.05624999999929687 0.08166666666530556
0 0.09374999999882812 0.4766666666587222 0.03249999999959375 0.04666666666588889
0 0.12249999999846875 0.48833333332519446 0.027499999999656247 0.04999999999916667
0 0.1349999999983125 0.472499999992125 0.01999999999975 0.03166666666613889
0 0.07187499999910156 0.4691666666588472 0.023749999999703123 0.03166666666613889
0 0.018749999999765624 0.4824999999919583 0.03249999999959375 0.05499999999908333
0 0.028749999999640622 0.4558333333257361 0.024999999999687498 0.02833333333286111
