0 0.05454545454446281 0.5095367847272606 0.061818181817057845 0.11444141689061468
0 0.1590909090880165 0.5177111716480188 0.045454545453719006 0.09264305176859283
0 0.2245454545413719 0.5626702997121888 0.09272727272558677 0.1335149863723838
0 0.3163636363578843 0.4945504087058706 0.05818181818076033 0.0899182561283401
0 0.37181818181142146 0.5544959127914306 0.06727272727150413 0.1335149863723838
0 0.5063636363544297 0.7029972751852045 0.10363636363447933 0.1961852860981966
0 0.519090909081471 0.5395095367700407 0.07090909090780165 0.1253405994516256
0 0.6318181818066941 0.5326975476694088 0.059999999998909086 0.09536784740884557
0 0.7063636363507934 0.6280653950782544 0.08181818181669422 0.1607629427749111
0 0.7790909090767437 0.5994550408556008 0.07454545454409917 0.14713896457364745
0 0.8218181818032396 0.5190735694681452 0.05454545454446281 0.08446866484783465
0 0.7145454545324628 0.5054495912668815 0.06545454545335537 0.08446866484783465
0 0.970909090891438 0.6076294277763589 0.05818181818076033 0.14713896457364745
0 0.9718181818005124 0.4495912806417005 0.034545454544826444 0.05994550408556007
0 0.9881818181638512 0.4087193460379096 0.023636363635933882 0.038147138963538225
0 0.9109090908925289 0.399182561297025 0.029090909090380163 0.04087193460379096
0 0.8963636363473387 0.43460490462031054 0.032727272726677685 0.05177111716480188
0 0.8599999999843636 0.455040871922206 0.032727272726677685 0.05994550408556007
0 0.8727272727114049 0.41280653949828866 0.029090909090380163 0.04087193460379096
0 0.8590909090752892 0.4032697547574041 0.023636363635933882 0.038147138963538225
0 0.8336363636212065 0.42370572205929957 0.023636363635933882 0.05177111716480188
0 0.8163636363487934 0.44005449590081597 0.029090909090380163 0.05722070844530734
0 0.7763636363495207 0.4482288828215742 0.032727272726677685 0.05722070844530734
0 0.7136363636233883 0.43324250680018417 0.030909090908528922 0.05994550408556007
0 0.6263636363522479 0.46185286102283785 0.045454545453719006 0.07901907356732918
0 0.6545454545335537 0.44550408718132145 0.029090909090380163 0.06811989100631827
0 0.6090909090798347 0.41280653949828866 0.029090909090380163 0.05177111716480188
0 0.5863636363529752 0.4155313351385414 0.034545454544826444 0.05722070844530734
0 0.5399999999901818 0.4318801089800578 0.032727272726677685 0.05722070844530734
0 0.4609090909007107 0.4441416893611951 0.03818181818112396 0.05994550408556007
0 0.43454545453755367 0.41416893731841503 0.021818181817785123 0.04359673024404369
0 0.3645454545388264 0.41280653949828866 0.01999999999963636 0.04087193460379096
0 0.39363636362920656 0.4114441416781623 0.01999999999963636 0.03269754768303276
0 0.37999999999309086 0.39509536783664595 0.0181818181814876 0.038147138963538225
0 0.25818181817712393 0.4305177111599314 0.032727272726677685 0.04904632152454915
0 0.24363636363193386 0.40599455039765686 0.02545454545408264 0.038147138963538225
0 0.2999999999945454 0.42234332423917326 0.021818181817785123 0.038147138963538225
0 0.3054545454489917 0.40190735693727775 0.0181818181814876 0.04087193460379096
0 0.3436363636301157 0.42234332423917326 0.029090909090380163 0.04359673024404369
0 0.3572727272662314 0.4931880108857442 0.04181818181742149 0.08174386920758192
0 0.5072727272635041 0.4005449591171514 0.0181818181814876 0.03269754768303276
0 0.6372727272611405 0.39645776565677227 0.01999999999963636 0.0354223433232855
0 0.6627272727152231 0.39100817437626684 0.023636363635933882 0.0354223433232855
0 0.6963636363509752 0.4032697547574041 0.014545454545190082 0.038147138963538225
0 0.7299999999867273 0.39645776565677227 0.016363636363338842 0.024523160762274576
0 0.7854545454402644 0.40190735693727775 0.02545454545408264 0.0354223433232855
0 0.19454545454191735 0.46457765666309053 0.05090909090816528 0.08446866484783465
0 0.17545454545135536 0.42370572205929957 0.030909090908528922 0.0626702997258128
0 0.13090909090671074 0.43324250680018417 0.032727272726677685 0.04904632152454915
0 0.13909090908838015 0.41280653949828866 0.027272727272231404 0.05177111716480188
0 0.09636363636188429 0.4468664850014478 0.029090909090380163 0.04904632152454915
0 0.09090909090743801 0.4196185285989205 0.029090909090380163 0.04904632152454915
0 0.020909090908710744 0.4468664850014478 0.027272727272231404 0.04359673024404369
0 0.03909090909019834 0.4264305176995523 0.027272727272231404 0.04087193460379096
