0 0.1343749999983203 0.4066666666598889 0.04624999999942187 0.06999999999883333
0 0.4581249999942734 0.5241666666579305 0.03874999999951562 0.05833333333236111
0 0.47687499999403904 0.5449999999909166 0.036249999999546874 0.059999999999
0 0.49749999999378125 0.5583333333240278 0.0399999999995 0.06999999999883333
0 0.556874999993039 0.5241666666579305 0.031249999999609375 0.051666666665805557
0 0.573124999992836 0.5624999999906249 0.036249999999546874 0.06833333333219445
0 0.586874999992664 0.5149999999914167 0.023749999999703123 0.04999999999916667
0 0.6074999999924062 0.5149999999914167 0.024999999999687498 0.053333333332444444
0 0.626874999992164 0.517499999991375 0.023749999999703123 0.048333333332527775
0 0.6487499999918906 0.5783333333236944 0.0399999999995 0.07666666666538889
0 0.6756249999915547 0.5724999999904583 0.04374999999945312 0.08833333333186111
0 0.7231249999909609 0.5449999999909166 0.036249999999546874 0.06999999999883333
0 0.7731249999903359 0.5499999999908334 0.04624999999942187 0.07666666666538889
0 0.8443749999894453 0.5491666666575139 0.06874999999914062 0.09499999999841667
0 0.9199999999884999 0.5074999999915416 0.057499999999281244 0.07833333333202777
0 0.9712499999878593 0.5349999999910833 0.049999999999374996 0.10333333333161111
0 0.9212499999884843 0.4558333333257361 0.029999999999625 0.04166666666597222
0 0.9562499999880468 0.42916666665951386 0.03249999999959375 0.04499999999925
0 0.97999999998775 0.43999999999266665 0.027499999999656247 0.04999999999916667
0 0.8612499999892343 0.44583333332590275 0.027499999999656247 0.04499999999925
0 0.8518749999893516 0.4833333333252778 0.028749999999640622 0.04666666666588889
0 0.8024999999899687 0.49999999999166667 0.03749999999953125 0.053333333332444444
0 0.7787499999902656 0.5066666666582222 0.027499999999656247 0.04666666666588889
0 0.7424999999907187 0.4833333333252778 0.029999999999625 0.04666666666588889
0 0.7237499999909531 0.4933333333251111 0.03749999999953125 0.05666666666572222
0 0.6987499999912656 0.49999999999166667 0.027499999999656247 0.04999999999916667
0 0.6681249999916484 0.5108333333248194 0.033749999999578124 0.051666666665805557
0 0.6506249999918672 0.5141666666580972 0.023749999999703123 0.05833333333236111
