0 0.02472527472482188 0.5849582172539008 0.03846153846083404 0.07799442896718678
0 0.06868131868006079 0.5501392757506924 0.04578754578670719 0.07520891364693011
0 0.09432234432061681 0.6448467966394192 0.07142857142726322 0.08635097492795679
0 0.10531135530942654 0.5988857938551841 0.06776556776432664 0.08913649024821346
0 0.2362637362594091 0.532033426169024 0.04029304029230232 0.055710306405133414
0 0.23717948717514326 0.5710306406526175 0.03846153846083404 0.0668523676861601
0 0.27106227105730657 0.5863509749140292 0.04761904761817548 0.10863509749001016
0 0.31684981684401375 0.5877437325741575 0.06959706959579492 0.11142061281026683
0 0.38186813186113794 0.6657381615413442 0.10073260073075582 0.13927576601283354
0 0.42490842490064273 0.8300835654364879 0.16849816849508245 0.23955431754207368
0 0.3553113553048478 0.4178272980385006 0.04761904761817548 0.08356545960770012
0 0.45695970695133775 0.4373259052802973 0.04945054944964376 0.0668523676861601
0 0.5210622710527278 0.5125348189272274 0.03846153846083404 0.0668523676861601
0 0.554029304019157 0.5766016712931308 0.06043956043845349 0.10584958216975349
0 0.566849816839435 0.5139275765873558 0.03846153846083404 0.058495821725390085
0 0.6108058607946739 0.5682451253323608 0.05311355311258034 0.0947075208887268
0 0.6300366300250909 0.8036211698940495 0.19047619047270192 0.29805013926746377
0 0.6401098900981665 0.5139275765873558 0.04212454212377061 0.07520891364693011
0 0.6675824175701909 0.49999999998607236 0.03479853479789746 0.06406685236590343
0 0.694139194126481 0.5069637882867141 0.04029304029230232 0.0668523676861601
0 0.7554945054806687 0.5445682451101791 0.04945054944964376 0.08635097492795679
0 0.7902930402785661 0.5153203342474841 0.04212454212377061 0.061281337045646755
0 0.7912087911943002 0.6545961002603176 0.09157509157341438 0.16713091921540024
0 0.8195970695820587 0.5849582172539008 0.06776556776432664 0.1337047353723202
0 0.8827838827677146 0.7534818941294295 0.12454212453984356 0.21448467965976364
0 0.8928571428407902 0.5055710306265857 0.03479853479789746 0.06406685236590343
0 0.9221611721442828 0.5027855153063291 0.03846153846083404 0.06963788300641677
0 0.96794871793099 0.5194986072278691 0.03846153846083404 0.08077994428744345
0 0.9853479853299387 0.5153203342474841 0.0293040293034926 0.07799442896718678
0 0.9652014651837876 0.46935933146324904 0.03663003662936575 0.06406685236590343
