0 0.8734374999863526 0.44150417826068233 0.04999999999921875 0.10306406684949682
0 0.5718749999910645 0.5779944289532591 0.04687499999926758 0.09192200556847013
0 0.5109374999920167 0.5445682451101791 0.0562499999991211 0.10863509749001016
0 0.4140624999935303 0.5821727019336442 0.06249999999902344 0.11142061281026683
0 0.4218749999934082 0.5278551531886391 0.053124999999169926 0.09749303620898347
0 0.3265624999948975 0.5947075208747992 0.06249999999902344 0.11977715877103684
0 0.3445312499946167 0.5487465180905642 0.045312499999291996 0.0947075208887268
0 0.25078124999608153 0.5515320334108208 0.05468749999914551 0.0947075208887268
0 0.27343749999572753 0.5473537604304358 0.037499999999414065 0.10306406684949682
0 0.19609374999693605 0.5278551531886391 0.04843749999924317 0.10306406684949682
0 0.14921874999766846 0.5961002785349275 0.05468749999914551 0.10027855152924015
0 0.13671874999786376 0.5208913648879974 0.04843749999924317 0.08356545960770012
0 0.08359374999869386 0.6587743732407026 0.07031249999890136 0.13649025069257686
0 0.08906249999860841 0.5529247910709492 0.05937499999907227 0.10306406684949682
0 0.022656249999645998 0.6671309192014726 0.04218749999934082 0.1532033426141169
0 0.011718749999816895 0.5306406685088958 0.02031249999968262 0.10863509749001016
0 0.024999999999609376 0.5125348189272274 0.037499999999414065 0.0947075208887268
