0 0.038333333332694446 0.6466165413371775 0.06999999999883333 0.14536340851766008
0 0.12083333333131945 0.7017543859473244 0.09166666666513888 0.1403508771894649
0 0.10749999999820833 0.57142857141425 0.061666666665638886 0.10526315789209867
0 0.239999999996 0.6177944862000553 0.06999999999883333 0.12781954886897695
0 0.31249999999479167 0.6278195488564456 0.08166666666530556 0.12280701754078178
0 0.34749999999420833 0.5401002506130301 0.07166666666547222 0.10275689222800108
0 0.4599999999923333 0.5751879699103963 0.08333333333194444 0.1177944862125866
0 0.4733333333254444 0.7706766917100081 0.12333333333127777 0.20802005012009975
0 0.6558333333224028 0.6165413533680065 0.10499999999825 0.16541353383044077
0 0.7791666666536805 0.8859649122584972 0.18833333333019445 0.2180451127764901
0 0.7933333333201111 0.5914786967270306 0.09333333333177778 0.13533834586126972
0 0.8833333333186111 0.5451127819412253 0.08666666666522221 0.12280701754078178
0 0.9583333333173611 0.6766917293063486 0.08333333333194444 0.1604010025022456
0 0.5958333333234027 0.2957393483635153 0.06499999999891666 0.10025062656390349
