0 0.5908333333234861 0.824999999979375 0.08833333333186111 0.14999999999625002
0 0.5974999999900417 0.6824999999829375 0.06499999999891666 0.11499999999712501
0 0.6324999999894583 0.5924999999851875 0.04499999999925 0.06999999999825
0 0.6549999999890833 0.5474999999863125 0.03999999999933333 0.079999999998
0 0.5641666666572639 0.5387499999865313 0.03166666666613889 0.05749999999856251
0 0.532499999991125 0.5887499999852813 0.038333333332694446 0.0624999999984375
0 0.5349999999910833 0.5562499999860938 0.03333333333277778 0.0524999999986875
0 0.45333333332577774 0.6562499999835938 0.06666666666555555 0.1124999999971875
0 0.46249999999229163 0.6162499999845937 0.04166666666597222 0.06749999999831251
0 0.42916666665951386 0.43624999998909375 0.01833333333302778 0.037499999999062505
0 0.3699999999938333 0.439999999989 0.023333333332944444 0.039999999999
0 0.41166666665980556 0.5274999999868125 0.026666666666222222 0.039999999999
0 0.34583333332756944 0.5374999999865625 0.034999999999416664 0.054999999998625
0 0.31083333332815277 0.5562499999860938 0.034999999999416664 0.0524999999986875
0 0.2824999999952917 0.564999999985875 0.04499999999925 0.079999999998
0 0.232499999996125 0.5512499999862188 0.03166666666613889 0.0524999999986875
0 0.21583333332973612 0.5737499999856562 0.038333333332694446 0.0524999999986875
0 0.20916666666318054 0.5249999999868751 0.038333333332694446 0.04999999999875
0 0.14166666666430555 0.6387499999840313 0.06333333333227778 0.0824999999979375
0 0.12833333333119445 0.5712499999857188 0.03999999999933333 0.05749999999856251
0 0.1499999999975 0.5562499999860938 0.03333333333277778 0.0524999999986875
0 0.07333333333211112 0.5424999999864375 0.03333333333277778 0.044999999998875
0 0.022499999999625 0.5837499999854063 0.034999999999416664 0.0624999999984375
0 0.25749999999570833 0.8774999999780625 0.1183333333313611 0.19499999999512502
0 0.8116666666531389 0.5387499999865313 0.0299999999995 0.0624999999984375
0 0.8374999999860416 0.5399999999865001 0.038333333332694446 0.06999999999825
0 0.9174999999847083 0.6424999999839376 0.05499999999908333 0.10999999999725
0 0.9566666666507222 0.6562499999835938 0.06333333333227778 0.10749999999731251
0 0.9766666666503889 0.5987499999850313 0.04333333333261111 0.07749999999806251
