0 0.2006172839502303 0.8181423611087438 0.0814043209874973 0.10734953703672642
0 0.3505015432092004 0.5938946759242075 0.061342592592474265 0.11371527777744875
0 0.38281249999926154 0.892071759256678 0.07928240740725447 0.1290509259255525
0 0.4076967592584728 0.7912326388865994 0.06809413580233778 0.10561342592562034
0 0.6050347222210551 0.8971354166640708 0.09085648148130622 0.1559606481476969
0 0.630883487653104 0.8541666666641952 0.08622685185168552 0.14467592592550732
0 0.5947145061716923 0.7829861111088455 0.06481481481468979 0.0931712962960267
0 0.7387152777763528 0.8010706018495339 0.05922067901223144 0.1148726851848528
0 0.7937885802453823 0.831018518516114 0.06481481481468979 0.13541666666627483
0 0.8403742283934407 0.8961226851825923 0.06539351851839237 0.17881944444392703
0 0.91927083333156 0.8749999999974682 0.12673611111086663 0.20659722222162444
