0 0.15666666666405554 0.8195488721599111 0.10999999999816666 0.1553884711740504
0 0.3433333333276111 0.5927318295590794 0.06999999999883333 0.11278195488439144
0 0.35916666666068053 0.4937343358272247 0.048333333332527775 0.07017543859473245
0 0.367499999993875 0.4360902255529802 0.04166666666597222 0.0601503759383421
0 0.2816666666619722 0.4699248120182976 0.04999999999916667 0.06766917293063486
0 0.25583333332906943 0.5112781954759078 0.05499999999908333 0.0802005012511228
0 0.20833333332986112 0.4573934836978097 0.06999999999883333 0.10776942355619626
0 0.10833333333152778 0.5225563909643469 0.07666666666538889 0.11278195488439144
0 0.08416666666526389 0.44987468670551695 0.06833333333219445 0.0776942355870252
0 0.25583333332906943 0.4223057644004435 0.038333333332694446 0.052631578946049334
0 0.2708333333288194 0.38345864660693085 0.034999999999416664 0.055137844610146924
0 0.34416666666093054 0.3796992481107845 0.02833333333286111 0.05764411027424451
0 0.4333333333261111 0.4035087719197116 0.03666666666605556 0.055137844610146924
0 0.4108333333264861 0.39097744359922365 0.024999999999583335 0.050125313281951744
0 0.6049999999899166 0.4047619047517604 0.03333333333277778 0.04761904761785416
0 0.6391666666560138 0.4122807017440531 0.034999999999416664 0.06265664160243968
0 0.6599999999889999 0.44987468670551695 0.04666666666588889 0.06766917293063486
0 0.6541666666557638 0.3809523809428333 0.03166666666613889 0.055137844610146924
0 0.6916666666551389 0.4047619047517604 0.03666666666605556 0.06265664160243968
0 0.7299999999878333 0.42481203006454105 0.04333333333261111 0.06265664160243968
0 0.7333333333211111 0.3796992481107845 0.03333333333277778 0.052631578946049334
0 0.7566666666540556 0.40225563908766276 0.03666666666605556 0.06265664160243968
0 0.7241666666545972 0.5137844611400054 0.06499999999891666 0.10526315789209867
0 0.7866666666535556 0.6115288220398113 0.06666666666555555 0.11027568922029385
0 0.8091666666531805 0.48746867166698077 0.06499999999891666 0.08771929824341555
0 0.8133333333197778 0.4110275689120043 0.059999999999 0.09022556390751314
0 0.8983333333183611 0.47994987467468797 0.06333333333227778 0.09273182957161073
0 0.9633333333172778 0.5789473684065427 0.07333333333211112 0.11528822054848901
0 0.9533333333174444 0.8270676691522039 0.0899999999985 0.17042606515863595
0 0.5233333333246111 0.21177944861624615 0.03999999999933333 0.06265664160243968
