0 0.18399999999632 0.38256227756645683 0.06399999999872 0.10320284697141627
0 0.26699999999466 0.3665480426915819 0.053999999998919995 0.11387900355466622
0 0.32599999999348 0.3380782918029153 0.051999999998959996 0.08540925266599966
0 0.38199999999236 0.33274021351129035 0.06399999999872 0.10320284697141627
0 0.46399999999072 0.32028469749749877 0.07999999999839999 0.1281138789989995
0 0.5419999999891599 0.28113879002558223 0.05599999999888 0.1281138789989995
0 0.59299999998814 0.3007117437615405 0.04599999999908 0.12455516013791618
0 0.63099999998738 0.29893238433099883 0.037999999999239996 0.09964412811033295
0 0.76199999998476 0.3274021352196654 0.06799999999864 0.1637010676098327
0 0.8149999999837 0.3469750889556236 0.04599999999908 0.09608540924924963
0 0.7259999999854799 0.2686832740117906 0.051999999998959996 0.11743772241574954
