0 0.15434782608471959 0.7069632495027667 0.15217391304127284 0.20696324951243783
0 0.2942028985464608 0.5899419729092854 0.08115942028867884 0.12765957446561588
0 0.5355072463690506 0.7369439071424189 0.16376811593965554 0.2437137330707212
0 0.6449275362225373 0.569632495153392 0.14202898550518797 0.21470019341944485
0 0.24855072463407898 0.3694390715595853 0.05362318840501995 0.08897485493058076
0 0.2905797101407162 0.34526112185018837 0.027536231883658894 0.04061895551178687
0 0.3130434782563327 0.44003868471102436 0.03478260869514808 0.06769825918631145
0 0.3427536231834383 0.4381044487342726 0.036231884057445915 0.05609284332580091
0 0.39057971013926696 0.4439071566645279 0.04202898550663726 0.05609284332580091
0 0.372463768110544 0.41489361701325156 0.03478260869514808 0.04835589941879389
0 0.42173913042867045 0.41586073500162746 0.023188405796765385 0.046421663442042134
0 0.44202898550084013 0.40135396517598926 0.023188405796765385 0.04448742746529038
0 0.5065217391230938 0.411025145059748 0.03043478260825457 0.04835589941879389
0 0.5253623188329658 0.35493230173394713 0.027536231883658894 0.04061895551178687
0 0.5347826086879017 0.41586073500162746 0.02898550724595673 0.04255319148853862
0 0.5652173912961562 0.3520309477688195 0.02608695652136106 0.03868471953503511
0 0.5920289854986662 0.3346228239780537 0.03333333333285024 0.046421663442042134
0 0.6362318840487503 0.3858800773619752 0.03478260869514808 0.04835589941879389
0 0.6355072463676014 0.4255319148853862 0.04492753623123293 0.050290135395545645
0 0.7333333333227053 0.3646034816177059 0.043478260868935095 0.06769825918631145
0 0.8398550724515963 0.4603481624669178 0.0594202898542113 0.08510638297707725
0 0.9101449275230413 0.4613152804552937 0.049275362318126445 0.087040618953829
0 0.869565217378702 0.3926499032806064 0.02608695652136106 0.046421663442042134
0 0.807246376799895 0.39361702126898224 0.04057971014433942 0.06382978723280794
