0 0.27111111110809877 0.5574999999907083 0.16666666666481483 0.30833333332819446
0 0.20166666666442595 0.31416666666143056 0.08777777777680247 0.15499999999741668
0 0.15277777777608026 0.2724999999954583 0.06333333333262964 0.10833333333152778
0 0.04222222222175309 0.299999999995 0.055555555554938275 0.10333333333161111
0 0.30499999999661115 0.247499999995875 0.041111111110654325 0.07833333333202777
0 0.3694444444403395 0.31083333332815277 0.07222222222141976 0.12499999999791667
0 0.3966666666622593 0.20666666666322223 0.04222222222175309 0.0899999999985
0 0.49388888888340127 0.2291666666628472 0.045555555555049386 0.09499999999841667
0 0.5394444444384506 0.3849999999935833 0.13666666666514815 0.2366666666627222
0 0.5288888888830123 0.20499999999658333 0.04666666666614815 0.06999999999883333
0 0.5816666666602037 0.22249999999629166 0.041111111110654325 0.08499999999858333
0 0.6122222222154198 0.16333333333061112 0.028888888888567905 0.059999999999
0 0.6816666666590926 0.2341666666627639 0.06333333333262964 0.11499999999808333
0 0.663333333325963 0.17499999999708332 0.051111111110543214 0.08333333333194444
0 0.7516666666583148 0.32833333332786113 0.11222222222097532 0.18999999999683334
0 0.7666666666581482 0.19583333333006944 0.055555555554938275 0.08833333333186111
0 0.8672222222125865 0.18833333333019445 0.05666666666603704 0.07999999999866667
0 0.9583333333226852 0.22749999999620832 0.08333333333240742 0.1516666666641389
0 0.9205555555453272 0.16166666666397222 0.03888888888845679 0.06999999999883333
0 0.7527777777694137 0.1516666666641389 0.03444444444406173 0.04999999999916667
