0 0.2666666666644445 0.4374999999945312 0.034999999999708334 0.0649999999991875
0 0.3420833333304827 0.5318749999933515 0.03583333333303473 0.061249999999234375
0 0.31624999999736464 0.40312499999496093 0.03416666666638195 0.06874999999914062
0 0.3687499999969271 0.4124999999948437 0.03416666666638195 0.057499999999281244
0 0.4283333333297639 0.3843749999951953 0.029999999999750004 0.05874999999926562
0 0.44958333332958683 0.42624999999467184 0.03583333333303473 0.0649999999991875
0 0.48041666666266325 0.3387499999957656 0.029166666666423615 0.06249999999921875
0 0.5370833333288577 0.3706249999953672 0.029166666666423615 0.05874999999926562
0 0.5699999999952501 0.3449999999956875 0.03166666666640278 0.054999999999312495
0 0.6066666666616112 0.3637499999954531 0.03166666666640278 0.06249999999921875
0 0.6466666666612778 0.3956249999950547 0.03666666666636111 0.05374999999932812
0 0.6912499999942396 0.36312499999546094 0.03583333333303473 0.06374999999920312
0 0.6799999999943334 0.5074999999936562 0.03666666666636111 0.07249999999909375
0 0.6045833333282952 0.4943749999938203 0.037499999999687506 0.05374999999932812
0 0.5358333333288681 0.5006249999937422 0.034999999999708334 0.04874999999939062
