0 0.05916666666568055 0.6587301587040186 0.07833333333202777 0.22222222221340387
0 0.034999999999416664 0.7678571428266723 0.06666666666555555 0.31349206347962333
0 0.11749999999804167 0.5198412698206412 0.038333333332694446 0.11111111110670194
0 0.038333333332694446 0.4722222222034832 0.03999999999933333 0.10317460317050894
0 0.07583333333206944 0.49007936505991745 0.03166666666613889 0.08333333333002645
0 0.3508333333274861 0.4583333333151455 0.038333333332694446 0.09126984126621944
0 0.3699999999938333 0.4761904761715797 0.0299999999995 0.10317460317050894
0 0.3899999999935 0.5039682539482552 0.03333333333277778 0.07936507936192995
0 0.42499999999291665 0.5238095237887377 0.04666666666588889 0.11904761904289493
0 0.4674999999922083 0.5496031745813649 0.05499999999908333 0.12301587301099143
0 0.457499999992375 0.454365079347049 0.03166666666613889 0.07539682539383345
0 0.5316666666578056 0.28373015871889956 0.0299999999995 0.08333333333002645
0 0.5099999999915 0.494047619028014 0.03333333333277778 0.09126984126621944
0 0.5749999999904166 0.5654761904537509 0.05666666666572222 0.1468253968195704
0 0.5291666666578472 0.6011904761666194 0.04499999999925 0.13095238094718442
0 0.6099999999898333 0.5436507936292202 0.04333333333261111 0.10317460317050894
0 0.5566666666573888 0.48214285712372446 0.026666666666222222 0.08333333333002645
0 0.6091666666565139 0.4841269841077727 0.034999999999416664 0.06349206348954396
0 0.6258333333229028 0.4563492063310972 0.024999999999583335 0.07936507936192995
0 0.6983333333216944 0.5694444444218474 0.05666666666572222 0.1547619047557634
0 0.6574999999890416 0.5138888888684965 0.02833333333286111 0.09920634920241245
0 0.7383333333210278 0.5456349206132685 0.04333333333261111 0.13888888888337741
0 0.7808333333203195 0.5436507936292202 0.04166666666597222 0.11904761904289493
0 0.7883333333201944 0.7480158729861898 0.119999999998 0.24206349205388636
0 0.7591666666540139 0.6865079364806941 0.07166666666547222 0.18253968253243888
0 0.8466666666525555 0.6071428571187641 0.053333333332444444 0.1587301587238599
0 0.8533333333191111 0.46031746029919374 0.03666666666605556 0.10317460317050894
0 0.9249999999845833 0.4920634920439657 0.03333333333277778 0.08730158729812294
0 0.9066666666515555 0.5079365079163517 0.026666666666222222 0.08730158729812294
0 0.9708333333171527 0.6349206348954396 0.05499999999908333 0.13492063491528092
0 0.9574999999840417 0.5297619047408825 0.048333333332527775 0.11507936507479843
