0 0.09069625407147659 0.4644607843123025 0.10036644951119633 0.15931372548970799
0 0.23595276872916135 0.46492034313583047 0.08631921824086662 0.1351102941172331
0 0.4059446254063397 0.4263174019594782 0.07939739413664618 0.14675245097994255
0 0.5733916938099076 0.3714767156851364 0.051913680781653274 0.11121323529377691
0 0.6225570032560616 0.3477328431361895 0.05048859934843142 0.11213235294083293
0 0.5887622149825148 0.5436580882336285 0.0940553745926424 0.15962009803872665
0 0.7225162866434802 0.513633578429799 0.10179153094441817 0.27481617646974627
0 0.8221701954380657 0.6694240196057922 0.2408387622144934 0.38541666666548585
0 0.785016286643353 0.3613664215675203 0.04845276872954305 0.10998774509770223
0 0.9422842019524791 0.3874080882341072 0.056799674266985345 0.09405637254873145
