0 0.412499999995875 0.2657657657617753 0.02099999999979 0.03303303303253704
0 0.157499999998425 0.3993993993934024 0.02699999999973 0.04204204204141078
0 0.10799999999892 0.4451951951885106 0.0299999999997 0.04354354354288974
0 0.101499999998985 0.40840840840227616 0.02699999999973 0.039039039038452863
0 0.040999999999589996 0.4752252252180897 0.03799999999962 0.05255255255176347
0 0.05899999999941 0.4444444444377711 0.02799999999972 0.04204204204141078
0 0.03599999999964 0.40690690690079717 0.0299999999997 0.048048048047326604
0 0.14799999999852 0.5315315315235506 0.05199999999948 0.08108108107986364
0 0.25499999999745 0.654654654644825 0.09799999999902 0.13213213213014816
0 0.429499999995705 0.8633633633503999 0.16299999999837 0.22222222221888555
0 0.455499999995445 0.5930930930841878 0.08099999999919 0.1651651651626852
0 0.4899999999951 0.5240240240161558 0.04599999999954 0.08708708708577947
0 0.513499999994865 0.4294294294229815 0.03499999999965 0.048048048047326604
0 0.5199999999948 0.3918918918860076 0.02599999999974 0.04204204204141078
0 0.469499999995305 0.3926426426367471 0.02099999999979 0.03753753753697391
0 0.451499999995485 0.45195195194516585 0.03299999999967 0.048048048047326604
0 0.42499999999575 0.47372372371661076 0.03399999999966 0.05255255255176347
0 0.444499999995555 0.4264264264200236 0.02299999999977 0.04204204204141078
0 0.405499999995945 0.41441441440819193 0.02499999999975 0.039039039038452863
0 0.36549999999634497 0.45570570569886326 0.03099999999969 0.05255255255176347
0 0.30699999999693 0.5060060059984083 0.03799999999962 0.069069069068032
0 0.33599999999664 0.5202702702624584 0.0299999999997 0.055555555554721386
0 0.261499999997385 0.5105105105028451 0.05099999999949 0.09009009008873738
0 0.25299999999746997 0.4572072072003422 0.03599999999964 0.05255255255176347
0 0.31899999999681 0.4451951951885106 0.0299999999997 0.04354354354288974
0 0.33499999999665 0.4061561561500577 0.03399999999966 0.046546546545847646
0 0.56699999999433 0.3986486486426629 0.023999999999759998 0.034534534534016
0 0.58399999999416 0.4166666666604104 0.03599999999964 0.034534534534016
0 0.58899999999411 0.447447447440729 0.0299999999997 0.039039039038452863
0 0.59799999999402 0.5045045044969293 0.0399999999996 0.069069069068032
0 0.630499999993695 0.5292792792713321 0.05699999999943 0.08558558558430052
0 0.71199999999288 0.5975975975886246 0.09399999999906 0.12312312312127442
0 0.91199999999088 0.8235735735612075 0.17599999999824 0.3138138138091019
0 0.961499999990385 0.5953453453364062 0.07699999999923 0.16066066065824833
0 0.818499999991815 0.5150150150072821 0.05499999999945 0.08408408408282156
0 0.766499999992335 0.5487987987905586 0.05299999999947 0.08558558558430052
0 0.848499999991515 0.4939939939865767 0.03299999999967 0.057057057056200344
0 0.80799999999192 0.44969969969294743 0.03799999999962 0.06156156156063721
0 0.78399999999216 0.4309309309244605 0.03199999999968 0.05105105105028452
0 0.726499999992735 0.5067567567491478 0.040999999999589996 0.07057057056951095
0 0.68699999999313 0.5142642642565426 0.04399999999956 0.06456456456359512
0 0.657499999993425 0.4654654654584765 0.02899999999971 0.04204204204141078
0 0.6494999999935049 0.43618618617963684 0.02899999999971 0.03753753753697391
0 0.645499999993545 0.397147147141184 0.02699999999973 0.04354354354288974
0 0.627499999993725 0.39114114113526816 0.01899999999981 0.028528528528100172
0 0.732499999992675 0.3753753753697391 0.02499999999975 0.039039039038452863
0 0.743499999992565 0.40690690690079717 0.02699999999973 0.036036036035494955
0 0.72399999999276 0.4279279279215026 0.0299999999997 0.04204204204141078
0 0.736499999992635 0.46696696695995543 0.03299999999967 0.04504504504436869
0 0.879499999991205 0.378378378372697 0.02899999999971 0.048048048047326604
0 0.941499999990585 0.4106606606544946 0.03099999999969 0.055555555554721386
0 0.944499999990555 0.3851351351293523 0.02499999999975 0.03753753753697391
0 0.989499999990105 0.3791291291234365 0.02099999999979 0.046546546545847646
