0 0.048333333332527775 0.6412499999839688 0.09333333333177778 0.1374999999965625
0 0.07166666666547222 0.5237499999869063 0.053333333332444444 0.07749999999806251
0 0.07583333333206944 0.6074999999848125 0.07833333333202777 0.0999999999975
0 0.202499999996625 0.5262499999868437 0.038333333332694446 0.07749999999806251
0 0.22583333332956945 0.5487499999862813 0.04499999999925 0.08749999999781251
0 0.26166666666230554 0.5474999999863125 0.059999999999 0.11499999999712501
0 0.2841666666619306 0.6287499999842813 0.09833333333169444 0.1274999999968125
0 0.2899999999951667 0.5012499999874688 0.03333333333277778 0.05749999999856251
0 0.32749999999454166 0.5387499999865313 0.04166666666597222 0.0624999999984375
0 0.3624999999939583 0.48999999998775 0.034999999999416664 0.054999999998625
0 0.3933333333267778 0.48999999998775 0.03666666666605556 0.0599999999985
0 0.40583333332656946 0.5662499999858438 0.05499999999908333 0.08749999999781251
0 0.4591666666590139 0.5924999999851875 0.06499999999891666 0.104999999997375
0 0.45083333332581943 0.5187499999870313 0.04166666666597222 0.06749999999831251
0 0.5291666666578472 0.43499999998912503 0.04499999999925 0.064999999998375
0 0.5383333333243611 0.6274999999843125 0.07999999999866667 0.1399999999965
0 0.5233333333246111 0.5624999999859376 0.059999999999 0.09499999999762501
0 0.5649999999905834 0.4962499999875938 0.0299999999995 0.047499999998812506
0 0.5949999999900834 0.5162499999870938 0.03333333333277778 0.05749999999856251
0 0.6291666666561806 0.504999999987375 0.03166666666613889 0.054999999998625
0 0.6274999999895416 0.6049999999848751 0.07166666666547222 0.09499999999762501
0 0.6516666666558055 0.7799999999805001 0.11666666666472222 0.184999999995375
0 0.748333333320861 0.6162499999845937 0.08333333333194444 0.1374999999965625
0 0.6841666666552639 0.5224999999869375 0.038333333332694446 0.06999999999825
0 0.7791666666536805 0.5562499999860938 0.048333333332527775 0.07749999999806251
0 0.877499999985375 0.5387499999865313 0.05499999999908333 0.0724999999981875
0 0.9341666666510972 0.5874999999853125 0.06499999999891666 0.09499999999762501
0 0.8549999999857499 0.7387499999815312 0.12333333333127777 0.1624999999959375
