0 0.08749999999781251 0.3421874999893066 0.16999999999575 0.309374999990332
0 0.31124999999221875 0.3703124999884277 0.1274999999968125 0.16562499999482422
0 0.38249999999043754 0.38281249998803707 0.04999999999875 0.09687499999697265
0 0.42624999998934376 0.4140624999870605 0.047499999998812506 0.0718749999977539
0 0.479999999988 0.41718749998696286 0.044999999998875 0.0718749999977539
0 0.414999999989625 0.3062499999904297 0.02999999999925 0.056249999998242185
0 0.8012499999799688 0.4156249999870117 0.037499999999062505 0.07499999999765625
0 0.8424999999789375 0.40156249998745114 0.054999999998625 0.07812499999755859
0 0.9062499999773438 0.3874999999878906 0.08749999999781251 0.12499999999609374
0 0.9724999999756876 0.4156249999870117 0.054999999998625 0.08124999999746094
