0 0.027647058823204153 0.8399999999802352 0.02470588235265052 0.051764705881134944
0 0.05058823529352249 0.75882352939391 0.02117647058798616 0.05411764705755017
0 0.10352941176348789 0.9035294117434463 0.030588235293757787 0.05647058823396539
0 0.12117647058680969 0.816470588216083 0.02588235294087197 0.061176470586795845
0 0.15999999999811765 0.7341176470415501 0.02588235294087197 0.04235294117547404
0 0.2047058823505329 0.7270588235123044 0.02117647058798616 0.0470588235283045
0 0.2047058823505329 0.8023529411575916 0.02117647058798616 0.0470588235283045
0 0.32529411764323185 0.8129411764514601 0.02470588235265052 0.05882352941038062
0 0.34470588234888583 0.7458823529236263 0.023529411764429065 0.04235294117547404
0 0.46882352940624916 0.8776470588028789 0.019999999999764706 0.04235294117547404
0 0.5523529411699724 0.9517647058599584 0.02470588235265052 0.05882352941038062
0 0.5729411764638478 0.32588235293350865 0.018823529411543253 0.05882352941038062
0 0.6499999999923529 0.2952941176401107 0.019999999999764706 0.04941176470471972
0 0.6323529411690312 0.5729411764571072 0.022352941176207612 0.06352941176321107
0 0.6923529411683252 0.7047058823363598 0.029411764705536334 0.06823529411604151
0 0.7464705882265121 0.6188235293972041 0.02470588235265052 0.061176470586795845
0 0.8170588235197993 0.6941176470424913 0.027058823529093425 0.051764705881134944
0 0.8799999999896471 0.9458823529189203 0.03999999999952941 0.09882352940943943
0 0.9623529411651488 0.8917647058613701 0.03294117647020069 0.0658823529396263
0 0.7699999999909412 0.3623529411679446 0.019999999999764706 0.061176470586795845
0 0.7517647058735086 0.33764705881558477 0.018823529411543253 0.04470588235188927
