0 0.08839779005402765 0.4151138716270163 0.06077348066214401 0.10973084885901178
0 0.1546961325945484 0.38819875775593793 0.04972375690539055 0.08488612836263176
0 0.27140883977525676 0.4285714285625555 0.11187845303712875 0.20703933746983355
0 0.3701657458512408 0.35196687369871704 0.04143646408782546 0.08281573498793342
0 0.4537292817616888 0.31573498964149616 0.04281767955741964 0.0641821946156484
0 0.4737569060708044 0.38405797100654127 0.05801104972295564 0.11387163560840845
0 0.5276243093849775 0.3343685300137812 0.14364640883779492 0.2919254658324653
0 0.7092541436366124 0.35196687369871704 0.09806629834118692 0.18219461697345352
0 0.622237569052179 0.32608695651498787 0.04005524861823128 0.07660455486383841
0 0.8100828729169878 0.3198757763908928 0.06491712707092655 0.12629399585659848
0 0.9606353591027535 0.3115942028920995 0.07872928176686837 0.283643892333672
