0 0.05666666666540741 0.39333333332022224 0.055555555554320984 0.07333333333088889
0 0.2022222222177284 0.3916666666536111 0.044444444443456785 0.05666666666477778
0 0.2422222222168395 0.3716666666542778 0.026666666666074073 0.049999999998333336
0 0.30333333332659257 0.3999999999866667 0.042222222221283946 0.059999999998
0 0.3155555555485432 0.509999999983 0.07555555555387654 0.11333333332955556
0 0.39777777776893825 0.46499999998450003 0.06666666666518518 0.09666666666344445
0 0.3788888888804691 0.39499999998683333 0.03777777777693827 0.06333333333122222
0 0.35333333332548145 0.37999999998733336 0.031111111110419754 0.03999999999866667
0 0.4622222222119506 0.38166666665394444 0.031111111110419754 0.04333333333188889
0 0.5233333333217037 0.4283333333190556 0.042222222221283946 0.06333333333122222
0 0.5477777777656049 0.5416666666486112 0.09555555555343209 0.1766666666607778
0 0.5933333333201481 0.4949999999835 0.053333333332148146 0.09666666666344445
0 0.6599999999853333 0.4599999999846667 0.03555555555476543 0.059999999998
0 0.5988888888755802 0.419999999986 0.03333333333259259 0.046666666665111114
0 0.6199999999862222 0.37666666665411114 0.026666666666074073 0.03999999999866667
0 0.6722222222072839 0.41166666665294444 0.024444444443901234 0.04333333333188889
0 0.6911111110957531 0.37999999998733336 0.022222222221728392 0.03999999999866667
0 0.7444444444279013 0.4166666666527778 0.044444444443456785 0.059999999998
0 0.7733333333161481 0.4949999999835 0.05777777777649382 0.08999999999700001
0 0.7988888888711357 0.5783333333140556 0.10888888888646914 0.1633333333278889
0 0.8588888888698024 0.46999999998433334 0.055555555554320984 0.07999999999733334
0 0.8855555555358765 0.4483333333183889 0.03777777777693827 0.05666666666477778
0 0.8933333333134814 0.41499999998616666 0.026666666666074073 0.04333333333188889
