0 0.13856907894698858 0.43667763157715184 0.050164473684073015 0.08552631578912201
0 0.08470394736818887 0.6905838815761078 0.08223684210503773 0.14268092105204488
0 0.19010416666614555 0.6340460526289718 0.06387061403491263 0.08305921052597426
0 0.23834978070110102 0.5970394736817556 0.0507127192981066 0.07894736842072801
0 0.3660910087709263 0.6792763157866806 0.07483552631558434 0.10773026315745177
0 0.3958333333322483 0.609786184208019 0.04660087719285472 0.08634868421017126
0 0.4268092105251458 0.6422697368394643 0.049342105263022636 0.08717105263122052
0 0.5058936403494905 0.6642680921025318 0.07319078947348358 0.1295230263152569
0 0.5799067982440244 0.6726973684182866 0.06661184210508056 0.11101973684164877
0 0.5719572368405375 0.6093749999974943 0.053453947368274524 0.07730263157862952
0 0.6228070175421524 0.645353618418399 0.05208333333319056 0.09333881578908988
0 0.5755208333317557 0.7652138157863272 0.08086622806995376 0.10690789473640251
0 0.6333607456122989 0.8963815789436826 0.1883223684205364 0.20723684210441104
