0 0.1796246648745409 0.319838056667213 0.04289544235809932 0.08097165991575013
0 0.22252010723264024 0.32793522265878805 0.05361930294762415 0.08097165991575013
0 0.3270777479805073 0.29149797569670044 0.0375335120633369 0.0647773279326001
0 0.36729222519122545 0.3137651821735318 0.04289544235809932 0.0688259109283876
0 0.3967828418124187 0.4170040485661132 0.05898123324238656 0.10526315789047516
0 0.47050938336540193 0.45748987852398826 0.07774798927405502 0.1295546558652002
0 0.4423592493178992 0.303643724684063 0.0375335120633369 0.04858299594945008
0 0.4986595174129046 0.30161943318616924 0.0375335120633369 0.0607287449368126
0 0.5281501340340978 0.2753036437135504 0.032171581768574486 0.05668016194102509
0 0.5576407506552912 0.3603238866250881 0.05361930294762415 0.08906882590732515
0 0.595174262718628 0.28340080970512543 0.032171581768574486 0.05668016194102509
0 0.6166219838976778 0.26923076921986916 0.026809651473812077 0.05263157894523758
0 0.6662198391242301 0.2813765182072317 0.02949061662119328 0.05263157894523758
0 0.6930294905980421 0.3380566801482568 0.040214477210718115 0.0688259109283876
0 0.6501340482399428 0.4028340080808569 0.05630026809500536 0.10121457489468766
0 0.6689008042716112 0.5161943319629071 0.07774798927405502 0.14170040485256272
0 0.8498659517198428 0.443319838038732 0.05898123324238656 0.1255060728694127
0 0.7975871313459092 0.3684210526166631 0.040214477210718115 0.08097165991575013
0 0.7707774798720971 0.319838056667213 0.02949061662119328 0.07287449392417511
0 0.8431635388513897 0.3238866396630005 0.02949061662119328 0.05668016194102509
0 0.859249329735677 0.3542510121314068 0.02949061662119328 0.0607287449368126
0 0.9088471849622294 0.41295546557032564 0.04825737265286174 0.08097165991575013
0 0.9155495978306823 0.3299595141566818 0.0348525469159557 0.0688259109283876
0 0.9785522787941408 0.35222672063351307 0.0375335120633369 0.07287449392417511
0 0.8981233243727045 0.5931174088828697 0.09115281501096105 0.1902834008020128
