0 0.11764705882122262 0.7447306791394677 0.20784313725082662 0.2622950819610704
0 0.23627450979928874 0.5081967212995738 0.135294117644406 0.16393442622566898
0 0.13333333333071895 0.3688524590077552 0.08235294117485582 0.11475409835796829
0 0.06176470588114187 0.32552693207668554 0.06470588235167243 0.07962529273818209
0 0.08235294117485582 0.2552693208371131 0.05882352941061131 0.07494145198887725
0 0.14607843136968474 0.2540983606497869 0.045098039214802 0.06323185011561518
0 0.20784313725082662 0.3161592505780759 0.06274509803798539 0.0843091334874869
0 0.2215686274466359 0.2540983606497869 0.047058823528489044 0.06323185011561518
0 0.29411764705305654 0.22248243559197933 0.047058823528489044 0.05620608899165794
0 0.30882352940570934 0.25878220139909175 0.045098039214802 0.03981264636909104
0 0.3186274509741446 0.3021077283301614 0.06470588235167243 0.0655737704902676
0 0.34019607842470206 0.36182669788379795 0.08823529411591696 0.11475409835796829
0 0.4401960784227413 0.24355971896385106 0.045098039214802 0.07962529273818209
0 0.4911764705786044 0.2540983606497869 0.052941176469550176 0.07728337236352967
0 0.5519607843029027 0.2552693208371131 0.045098039214802 0.07494145198887725
0 0.6196078431251058 0.2880562060822469 0.07450980392010766 0.0983606557354014
0 0.5529411764597463 0.3559718969471669 0.08235294117485582 0.10304449648470622
0 0.5539215686165898 0.4613583138065256 0.11176470588016148 0.15456674472705934
0 0.6862745097904652 0.5702576112278628 0.16862745097708573 0.2131147540933697
0 0.7372549019463284 0.3711943793824076 0.10196078431172625 0.14285714285379725
0 0.7392156862600154 0.19906323184545519 0.047058823528489044 0.07494145198887725
0 0.8313725490033065 0.29156908664422554 0.06666666666535948 0.1007025761100538
0 0.9147058823350058 0.2786885245836373 0.06862745097904652 0.0983606557354014
0 0.8872549019433872 0.6007025760983442 0.22549019607401 0.27400468383433246
