0 0.024545454545008262 0.14032697547301562 0.04181818181742149 0.13896457765288925
0 0.05636363636261157 0.24523160762274573 0.08363636363484298 0.14713896457364745
0 0.12636363636133882 0.16212534059503747 0.06363636363520661 0.1335149863723838
0 0.18727272726932231 0.24114441416236665 0.0872727272711405 0.1444141689333947
0 0.24999999999545452 0.17574931879630112 0.07818181818039668 0.1335149863723838
0 0.2836363636312066 0.08038147138745555 0.06909090908965289 0.10626702996985649
0 0.19272727272376858 0.0749318801069501 0.07636363636224792 0.11716621253086741
0 0.33363636363029747 0.3065395095284322 0.08545454545299173 0.171662125335922
0 0.17999999999672725 0.5463215258706725 0.1054545454526281 0.20980926429946026
0 0.05454545454446281 0.8801089918016319 0.09818181818003305 0.22888283378122937
0 0.3872727272656859 0.7493188010695009 0.15636363636079337 0.24523160762274573
0 0.5363636363538843 0.4509536784618269 0.13090909090671074 0.22615803814097662
0 0.4254545454468099 0.2084468664793339 0.06909090908965289 0.1335149863723838
0 0.4890909090820165 0.14850136239377382 0.061818181817057845 0.10626702996985649
0 0.5154545454451736 0.05994550408556007 0.059999999998909086 0.10899182561010923
0 0.5827272727166777 0.24114441416236665 0.07454545454409917 0.13896457765288925
0 0.6154545454433553 0.14850136239377382 0.08181818181669422 0.13896457765288925
0 0.7027272727144959 0.08446866484783465 0.06727272727150413 0.10354223432960376
0 0.5899999999892727 0.4155313351385414 0.06363636363520661 0.15531335149440564
0 0.712727272714314 0.5640326975323152 0.1418181818156033 0.2561307901837567
0 0.6345454545339173 0.7588555858103855 0.20727272726895865 0.22615803814097662
0 0.8599999999843636 0.8773841961613792 0.18909090908747106 0.24523160762274573
0 0.8499999999845455 0.5980926430354744 0.15454545454264462 0.22615803814097662
0 0.8036363636217521 0.470027247943596 0.10181818181633057 0.1771117166164275
0 0.7563636363498842 0.2820163487661576 0.09090909090743801 0.15531335149440564
0 0.7945454545310082 0.18664850135731204 0.06909090908965289 0.1335149863723838
0 0.8881818181656693 0.06948228882644462 0.06727272727150413 0.12806539509187834
0 0.9636363636188429 0.1798365122566802 0.0727272727259504 0.13623978201263653
0 0.951818181800876 0.4386920980806896 0.08545454545299173 0.20163487737870206
