0 0.04459064327420189 0.5276497695730956 0.0862573099402594 0.17972350230000636
0 0.08040935672397062 0.4516129032154006 0.04093567251402141 0.06451612903077152
0 0.15643274853572467 0.46313364054232403 0.035087719297732634 0.06451612903077152
0 0.1732456140325549 0.42972350229424594 0.033625730993660445 0.05760368663461742
0 0.22222222221897336 0.45622119814616996 0.035087719297732634 0.0737327188923103
0 0.2631578947329948 0.6163594469904063 0.12280701754206423 0.20046082948846863
0 0.2719298245574279 0.4470046082846312 0.029239766081443866 0.04608294930769394
0 0.3084795321592328 0.44470046081924647 0.035087719297732634 0.05990783410000212
0 0.33771929824067665 0.44470046081924647 0.02339181286515509 0.05529953916923272
0 0.35745614034565126 0.4377880184230924 0.019005847952938512 0.04147465437692454
0 0.385964912275059 0.44354838708655414 0.02631578947329948 0.04377880184230924
0 0.36330409356194 0.5322580645038649 0.057017543858815536 0.10599078340769605
0 0.43786549706962186 0.45852534561155467 0.03947368420994922 0.05990783410000212
0 0.4554093567184882 0.4493087557500159 0.0219298245610829 0.04147465437692454
0 0.46856725145513795 0.43202764975963065 0.016081871344794125 0.03456221198077045
0 0.48318713449585987 0.47004608293847816 0.042397660818093603 0.0691244239615409
0 0.5131578947293398 0.44124423962116943 0.02339181286515509 0.039170506911539844
0 0.5065789473610149 0.42165898616539954 0.016081871344794125 0.02764976958461636
0 0.5380116958985671 0.4158986175019378 0.020467836257010704 0.03456221198077045
0 0.5511695906352169 0.4354838709577077 0.017543859648866317 0.02764976958461636
0 0.5343567251383866 0.47811059906732456 0.042397660818093603 0.06682027649615621
0 0.6008771929736714 0.5011520737211715 0.05263157894659896 0.09447004608077257
0 0.5760233918044442 0.4308755760269383 0.014619883040721933 0.02764976958461636
0 0.6030701754297797 0.4285714285615536 0.016081871344794125 0.02764976958461636
0 0.6293859649030792 0.44585253455193885 0.024853801169227283 0.06221198156538681
0 0.6564327485284147 0.4758064516019399 0.04093567251402141 0.08525345621923378
0 0.673245614025245 0.42972350229424594 0.01315789473664974 0.03456221198077045
0 0.6578947368324869 0.43433179722501536 0.014619883040721933 0.02995391705000106
0 0.6929824561302196 0.45391705068078525 0.03216374268958825 0.05529953916923272
0 0.7076023391709415 0.4493087557500159 0.02339181286515509 0.05069124423846333
0 0.72660818712388 0.44124423962116943 0.020467836257010704 0.04377880184230924
0 0.7616959064216127 0.4251152073634766 0.020467836257010704 0.039170506911539844
0 0.7894736841989843 0.4262672810961689 0.014619883040721933 0.02764976958461636
0 0.8252923976487531 0.43663594469040007 0.019005847952938512 0.02995391705000106
0 0.8961988303962545 0.5207373271769414 0.0643274853791765 0.10599078340769605
0 0.8888888888758935 0.47695852533463223 0.04093567251402141 0.0737327188923103
0 0.9605263157754309 0.6705069124269468 0.07894736841989844 0.26728110598462484
