0 0.1417968749988922 0.6640624999930826 0.1789062499986023 0.2614583333306098
0 0.4718749999963135 0.6281249999934571 0.09999999999921876 0.13541666666525606
0 0.13945312499891052 0.4322916666621636 0.0914062499992859 0.13333333333194444
0 0.2402343749981232 0.2739583333304796 0.06484374999949341 0.10208333333226996
0 0.04218749999967041 0.2854166666636936 0.07656249999940186 0.20416666666453992
0 0.20078124999843142 0.14062499999853514 0.08437499999934082 0.15416666666506076
0 0.47617187499627994 0.22604166666431205 0.07109374999944458 0.12291666666538628
0 0.42890624999664917 0.333854166663189 0.04999999999960938 0.09270833333236762
0 0.7582031249940766 0.5312499999944661 0.13046874999898073 0.19374999999798176
0 0.9246093749927765 0.4078124999957519 0.09765624999923707 0.11562499999879557
0 0.8121093749936554 0.39218749999591473 0.07421874999942017 0.12812499999866536
0 0.6558593749948761 0.3927083333292426 0.061718749999517826 0.09583333333233507
0 0.687109374994632 0.28437499999703775 0.07265624999943238 0.11458333333213976
