0 0.3606249999954922 0.7324999999877917 0.11374999999857811 0.15833333333069444
0 0.2637499999967031 0.6466666666558889 0.09749999999878124 0.10999999999816666
0 0.17812499999777343 0.5666666666572222 0.07374999999907812 0.09666666666505555
0 0.07312499999908594 0.5349999999910833 0.07124999999910937 0.0899999999985
0 0.04249999999946875 0.4908333333251528 0.03749999999953125 0.05499999999908333
0 0.012499999999843749 0.5099999999915 0.02249999999971875 0.06999999999883333
0 0.19624999999754686 0.419999999993 0.024999999999687498 0.03999999999933333
0 0.24187499999697656 0.43166666665947223 0.028749999999640622 0.04666666666588889
0 0.2581249999967734 0.4524999999924583 0.023749999999703123 0.04166666666597222
0 0.3256249999959297 0.4599999999923333 0.031249999999609375 0.053333333332444444
0 0.35124999999560935 0.4641666666589305 0.029999999999625 0.051666666665805557
0 0.37687499999528906 0.4858333333252361 0.03874999999951562 0.05833333333236111
0 0.4406249999944922 0.5108333333248194 0.04874999999939062 0.06833333333219445
0 0.5093749999936328 0.5366666666577222 0.04124999999948437 0.08333333333194444
0 0.37812499999527344 0.41416666665976387 0.026249999999671873 0.034999999999416664
0 0.3624999999954687 0.41166666665980556 0.01999999999975 0.03666666666605556
0 0.43187499999460155 0.42999999999283334 0.028749999999640622 0.03999999999933333
0 0.48062499999399216 0.42833333332619444 0.031249999999609375 0.04999999999916667
0 0.48187499999397654 0.39666666666005557 0.021249999999734374 0.03666666666605556
0 0.5262499999934218 0.3941666666600972 0.02249999999971875 0.034999999999416664
0 0.5574999999930312 0.40749999999320835 0.024999999999687498 0.048333333332527775
0 0.533124999993336 0.4441666666592639 0.031249999999609375 0.038333333332694446
0 0.5974999999925312 0.45499999999241664 0.0349999999995625 0.04999999999916667
0 0.639999999992 0.5374999999910417 0.054999999999312495 0.07833333333202777
0 0.6618749999917265 0.4633333333256111 0.04124999999948437 0.06333333333227778
0 0.7249999999909374 0.42499999999291665 0.027499999999656247 0.04333333333261111
0 0.7487499999906406 0.4666666666588889 0.04249999999946875 0.05666666666572222
0 0.8143749999898203 0.42499999999291665 0.03874999999951562 0.05666666666572222
0 0.8299999999896249 0.4858333333252361 0.057499999999281244 0.07499999999875
0 0.8862499999889218 0.44166666665930554 0.04249999999946875 0.06666666666555555
0 0.9593749999880078 0.49416666665843056 0.06374999999920312 0.09166666666513888
0 0.9849999999876875 0.44749999999254164 0.029999999999625 0.051666666665805557
