0 0.11363636363429751 0.43689320387289093 0.05272727272631405 0.06796116504689415
0 0.23181818181396693 0.5242718446474691 0.05272727272631405 0.07281553397881516
0 0.3472727272664132 0.48786407765806156 0.05090909090816528 0.07766990291073617
0 0.4354545454466281 0.5084951456187259 0.06363636363520661 0.09951456310438071
0 0.5081818181725785 0.5327669902783309 0.06363636363520661 0.08980582524053869
0 0.46181818180978507 0.49514563105594306 0.03999999999927272 0.07281553397881516
0 0.5290909090812892 0.48665048542508127 0.047272727271867765 0.06067961164901263
0 0.6154545454433553 0.5121359223176666 0.045454545453719006 0.058252427183052125
0 0.6945454545328263 0.5072815533857455 0.08363636363484298 0.1407766990257093
0 0.6518181818063306 0.4830097087261405 0.030909090908528922 0.048543689319210104
0 0.7936363636219338 0.5145631067836272 0.07818181818039668 0.11165048543418324
0 0.8572727272571404 0.5424757281421729 0.06727272727150413 0.10922330096822273
0 0.8590909090752892 0.4830097087261405 0.049090909090016524 0.08252427184265718
0 0.9427272727101321 0.49514563105594306 0.06727272727150413 0.09708737863842021
0 0.9809090908912561 0.48058252426018 0.03818181818112396 0.07281553397881516
