0 0.05245535714168626 0.33531746030415405 0.02901785714220942 0.04365079364906147
0 0.07700892856970962 0.3412698412562988 0.024553571428023356 0.047619047617157975
0 0.11272321428319813 0.3253968253839128 0.02008928571383729 0.039682539680964975
0 0.17857142856744257 0.31150793649557507 0.02232142857093032 0.04365079364906147
0 0.27343749999389644 0.3313492063360576 0.024553571428023356 0.04365079364906147
0 0.309151785707385 0.3095238095115268 0.015624999999651227 0.039682539680964975
0 0.348214285706513 0.3095238095115268 0.01785714285674426 0.039682539680964975
0 0.38504464284854806 0.26190476189436884 0.04687499999895368 0.09523809523431595
0 0.4888392857033741 0.2956349206231891 0.01785714285674426 0.04365079364906147
0 0.5301339285595952 0.30753968252747854 0.04687499999895368 0.09126984126621944
0 0.5647321428445372 0.31547619046367154 0.02232142857093032 0.05158730158525447
0 0.558035714273258 0.2797619047508031 0.02232142857093032 0.04365079364906147
0 0.6383928571286073 0.3174603174477198 0.01785714285674426 0.05555555555335097
0 0.6729910714135492 0.28174603173485135 0.024553571428023356 0.05555555555335097
0 0.7087053571270377 0.2936507936391408 0.02901785714220942 0.05555555555335097
0 0.7343749999836077 0.27579365078270657 0.04017857142767458 0.07539682539383345
0 0.8526785714095383 0.2638888888784171 0.0758928571411631 0.17857142856434238
0 0.9017857142655851 0.3015873015753338 0.04464285714186064 0.11111111110670194
0 0.9620535714070969 0.2638888888784171 0.031249999999302454 0.08333333333002645
