0 0.17421874999727785 0.2811764705816194 0.3203124999949951 0.5576470588104082
0 0.3679687499942505 0.27176470587595847 0.04843749999924317 0.06823529411604151
0 0.43281249999323734 0.3588235294033218 0.024999999999609376 0.03529411764622837
0 0.4195312499934448 0.33058823528633907 0.026562499999584963 0.03999999999905882
0 0.5078124999920655 0.29882352940473356 0.021874999999658203 0.037647058822643596
0 0.5515624999913818 0.31176470587501726 0.024999999999609376 0.04941176470471972
0 0.5679687499911256 0.25529411764105187 0.02031249999968262 0.03999999999905882
0 0.6328124999901124 0.2941176470519031 0.018749999999707032 0.02352941176415225
0 0.657031249989734 0.2952941176401107 0.017187499999731445 0.03529411764622837
0 0.7124999999888673 0.23529411764152247 0.021874999999658203 0.037647058822643596
0 0.7281249999886231 0.2611764705820899 0.024999999999609376 0.037647058822643596
0 0.7765624999878663 0.24235294117076814 0.024999999999609376 0.037647058822643596
0 0.8289062499870484 0.26941176469954325 0.026562499999584963 0.03999999999905882
0 0.9421874999852784 0.39647058822596537 0.04999999999921875 0.07764705882170242
0 0.9515624999851319 0.35294117646228373 0.043749999999316405 0.0470588235283045
0 0.9367187499853639 0.30823529411039446 0.02343749999963379 0.04235294117547404
0 0.9664062499849 0.2835294117580346 0.017187499999731445 0.03999999999905882
0 0.9179687499856568 0.28235294116982695 0.02031249999968262 0.03294117646981315
0 0.8937499999860352 0.27764705881699653 0.01562499999975586 0.028235294116982695
