0 0.10279667422446866 0.7739393939300128 0.06651549508642089 0.11030303030169329
0 0.22146636432183323 0.8636363636258952 0.09674981103479403 0.15636363636174103
0 0.2947845804966381 0.7739393939300128 0.08465608465544477 0.13939393939224975
0 0.33597883597629646 0.8290909090808595 0.0718065003773862 0.11636363636222588
0 0.3303099017359765 0.6303030302953903 0.0559334845044903 0.09454545454430853
0 0.4720332577439756 0.2278787878760257 0.04459561602385038 0.0921212121200955
0 0.4111866968978746 0.7187878787791662 0.06500377928900224 0.10666666666537374
0 0.43235071806173586 0.8648484848380018 0.09070294784511941 0.1296969696953976
0 0.4947089947052554 0.6703030302949053 0.07029478457996755 0.10909090908958677
0 0.48034769462977817 0.5739393939324371 0.050642479213525 0.09333333333220202
0 0.6205593348403586 0.8096969696871551 0.0876795162502821 0.15272727272542147
0 0.5646258503358683 0.8096969696871551 0.08314436885802612 0.15272727272542147
0 0.5959939531323054 0.7266666666578585 0.05366591080836232 0.09333333333220202
0 0.6394557823080919 0.7327272727183911 0.07105064247867687 0.11515151515011937
0 0.6541950113329237 0.6557575757496271 0.058201058200618286 0.10424242424116069
0 0.6039304610687534 0.583030303023236 0.05442176870707165 0.0921212121200955
0 0.7191987906219259 0.5915151515079816 0.06575963718771156 0.10181818181694766
0 0.7509448223677178 0.7521212121120955 0.0854119425541541 0.1781818181796584
0 0.82161753589704 0.7624242424150008 0.06802721088383956 0.13818181818014325
0 0.7770219198731896 0.6290909090832837 0.05744520030190896 0.10181818181694766
0 0.8306878306815519 0.5836363636292892 0.05442176870707165 0.09818181818062809
0 0.9085411942486127 0.8072727272629421 0.10279667422446866 0.19878787878546922
0 0.9085411942486127 0.585454545447449 0.045351473922559705 0.08727272727166942
0 0.9535147392218177 0.5496969696903067 0.04610733182126903 0.0739393939384977
