0 0.08416666666526389 0.4474999999888125 0.05833333333236111 0.08999999999775
0 0.12249999999795833 0.359999999991 0.038333333332694446 0.054999999998625
0 0.008333333333194444 0.2724999999931875 0.013333333333111111 0.039999999999
0 0.17666666666372222 0.38749999999031254 0.03999999999933333 0.08999999999775
0 0.172499999997125 0.31874999999203124 0.03166666666613889 0.0524999999986875
0 0.16833333333052777 0.274999999993125 0.03333333333277778 0.044999999998875
0 0.2099999999965 0.2837499999929063 0.026666666666222222 0.0424999999989375
0 0.23333333332944445 0.4087499999897813 0.05666666666572222 0.10749999999731251
0 0.2783333333286944 0.37999999999050005 0.03999999999933333 0.07499999999812501
0 0.247499999995875 0.3362499999915938 0.02833333333286111 0.047499999998812506
0 0.2899999999951667 0.3237499999919063 0.03333333333277778 0.047499999998812506
0 0.28499999999525 0.274999999993125 0.0299999999995 0.04999999999875
0 0.33499999999441665 0.31874999999203124 0.0299999999995 0.05749999999856251
0 0.35583333332740275 0.32999999999175 0.03166666666613889 0.0599999999985
0 0.3816666666603056 0.32999999999175 0.03333333333277778 0.054999999998625
0 0.367499999993875 0.2724999999931875 0.024999999999583335 0.044999999998875
0 0.4008333333266528 0.21249999999468752 0.02833333333286111 0.044999999998875
0 0.36666666666055553 0.414999999989625 0.04333333333261111 0.084999999997875
0 0.3941666666600972 0.39124999999021876 0.034999999999416664 0.06749999999831251
0 0.4524999999924583 0.39124999999021876 0.04166666666597222 0.0724999999981875
0 0.48833333332519446 0.414999999989625 0.04999999999916667 0.08999999999775
0 0.49499999999175 0.3362499999915938 0.0299999999995 0.05749999999856251
0 0.4633333333256111 0.31374999999215625 0.0299999999995 0.05749999999856251
0 0.43583333332606944 0.314999999992125 0.03166666666613889 0.0599999999985
0 0.4524999999924583 0.22874999999428125 0.02833333333286111 0.0524999999986875
0 0.48666666665855557 0.224999999994375 0.023333333332944444 0.044999999998875
0 0.5141666666580972 0.23624999999409377 0.021666666666305553 0.047499999998812506
0 0.5333333333244444 0.319999999992 0.0299999999995 0.054999999998625
0 0.5216666666579722 0.2887499999927813 0.0299999999995 0.0524999999986875
0 0.5683333333238612 0.23499999999412502 0.023333333332944444 0.039999999999
0 0.5899999999901666 0.30874999999228125 0.0299999999995 0.0524999999986875
0 0.5558333333240695 0.354999999991125 0.02833333333286111 0.064999999998375
0 0.5841666666569305 0.38999999999025003 0.034999999999416664 0.07499999999812501
0 0.6358333333227361 0.42249999998943755 0.051666666665805557 0.08999999999775
0 0.6091666666565139 0.24999999999375 0.02833333333286111 0.044999999998875
0 0.5908333333234861 0.20999999999475 0.021666666666305553 0.039999999999
0 0.6391666666560138 0.19249999999518752 0.02833333333286111 0.04999999999875
0 0.6591666666556806 0.24624999999384375 0.02833333333286111 0.0524999999986875
0 0.6299999999895 0.31874999999203124 0.026666666666222222 0.0624999999984375
0 0.6558333333224028 0.334999999991625 0.02833333333286111 0.0599999999985
0 0.7008333333216528 0.3762499999905938 0.038333333332694446 0.07749999999806251
0 0.748333333320861 0.4424999999889375 0.04999999999916667 0.08999999999775
0 0.7833333333202778 0.38374999999040627 0.03666666666605556 0.0624999999984375
0 0.7574999999873749 0.324999999991875 0.038333333332694446 0.06999999999825
0 0.8616666666523055 0.4437499999889063 0.059999999999 0.09749999999756251
