0 0.10984848484682047 0.2393939393891031 0.04999999999924242 0.07878787878628711
0 0.14393939393721303 0.2545454545403122 0.057575757574885214 0.07272727272580348
0 0.12424242424054177 0.3656565656491786 0.08484848484719926 0.12121212120967247
0 0.2174242424209481 0.3222222222157126 0.065151515150528 0.1030303030282216
0 0.24924242423864784 0.2333333333286195 0.04696969696898531 0.06666666666531985
0 0.39015151514560376 0.3606060605987756 0.07727272727155647 0.1030303030282216
0 0.48106060605331724 0.3131313131249872 0.06818181818078513 0.1050505050483828
0 0.4893939393865243 0.2333333333286195 0.039393939393342514 0.05454545454435261
0 0.5068181818105028 0.19292929292539535 0.03787878787821396 0.06666666666531985
0 0.5765151515064164 0.24747474746974796 0.04393939393872819 0.06666666666531985
0 0.526515151507174 0.48080808079836745 0.07424242424129936 0.15353535353225178
0 0.6765151515049013 0.41313131312296697 0.07424242424129936 0.11919191918951126
0 0.7242424242314508 0.27676767676208547 0.04545454545385675 0.06060606060483623
0 0.6863636363532369 0.23636363635886132 0.04545454545385675 0.06868686868548106
0 0.8568181818051996 0.29898989898385875 0.053030303029499536 0.09292929292741556
0 0.9696969696822773 0.37676767676006523 0.06060606060514233 0.1030303030282216
0 0.9719696969549702 0.31515151514514844 0.04696969696898531 0.06464646464515865
0 0.9189393939254705 0.5555555555443321 0.10454545454387051 0.15353535353225178
0 0.8098484848362144 0.622222222209652 0.12878787878592746 0.1777777777741863
