0 0.40624999999153644 0.863888888864892 0.23333333332847223 0.26666666665925925
0 0.2843749999940755 0.8388888888655864 0.18541666666280382 0.29444444443626544
0 0.21458333332886284 0.697222222202855 0.149999999996875 0.19999999999444446
0 0.21249999999557292 0.5972222222056327 0.11249999999765625 0.1277777777742284
0 0.24374999999492186 0.5583333333178241 0.07083333333185764 0.1111111111080247
0 0.22083333332873264 0.4833333333199074 0.0749999999984375 0.09444444444182098
0 0.538541666655447 0.5138888888746143 0.06458333333198785 0.13333333332962963
0 0.5947916666542752 0.5194444444300155 0.06458333333198785 0.09999999999722223
0 0.6510416666531033 0.5416666666516204 0.09374999999804687 0.13333333332962963
0 0.5249999999890624 0.4611111110983025 0.06249999999869792 0.07777777777561729
0 0.5749999999880209 0.26249999999270834 0.04583333333237847 0.0805555555533179
0 0.7812499999837239 0.4611111110983025 0.054166666665538196 0.09444444444182098
0 0.7427083333178602 0.4624999999871528 0.0479166666656684 0.0972222222195216
0 0.8322916666493272 0.6833333333143519 0.11458333333094618 0.23333333332685186
0 0.8156249999830077 0.6013888888721837 0.1020833333312066 0.14722222221813272
0 0.9333333333138889 0.4708333333202546 0.06666666666527778 0.11944444444112655
0 0.8885416666481554 0.4527777777652006 0.060416666665407986 0.11666666666342593
0 0.8354166666492622 0.4055555555442901 0.054166666665538196 0.09999999999722223
