0 0.17999999999723076 0.4168377823323031 0.07384615384501775 0.09856262833473177
0 0.23230769230411835 0.5184804928024952 0.11384615384440237 0.17864476385670133
0 0.3261538461488284 0.4127310061516893 0.0615384615375148 0.08213552361227647
0 0.41538461537822485 0.38398357288739254 0.03999999999938462 0.069815195070435
0 0.508461538453716 0.547227926066792 0.09076923076783433 0.1581108829536322
0 0.5753846153757634 0.4425051334611395 0.07999999999876924 0.14168377823117692
0 0.520769230761219 0.3880903490680063 0.050769230768449705 0.0862422997928903
0 0.5707692307604497 0.3521560574876354 0.036923076922508874 0.05544147843828662
0 0.7192307692197042 0.3357289527651801 0.03230769230719527 0.05954825461890045
0 0.7399999999886154 0.41786447637745655 0.06769230769126627 0.11704312114749398
0 0.826923076910355 0.41889117042261004 0.06307692307595267 0.10266940451534559
0 0.8161538461412899 0.3767967145713183 0.050769230768449705 0.08418891170258339
0 0.922307692293503 0.38295687884223906 0.05384615384532545 0.09240246406381103
