0 0.038842975205969535 0.5426666666521955 0.07438016528802677 0.24266666666019554
0 0.1801652892532204 0.7186666666475022 0.16198347107170274 0.26399999999296
0 0.2942148760281948 0.5919999999842133 0.12892561983257975 0.19199999999488
0 0.37851239668795844 0.8053333333118577 0.14876033057605353 0.2773333333259378
0 0.4570247933808756 0.6853333333150577 0.1404958677662728 0.1973333333280711
0 0.4661157024716344 0.5599999999850667 0.12231404958475513 0.22399999999402667
0 0.5652892561890035 0.9053333333091911 0.17851239669126426 0.18933333332828445
0 0.703305785112342 0.7986666666453689 0.153719008261922 0.17866666666190223
0 0.7876033057721057 0.8959999999761067 0.1834710743771327 0.20799999999445332
0 0.8809917355226282 0.7999999999786667 0.14876033057605353 0.25599999999317335
0 0.9512396694057645 0.7666666666462222 0.09090909090758828 0.25333333332657776
0 0.6933884297406051 0.08666666666435556 0.1570247933858343 0.16799999999551998
