0 0.11099999999778 0.2573726541485959 0.049999999999 0.08579088471619864
0 0.20899999999582 0.22252010723264024 0.049999999999 0.0750670241266738
0 0.2899999999942 0.22520107238002143 0.05599999999888 0.08042895442143623
0 0.3899999999922 0.219839142085259 0.051999999998959996 0.09115281501096105
0 0.44899999999101997 0.20375335120097177 0.04599999999908 0.0697050938319114
0 0.29599999999408 0.4034852546808717 0.14799999999704 0.18498659516930333
0 0.5599999999888 0.18498659516930333 0.04399999999912 0.08042895442143623
0 0.6199999999876 0.20509383377466237 0.051999999998959996 0.07774798927405502
0 0.6869999999862599 0.2466487935590711 0.05799999999884 0.09651474530572347
0 0.66299999998674 0.22386058980633083 0.04199999999916 0.07238605897929261
0 0.7899999999842 0.2640750670170489 0.0599999999988 0.09383378015834226
0 0.88899999998222 0.2734584450328832 0.08199999999836 0.11796246648477313
