0 0.0449999999994375 0.2411111111057531 0.05999999999925 0.10444444444212345
0 0.01999999999975 0.2311111111059753 0.03749999999953125 0.12444444444167901
0 0.17812499999777343 0.37111111110286416 0.09374999999882812 0.19999999999555554
0 0.22062499999724217 0.31111111110419754 0.07374999999907812 0.15555555555209877
0 0.3137499999960781 0.19555555555120988 0.0399999999995 0.07555555555387654
0 0.3606249999954922 0.43111111110153083 0.11874999999851561 0.2622222222163951
0 0.45187499999435154 0.6244444444305679 0.20124999999748436 0.4177777777684938
0 0.39312499999508593 0.22111111110619752 0.03874999999951562 0.08666666666474074
0 0.4293749999946328 0.21777777777293827 0.031249999999609375 0.06666666666518518
0 0.46187499999422654 0.2411111111057531 0.05374999999932812 0.10444444444212345
0 0.566874999992914 0.2522222222166173 0.061249999999234375 0.11333333333081481
0 0.7187499999910156 0.23555555555032098 0.0749999999990625 0.1466666666634074
0 0.8693749999891328 0.269999999994 0.08124999999898437 0.14888888888558025
