0 0.15701219511716424 0.26363636362438014 0.167682926824156 0.26363636362438014
0 0.48932926827776435 0.48863636361415286 0.039634146340255055 0.059090909088223134
0 0.545731707300435 0.5136363636130165 0.03658536585254313 0.07272727272396694
0 0.5929878048599698 0.4749999999784091 0.0335365853648312 0.059090909088223134
0 0.6204268292493772 0.545454545429752 0.039634146340255055 0.07272727272396694
0 0.670731707296624 0.5113636363403925 0.03658536585254313 0.059090909088223134
0 0.75152439022099 0.6204545454263429 0.04573170731567891 0.09545454545020661
0 0.7682926829034057 0.5295454545213842 0.03658536585254313 0.068181818178719
0 0.7149390243684469 0.479545454523657 0.027439024389407346 0.04999999999772727
0 0.7713414633911176 0.48863636361415286 0.030487804877119273 0.0409090909072314
0 0.7820121950981094 0.4659090908879132 0.027439024389407346 0.0409090909072314
0 0.836890243876924 0.4659090908879132 0.027439024389407346 0.059090909088223134
0 0.8506097560716277 0.47727272725103304 0.02439024390169542 0.03636363636198347
0 0.8536585365593397 0.5227272727035124 0.030487804877119273 0.0545454545429752
0 0.8902439024118828 0.5636363636107438 0.04268292682796698 0.07272727272396694
0 0.9618902438731131 0.547727272702376 0.039634146340255055 0.068181818178719
0 0.9390243902152736 0.4931818181594008 0.030487804877119273 0.059090909088223134
0 0.9039634146065865 0.48863636361415286 0.027439024389407346 0.059090909088223134
