0 3100000000.0 11550000000.0 2800000000.0 3100000000.0
0 850000000.0 11100000000.0 1500000000.0 3400000000.0
0 8200000000.0 12550000000.0 3600000000.0 3900000000.0
0 12050000000.0 15800000000.0 7100000000.0 5400000000.0
0 7550000000.0 9650000000.0 1500000000.0 1700000000.0
0 9000000000.0 9400000000.0 1400000000.0 2000000000.0
0 11950000000.0 10000000000.0 2300000000.0 2200000000.0
0 13450000000.0 9500000000.0 1500000000.0 2000000000.0
0 15900000000.0 10850000000.0 2200000000.0 2300000000.0
0 16500000000.0 9000000000.0 1600000000.0 2000000000.0
0 18600000000.0 9550000000.0 1600000000.0 2100000000.0
0 19450000000.0 8650000000.0 1100000000.0 1300000000.0
0 21350000000.0 11300000000.0 2300000000.0 2800000000.0
0 22900000000.0 9650000000.0 1600000000.0 1900000000.0
0 21950000000.0 8850000000.0 1100000000.0 1300000000.0
0 25150000000.0 8750000000.0 1300000000.0 2100000000.0
0 25700000000.0 8300000000.0 1200000000.0 1600000000.0
0 27100000000.0 11700000000.0 3200000000.0 3600000000.0
0 29150000000.0 10600000000.0 1900000000.0 2200000000.0
0 29700000000.0 9750000000.0 1400000000.0 1500000000.0
0 29400000000.0 8800000000.0 1200000000.0 1000000000.0
0 29650000000.0 8400000000.0 1100000000.0 1400000000.0
0 33350000000.0 8250000000.0 1300000000.0 1500000000.0
0 34700000000.0 8650000000.0 1200000000.0 1500000000.0
0 34950000000.0 9750000000.0 1100000000.0 1900000000.0
0 36500000000.0 10600000000.0 2200000000.0 3000000000.0
0 38100000000.0 8700000000.0 1200000000.0 1600000000.0
0 40200000000.0 9550000000.0 1600000000.0 1700000000.0
0 46900000000.0 5050000000.0 3600000000.0 3700000000.0
