0 0.13999999999766666 0.5388888888769136 0.03666666666605556 0.055555555554320984
0 0.2099999999965 0.5277777777660494 0.03666666666605556 0.05111111110997531
0 0.24416666666259723 0.5177777777662715 0.02833333333286111 0.03999999999911111
0 0.2899999999951667 0.5122222222108395 0.026666666666222222 0.03333333333259259
0 0.33083333332781945 0.49555555554454317 0.024999999999583335 0.031111111110419754
0 0.3624999999939583 0.45888888887869134 0.021666666666305553 0.03333333333259259
0 0.4916666666584722 0.46888888887846913 0.019999999999666666 0.031111111110419754
0 0.547499999990875 0.46555555554520983 0.021666666666305553 0.03333333333259259
0 0.6233333333229444 0.7633333333163703 0.07999999999866667 0.12222222221950617
0 0.6649999999889167 0.6722222222072839 0.059999999999 0.08666666666474074
0 0.6816666666553055 0.6366666666525185 0.06333333333227778 0.08222222222039506
0 0.7141666666547639 0.5988888888755802 0.04499999999925 0.05999999999866666
0 0.6924999999884583 0.5766666666538518 0.04166666666597222 0.055555555554320984
0 0.7233333333212778 0.5366666666547407 0.0299999999995 0.04666666666562963
0 0.7016666666549722 0.5166666666551851 0.026666666666222222 0.042222222221283946
