0 0.21908244680778233 0.4374999999978125 0.10505319148901246 0.20199999999899002
0 0.30485372340324185 0.52799999999736 0.08311170212738328 0.15199999999924002
0 0.1283244680846798 0.4962499999975188 0.03723404255306771 0.06749999999966251
0 0.07779255319123075 0.8639999999956801 0.14428191489313738 0.25899999999870504
0 0.15724734042500915 0.8174999999959126 0.1336436170208323 0.24999999999875003
0 0.4188829787220117 0.47449999999762754 0.03523936170201051 0.0799999999996
0 0.4502992021261626 0.49049999999754756 0.04155585106369164 0.07899999999960501
0 0.4895279255302875 0.5272499999973638 0.08676861702098815 0.1374999999993125
0 0.545378989359889 0.46749999999766256 0.06216755319128269 0.12299999999938502
0 0.6093749999979742 0.5077499999974613 0.06183510638277316 0.11749999999941252
0 0.6790226063807214 0.4817499999975913 0.10139627659540759 0.1674999999991625
0 0.8026928191462677 0.5684999999971576 0.021609042553119653 0.04999999999975001
0 0.8555518616992834 0.5784999999971076 0.026263297872253115 0.050999999999745006
0 0.9765624999967535 0.5974999999970125 0.024268617021195916 0.048999999999755
0 0.9115691489331398 0.4982499999975088 0.03324468085095331 0.0634999999996825
