0 0.030833333332819443 0.3468834688252877 0.04499999999925 0.0813008130059268
0 0.12249999999795833 0.4756097560846718 0.10833333333152778 0.1707317073124463
0 0.1441666666642639 0.33739837397459627 0.038333333332694446 0.067750677504939
0 0.19416666666343055 0.3441734417250901 0.038333333332694446 0.0813008130059268
0 0.21833333332969443 0.3252032520237072 0.026666666666222222 0.05962059620434632
0 0.25999999999566664 0.32113821137341086 0.04333333333261111 0.07859078590572924
0 0.2891666666618472 0.3346883468743987 0.024999999999583335 0.062330623304543885
0 0.23166666666280555 0.42140921408072063 0.05666666666572222 0.12195121950889021
0 0.35166666666080554 0.4810298102850669 0.12666666666455556 0.25745257451876824
0 0.352499999994125 0.32384823847360844 0.02833333333286111 0.05149051490375364
0 0.3958333333267361 0.3414634146248926 0.038333333332694446 0.07588075880553169
0 0.43583333332606944 0.3130081300728182 0.02833333333286111 0.05691056910414876
0 0.6166666666563889 0.22086720866610116 0.026666666666222222 0.05691056910414876
0 0.6641666666555972 0.32926829267400354 0.051666666665805557 0.08401084010612436
0 0.9324999999844583 0.5081300812870425 0.09499999999841667 0.19241192411402677
0 0.9574999999840417 0.4010840108292389 0.07833333333202777 0.14092140921027313
0 0.9208333333179861 0.32113821137341086 0.038333333332694446 0.07317073170533413
0 0.907499999984875 0.37669376692746087 0.04166666666597222 0.09214092140671705
