0 0.03599999999928 0.6223021582509963 0.06399999999872 0.13669064747709747
0 0.03099999999938 0.48381294962288446 0.04199999999916 0.08273381294666425
0 0.12799999999744 0.48021582732085555 0.039999999999199995 0.07553956834260649
0 0.15599999999688 0.4460431654515812 0.03199999999936 0.07913669064463537
0 0.21799999999564 0.5287769783982454 0.051999999998959996 0.08633093524869313
0 0.17299999999654 0.7086330934996895 0.09399999999811999 0.15827338128927074
0 0.24299999999514 0.46223021581071116 0.04199999999916 0.08273381294666425
0 0.25099999999498 0.40827338128027796 0.03399999999932 0.06834532373854874
0 0.31299999999374 0.4424460431495523 0.03399999999932 0.05755395683246209
0 0.33099999999338 0.4172661870353501 0.025999999999479998 0.05755395683246209
0 0.30399999999391997 0.5665467625695487 0.051999999998959996 0.1115107913628953
0 0.32899999999342 0.5179856114921588 0.04599999999908 0.08633093524869313
0 0.43599999999128 0.5485611510594043 0.05599999999888 0.08992805755072202
0 0.39599999999207997 0.46942446041476893 0.03599999999928 0.06834532373854874
0 0.39799999999204 0.4172661870353501 0.03199999999936 0.050359712228404324
0 0.43599999999128 0.41007194243129236 0.02399999999952 0.050359712228404324
0 0.45299999999094 0.4388489208475234 0.0299999999994 0.06474820143651985
0 0.49899999999002 0.46402877696172556 0.037999999999239996 0.07194244604057762
0 0.47699999999046 0.4064748201292635 0.02199999999956 0.050359712228404324
0 0.48899999999022 0.3974820143741913 0.0299999999994 0.053956834530433206
0 0.54599999998908 0.41366906473332127 0.02399999999952 0.05755395683246209
0 0.56399999998872 0.4226618704883935 0.02399999999952 0.04676258992637545
0 0.5699999999886 0.4604316546596967 0.03599999999928 0.06474820143651985
0 0.59299999998814 0.5539568345124476 0.049999999999 0.10071942445680865
0 0.48399999999032 0.649280575516213 0.07199999999856 0.1330935251750686
0 0.61099999998778 0.49100719422694217 0.03399999999932 0.06115107913449097
0 0.6149999999876999 0.42625899279042234 0.0299999999994 0.06115107913449097
0 0.66299999998674 0.4424460431495523 0.025999999999479998 0.05755395683246209
0 0.6799999999863999 0.46582733811274 0.02799999999944 0.06834532373854874
0 0.6939999999861199 0.4388489208475234 0.02799999999944 0.06474820143651985
0 0.72899999998542 0.5395683453043321 0.04199999999916 0.0935251798527509
0 0.76699999998466 0.4946043165289711 0.04199999999916 0.08273381294666425
0 0.74899999998502 0.44784172660259564 0.037999999999239996 0.07553956834260649
0 0.79599999998408 0.4424460431495523 0.03199999999936 0.05755395683246209
0 0.85299999998294 0.46582733811274 0.0299999999994 0.06834532373854874
0 0.89199999998216 0.46223021581071116 0.02799999999944 0.06834532373854874
0 0.9159999999816799 0.22122302157477616 0.051999999998959996 0.1115107913628953
