0 0.8449999999830999 0.24924924924176428 0.025999999999479998 0.04804804804660516
0 0.7259999999854799 0.2642642642563284 0.02399999999952 0.04204204204077951
0 0.46099999999078 0.3033033032941951 0.025999999999479998 0.04804804804660516
0 0.4049999999919 0.2912912912825438 0.025999999999479998 0.04804804804660516
0 0.5849999999883 0.785285285261703 0.09399999999811999 0.16516516516020524
0 0.61199999998776 0.5885885885709132 0.06799999999864 0.09009009008738468
0 0.7329999999853399 0.4684684684544003 0.049999999999 0.09609609609321032
0 0.88099999998238 0.591591591573826 0.09799999999804 0.14414414413981547
0 0.97799999998044 0.5510510510345029 0.04399999999912 0.10510510510194879
0 0.85899999998282 0.44594594593255416 0.049999999999 0.06906906906699492
0 0.85599999998288 0.49399399397915933 0.06399999999872 0.08108108107864621
0 0.86799999998264 0.3903903903786669 0.039999999999199995 0.060060060058256454
0 0.9169999999816599 0.39489489488303614 0.0299999999994 0.06906906906699492
0 0.93399999998132 0.42042042040779515 0.05599999999888 0.07807807807573339
0 0.96799999998064 0.4684684684544003 0.06399999999872 0.08408408408155903
0 0.9149999999817 0.4954954954806157 0.04599999999908 0.09609609609321032
0 0.77599999998448 0.42042042040779515 0.03199999999936 0.05405405405243081
0 0.7799999999844 0.37237237236119 0.03599999999928 0.05405405405243081
0 0.70899999998582 0.41891891890633876 0.053999999998919995 0.06906906906699492
0 0.6599999999867999 0.4279279279150772 0.039999999999199995 0.06906906906699492
0 0.66299999998674 0.3768768768655592 0.04199999999916 0.06306306306116927
0 0.6249999999875 0.43243243241944646 0.04199999999916 0.07207207206990773
0 0.6009999999879799 0.39489489488303614 0.037999999999239996 0.06306306306116927
0 0.43499999999129996 0.5270270270112003 0.053999999998919995 0.08708708708447185
0 0.44699999999106 0.47447447446022595 0.03399999999932 0.060060060058256454
0 0.46699999999066 0.43093093091799 0.0299999999994 0.05105105104951798
0 0.4299999999914 0.4174174174048823 0.039999999999199995 0.07207207206990773
0 0.37599999999247996 0.4414414414281849 0.03599999999928 0.060060060058256454
0 0.33399999999332 0.5090090089937234 0.06399999999872 0.10510510510194879
0 0.33099999999338 0.423423423410708 0.04199999999916 0.07807807807573339
0 0.30699999999385996 0.48648648647187726 0.04599999999908 0.07807807807573339
0 0.3549999999929 0.8198198197952006 0.12199999999755999 0.186186186180595
0 0.32299999999354 0.6246246246058671 0.08199999999836 0.12612612612233853
0 0.199999999996 0.668168168148103 0.10399999999791999 0.12912912912525137
0 0.2049999999959 0.5315315315155695 0.07399999999852 0.09609609609321032
0 0.2349999999953 0.47297297295876956 0.04599999999908 0.07507507507282056
0 0.2449999999951 0.42192192190925154 0.04199999999916 0.06306306306116927
0 0.1899999999962 0.4369369369238157 0.04399999999912 0.08108108107864621
0 0.1399999999972 0.46246246244857464 0.05599999999888 0.08408408408155903
0 0.10099999999798 0.47597597596168234 0.05799999999884 0.07507507507282056
0 0.0549999999989 0.5390390390228517 0.06599999999868 0.10510510510194879
0 0.04399999999912 0.7657657657427698 0.08399999999832 0.1981981981922463
0 0.0249999999995 0.36636636635536435 0.04599999999908 0.07207207206990773
0 0.02799999999944 0.3288288288189541 0.04399999999912 0.08108108107864621
0 0.08399999999832 0.2777777777694361 0.03199999999936 0.05105105104951798
