0 0.017006802720702794 0.5642201834689841 0.029478458049218177 0.11314984709134097
0 0.06575963718671747 0.42966360854955155 0.049886621314061526 0.0642201834842746
0 0.02380952380898391 0.41590214066006415 0.038548752833593 0.061162079508832956
0 0.18707482992773072 0.4388379204758765 0.06122448979453006 0.0825688073369245
0 0.2641723355949167 0.48623853209522205 0.07029478457890488 0.07951070336148285
0 0.2290249433054643 0.6911314984498125 0.11791383219687271 0.1529051987720824
0 0.43197278910585096 0.8363914372832907 0.14285714285390347 0.21100917430547372
0 0.5385487528222551 0.5091743119110343 0.07029478457890488 0.11314984709134097
0 0.763038548735532 0.6330275229164212 0.09297052153984194 0.14678899082119912
0 0.6757369614359243 0.18348623852649887 0.040816326529686704 0.07339449541059956
0 0.4943310657484279 0.2033639143668696 0.03628117913749929 0.0642201834842746
