0 0.0848880597010966 0.597612359546365 0.0783582089548584 0.11235955056100871
0 0.18516791044689754 0.671348314602027 0.07649253731307606 0.11376404494302132
0 0.22038246268553927 0.6004213483103903 0.04617537313411299 0.0941011235948448
0 0.28638059701358964 0.6450140449392906 0.10074626865624652 0.1762640449425824
0 0.2628264925360876 0.8795646067353963 0.15624999999927122 0.24087078651516242
0 0.5216884328333876 0.8795646067353963 0.14225746268590364 0.24087078651516242
0 0.5587686567138117 0.7629915730283497 0.0718283582086202 0.12008426966207807
0 0.4902052238783106 0.6025280898834092 0.05690298507436146 0.11235955056100871
0 0.4615205223859071 0.5856741572992579 0.03404850746252776 0.07022471910063044
0 0.5699626865645058 0.6235955056135983 0.06623134328327318 0.10533707865094567
0 0.5571361940272521 0.5603932584230309 0.05270522388035119 0.07022471910063044
0 0.6478544776089186 0.6077949438159564 0.05037313432812326 0.10463483145993936
0 0.6674440298476332 0.6601123595459262 0.05783582089525263 0.1095505617969835
0 0.7056902985041712 0.624999999995611 0.03824626865653803 0.0941011235948448
0 0.7511660447726158 0.6197331460630636 0.03498134328341893 0.07794943820169979
0 0.7311100746234557 0.8216292134773762 0.10587686567114796 0.18258426966163915
0 0.8253264925334639 0.7191011235904557 0.07882462686530399 0.13764044943723566
0 0.8470149253691837 0.6818820224671216 0.06716417910416435 0.10533707865094567
0 0.8292910447722515 0.6211376404450762 0.04384328358188506 0.07514044943767458
0 0.38689365671461334 0.5624999999960498 0.05083955223856885 0.08567415730276914
0 0.34911380596852093 0.624999999995611 0.05457089552213353 0.09691011235887001
