0 3300000000.0 18800000000.0 3600000000.0 3800000000.0
0 12150000000.0 19050000000.0 3300000000.0 4300000000.0
0 10100000000.0 18350000000.0 2600000000.0 2900000000.0
0 15500000000.0 19250000000.0 2000000000.0 2300000000.0
0 20900000000.0 16950000000.0 3600000000.0 3900000000.0
0 26200000000.0 15650000000.0 2600000000.0 3100000000.0
0 33600000000.0 19400000000.0 4200000000.0 4600000000.0
0 38400000000.0 19500000000.0 3200000000.0 3200000000.0
0 41850000000.0 18550000000.0 4500000000.0 4300000000.0
0 50450000000.0 18400000000.0 2300000000.0 3600000000.0
