0 0.028662420382119965 0.6180467091281995 0.036305732484018624 0.05053078556252541
0 0.11170382165587309 0.6363057324827255 0.08869426751578234 0.1070063694265244
0 0.17993630573219757 0.6064755838628313 0.053821656050869714 0.08598726114631425
0 0.2921974522288341 0.6287685774933571 0.09331210191067944 0.12420382165578725
0 0.3346337579612506 0.4700636942665179 0.038694267515861955 0.06581740976631462
0 0.5298566878972455 0.6514861995739883 0.056210191082713044 0.09702760084905089
0 0.5628980891710782 0.6419320594466201 0.04171974522286351 0.06560509554126198
0 0.6261942675149265 0.7217622080664081 0.10015923566863033 0.14033970275978697
0 0.7167993630561835 0.6357749469200938 0.07340764331198503 0.08598726114631425
0 0.6864649681517732 0.6090233545634628 0.03726114649675596 0.0626326963905252
