0 0.07333333333235556 0.9099999999817999 0.11199999999850667 0.16399999999672
0 0.1833333333308889 0.91799999998164 0.08399999999888 0.1199999999976
0 0.26266666666316446 0.8909999999821799 0.04799999999936 0.06599999999868
0 0.2799999999962667 0.9559999999808799 0.050666666665991116 0.07199999999856
0 0.3753333333283289 0.87599999998248 0.11066666666519112 0.15199999999695998
0 0.43866666666081783 0.8749999999825 0.034666666666204445 0.06599999999868
0 0.5699999999924 0.91199999998176 0.06533333333246223 0.11199999999776
0 0.6533333333246223 0.9299999999813999 0.06666666666577778 0.11599999999768
0 0.74999999999 0.8639999999827199 0.03599999999952 0.0599999999988
0 0.7986666666560178 0.86299999998274 0.04266666666609778 0.0699999999986
0 0.8306666666555912 0.88599999998228 0.031999999999573335 0.05599999999888
0 0.8639999999884801 0.84299999998314 0.053333333332622225 0.0699999999986
0 0.9559999999872534 0.85299999998294 0.07199999999904 0.1299999999974
