0 0.059933407324529044 0.35874999999701046 0.05771365149769463 0.044166666666298614
0 0.12763596004297853 0.347083333330441 0.048834628190357 0.039166666666340284
0 0.2219755826834409 0.3329166666638924 0.04217536070985377 0.03083333333307639
0 0.23362930077432154 0.4383333333296806 0.11431742508197207 0.08499999999929167
0 0.2813540510512613 0.3949999999967084 0.08102108767945593 0.06333333333280557
0 0.33795782463553875 0.3479166666637674 0.06326304106478066 0.044166666666298614
0 0.3984461709167764 0.32666666666394445 0.05327413984402582 0.034999999999708334
0 0.7508324084267388 0.43458333332971183 0.09211986681362798 0.07416666666604861
0 0.6664816870070313 0.37999999999683337 0.06770255271844948 0.05999999999950001
0 0.6470588235222302 0.35666666666369445 0.05105438401719141 0.03666666666636111
0 0.5960044395050388 0.3395833333305035 0.048834628190357 0.040833333332993056
0 0.8140954494915195 0.3308333333305764 0.045504994450105384 0.03333333333305556
0 0.8423973362836582 0.3370833333305243 0.05105438401719141 0.037499999999687506
0 0.930632630400326 0.36499999999695837 0.07214206437211829 0.04499999999962501
