0 0.10431034482578776 0.5764248704513879 0.16379310344545184 0.30310880828230286
0 0.17499999999698276 0.4468911916982671 0.070689655171195 0.14248704662843298
0 0.27068965516774673 0.4378238341855486 0.06896551724019025 0.11917098445287122
0 0.43534482757870097 0.433937823822955 0.06034482758516647 0.09067357512718462
0 0.576724137921091 0.44430051812320465 0.070689655171195 0.11139896372768396
0 0.699999999987931 0.45595854921098555 0.06551724137818074 0.10880829015262154
0 0.7646551724006094 0.6411917098279484 0.1534482758594233 0.29792746113217805
0 0.8181034482617568 0.47279792744889126 0.08448275861923306 0.14248704662843298
0 0.8999999999844828 0.496113989624453 0.09655172413626635 0.1632124352289323
0 0.9387931034320898 0.6424870466154796 0.1224137931013377 0.25906735750624177
