0 0.17199999999656 0.44594594593255416 0.039999999999199995 0.07507507507282056
0 0.19699999999606 0.40840840839614384 0.0299999999994 0.05405405405243081
0 0.41599999999167997 0.5450450450286772 0.051999999998959996 0.07507507507282056
0 0.48699999999026 0.5990990990811081 0.05799999999884 0.0930930930902975
0 0.5299999999894 0.5360360360199388 0.03599999999928 0.06906906906699492
0 0.49399999999011995 0.3828828828713849 0.02799999999944 0.05705705705534363
0 0.58399999998832 0.5930930930752825 0.051999999998959996 0.06906906906699492
0 0.6549999999869 0.4714714714573131 0.0299999999994 0.060060060058256454
0 0.67799999998644 0.5030030029878978 0.04799999999904 0.07507507507282056
0 0.77099999998458 0.4969969969820721 0.037999999999239996 0.05705705705534363
0 0.8189999999836199 0.5030030029878978 0.04199999999916 0.06906906906699492
0 0.8399999999832 0.48798798797333365 0.02799999999944 0.05105105104951798
0 0.87299999998254 0.6951951951743184 0.08199999999836 0.12912912912525137
0 0.9559999999808799 0.6381381381189748 0.06399999999872 0.11111111110777443
0 0.9559999999808799 0.40690690689468745 0.03199999999936 0.05705705705534363
