0 0.10374999999913542 0.5437499999932031 0.13916666666550695 0.2549999999968125
0 0.42541666666312156 0.563124999992961 0.1441666666654653 0.2787499999965156
0 0.4829166666626424 0.5118749999936015 0.10749999999910417 0.18124999999773436
0 0.6433333333279723 0.24249999999696875 0.12166666666565279 0.23249999999709373
0 0.786249999993448 0.5718749999928515 0.15583333333203472 0.22624999999717185
0 0.8849999999926251 0.4181249999947734 0.08999999999925001 0.13874999999826562
0 0.9495833333254202 0.35312499999558594 0.07416666666604861 0.12874999999839062
0 0.8874999999926042 0.33249999999584373 0.034999999999708334 0.047499999999406246
0 0.8583333333261807 0.269999999996625 0.021666666666486114 0.03249999999959375
0 0.7899999999934167 0.34812499999564844 0.028333333333097226 0.04624999999942187
0 0.5020833333291493 0.3524999999955937 0.03083333333307639 0.047499999999406246
0 0.46541666666278825 0.3268749999959141 0.029166666666423615 0.04624999999942187
0 0.4087499999965938 0.34687499999566407 0.029166666666423615 0.04874999999939062
0 0.3629166666636424 0.37124999999535935 0.03583333333303473 0.0449999999994375
0 0.3333333333305556 0.3599999999955 0.021666666666486114 0.04249999999946875
0 0.30374999999746877 0.369999999995375 0.03249999999972917 0.054999999999312495
0 0.26833333333109727 0.3293749999958828 0.026666666666444447 0.04124999999948437
0 0.20208333333164932 0.37624999999529685 0.03416666666638195 0.047499999999406246
0 0.1658333333319514 0.3537499999955781 0.028333333333097226 0.047499999999406246
0 0.07708333333269098 0.3743749999953203 0.039166666666340284 0.06874999999914062
