0 0.44734042552715597 0.32587859424399557 0.1351063829772861 0.2523961661301534
0 0.33510638297515843 0.36421725239034797 0.055319148935581715 0.08306709265043023
0 0.3702127659535084 0.32188498402041715 0.031914893616681754 0.06230031948782268
0 0.5781914893555512 0.23242811501226154 0.02659574468056813 0.036741214056921066
0 0.6345744680783556 0.2987220447236626 0.015957446808340877 0.028753993609764314
0 0.646808510631417 0.30591054312610366 0.017021276595563604 0.036741214056921066
0 0.6622340425461465 0.3306709265122896 0.02021276595723178 0.041533546325215116
0 0.6861702127586577 0.2723642172480453 0.04893617021224536 0.08146964856099889
0 0.7478723404175759 0.3234824281098485 0.021276595744454504 0.03993610223578377
0 0.7723404255236985 0.3602236421667696 0.025531914893345407 0.04632587859350917
0 0.7989361702042667 0.4153354632521512 0.04042553191446356 0.07028753993497944
0 0.818617021267887 0.3698083067033577 0.02872340425501358 0.049520766772371876
0 0.805319148927603 0.3602236421667696 0.019148936170009054 0.04632587859350917
0 0.7941489361617644 0.33626198082529934 0.02021276595723178 0.03993610223578377
0 0.8372340425442848 0.3402555910488777 0.017021276595563604 0.038338658146352414
0 0.8569148936079052 0.36182108625620096 0.02872340425501358 0.049520766772371876
0 0.8680851063737438 0.337060702870015 0.017021276595563604 0.028753993609764314
0 0.8765957446715256 0.3266773162887112 0.012765957446672704 0.027156549520332963
0 0.8968085106287573 0.37699680510579875 0.03617021276557266 0.06389776357725403
0 0.9164893616923778 0.3378594249147307 0.02446808510612268 0.033546325878058364
0 0.9218085106284915 0.3682108626139263 0.02021276595723178 0.03993610223578377
0 0.9367021276496096 0.334664536735868 0.015957446808340877 0.036741214056921066
0 0.9537234042451732 0.3738019169269361 0.02446808510612268 0.041533546325215116
0 0.985638297861855 0.36182108625620096 0.02234042553167723 0.04313099041464647
0 0.985638297861855 0.4241214057440236 0.02872340425501358 0.07188498402441078
0 0.9425531914793346 0.4289137380123177 0.05744680851002716 0.07507987220327349
0 0.8936170212670892 0.4408945686830528 0.04042553191446356 0.07028753993497944
