0 0.07734374999879151 0.6302816901260497 0.10468749999836427 0.19014084506595913
0 0.01796874999971924 0.45070422534153276 0.029687499999536134 0.06572769952897352
0 0.12031249999812012 0.5176056337906665 0.0562499999991211 0.08215962441121691
0 0.2460937499961548 0.5575117370761147 0.0671874999989502 0.11502347417570366
0 0.4890624999923584 0.3427230046867905 0.0562499999991211 0.11737089201602414
0 0.634374999990088 0.41666666665688573 0.03437499999946289 0.05399061032737111
0 0.6921874999891846 0.42136150233752667 0.03124999999951172 0.05868544600801207
0 0.781249999987793 0.4330985915391291 0.03124999999951172 0.06338028168865303
0 0.8429687499868287 0.3673708920101556 0.026562499999584963 0.04929577464673014
0 0.9499999999851563 0.383802816892399 0.03437499999946289 0.05868544600801207
0 0.9749999999847657 0.24413145539333023 0.021874999999658203 0.04694835680640966
0 0.8874999999861328 0.5645539905970761 0.053124999999169926 0.09154929577249883
0 0.8031249999874512 0.5845070422398002 0.05937499999907227 0.09859154929346028
