0 0.11916666666468055 0.4122222222130617 0.18833333333019445 0.26888888888291357
0 0.25499999999575 0.19999999999555554 0.12666666666455556 0.18666666666251852
0 0.3508333333274861 0.21555555555076542 0.05499999999908333 0.09777777777560494
0 0.42499999999291665 0.20999999999533334 0.04333333333261111 0.09555555555343209
0 0.3949999999934167 0.1744444444405679 0.03666666666605556 0.06444444444301234
0 0.4991666666583472 0.12222222221950617 0.09833333333169444 0.19111111110686418
0 0.6591666666556806 0.2866666666602963 0.09166666666513888 0.15555555555209877
0 0.6283333333228611 0.6499999999855556 0.29333333332844447 0.43333333332370366
0 0.8416666666526389 0.338888888881358 0.14666666666422223 0.16666666666296295
0 0.7133333333214444 0.16888888888513579 0.04999999999916667 0.08444444444256789
0 0.650833333322486 0.16888888888513579 0.04166666666597222 0.06666666666518518
0 0.7808333333203195 0.16666666666296295 0.04499999999925 0.06222222222083951
0 0.8633333333189445 0.18444444444034566 0.04333333333261111 0.07999999999822222
0 0.9166666666513889 0.14777777777449383 0.04333333333261111 0.04666666666562963
0 0.1841666666635972 0.17111111110730864 0.05833333333236111 0.07555555555387654
