0 0.40727272726532227 0.3728571428464898 0.13454545454300826 0.2314285714219592
0 0.28181818181305784 0.49285714284306126 0.047272727271867765 0.08285714285477551
0 0.17999999999672725 0.471428571415102 0.047272727271867765 0.07999999999771429
0 0.20454545454173553 0.46857142855804085 0.030909090908528922 0.06285714285534694
0 0.2190909090869256 0.4114285714168163 0.030909090908528922 0.06285714285534694
0 0.174545454542281 0.4085714285597551 0.0363636363629752 0.05714285714122449
0 0.16999999999690907 0.33428571427616327 0.030909090908528922 0.05714285714122449
0 0.11999999999781817 0.37857142856061227 0.02545454545408264 0.04857142857004082
0 0.11181818181614875 0.3514285714185306 0.01999999999963636 0.039999999998857144
0 0.09909090908910743 0.3742857142750204 0.023636363635933882 0.04571428571297959
0 0.07909090908947107 0.40142857141710203 0.034545454544826444 0.059999999998285716
0 0.05363636363538843 0.4171428571309388 0.030909090908528922 0.05142857142710204
0 0.05727272727168595 0.471428571415102 0.03818181818112396 0.06857142856946939
0 0.016363636363338842 0.45857142855832655 0.029090909090380163 0.07714285714065307
0 0.015454545454264461 0.3985714285600408 0.023636363635933882 0.04857142857004082
0 0.04272727272649587 0.3971428571315102 0.023636363635933882 0.04571428571297959
0 0.2590909090861983 0.28428571427759186 0.01999999999963636 0.042857142855918365
0 0.26818181817694214 0.40428571427416327 0.027272727272231404 0.05428571428416327
0 0.3054545454489917 0.43857142855889797 0.03999999999927272 0.0942857142830204
0 0.34181818181196694 0.4285714285591837 0.032727272726677685 0.07428571428359183
0 0.3209090909032562 0.3928571428459184 0.01999999999963636 0.042857142855918365
0 0.29818181817639666 0.3628571428467755 0.021818181817785123 0.05142857142710204
0 0.34454545453919005 0.3585714285611837 0.016363636363338842 0.042857142855918365
0 0.4763636363549752 0.3742857142750204 0.029090909090380163 0.05714285714122449
0 0.49454545453646276 0.4328571428447755 0.0363636363629752 0.07142857142653061
0 0.46727272726423136 0.4757142857006939 0.05090909090816528 0.07714285714065307
0 0.4799999999912727 0.40999999998828573 0.029090909090380163 0.059999999998285716
0 0.5327272727175867 0.4114285714168163 0.029090909090380163 0.06285714285534694
0 0.5218181818086942 0.2814285714205306 0.021818181817785123 0.04857142857004082
0 0.48272727271849586 0.3271428571335102 0.01999999999963636 0.042857142855918365
0 0.6509090908972561 0.43571428570183673 0.047272727271867765 0.07714285714065307
0 0.6381818181702148 0.40142857141710203 0.029090909090380163 0.05428571428416327
0 0.6163636363524297 0.394285714274449 0.02545454545408264 0.06285714285534694
0 0.640909090897438 0.2928571428487755 0.027272727272231404 0.04857142857004082
0 0.6390909090792892 0.24285714285020407 0.027272727272231404 0.05142857142710204
0 0.6827272727148594 0.28571428570612245 0.027272727272231404 0.06285714285534694
0 0.6899999999874545 0.2528571428499184 0.023636363635933882 0.04857142857004082
0 0.700909090896347 0.3371428571332245 0.030909090908528922 0.05142857142710204
0 0.739090909077471 0.3514285714185306 0.027272727272231404 0.05714285714122449
0 0.7681818181678511 0.39142857141738774 0.045454545453719006 0.07428571428359183
0 0.7936363636219338 0.3614285714182449 0.030909090908528922 0.059999999998285716
0 0.8018181818036032 0.3328571428476327 0.02545454545408264 0.04857142857004082
0 0.769999999986 0.2671428571352245 0.023636363635933882 0.04857142857004082
0 0.7399999999865454 0.3071428571340816 0.021818181817785123 0.042857142855918365
0 0.8381818181665784 0.2328571428504898 0.02545454545408264 0.04857142857004082
0 0.8209090908941652 0.23857142856461225 0.023636363635933882 0.04857142857004082
0 0.8699999999841818 0.2928571428487755 0.04181818181742149 0.07714285714065307
0 0.8745454545295537 0.254285714278449 0.03999999999927272 0.05714285714122449
0 0.9345454545284627 0.2528571428499184 0.032727272726677685 0.07142857142653061
0 0.9872727272547768 0.24999999999285716 0.02545454545408264 0.05428571428416327
