0 0.04749999999960417 0.7231249999909609 0.09333333333255556 0.16374999999795312
0 0.03458333333304514 0.593749999992578 0.06416666666613195 0.07749999999903125
0 0.03291666666639236 0.5537499999930781 0.04583333333295139 0.0649999999991875
0 0.10041666666582987 0.6656249999916797 0.07416666666604861 0.13374999999832812
0 0.14749999999877084 0.5562499999930468 0.051666666666236115 0.10249999999871874
0 0.12041666666566321 0.5312499999933593 0.04749999999960417 0.0849999999989375
0 0.18333333333180557 0.5893749999926328 0.06166666666615278 0.10624999999867187
0 0.22374999999813544 0.6656249999916797 0.08416666666596528 0.13124999999835937
0 0.2858333333309514 0.5274999999934062 0.049999999999583336 0.07249999999909375
0 0.33416666666388195 0.5493749999931328 0.051666666666236115 0.09624999999879687
0 0.3833333333301389 0.646874999991914 0.0683333333327639 0.10124999999873437
0 0.4020833333299827 0.5987499999925155 0.060833333332826395 0.089999999998875
0 0.3999999999966667 0.5199999999935 0.04333333333297223 0.069999999999125
0 0.43666666666302784 0.5193749999935078 0.03666666666636111 0.06874999999914062
0 0.3783333333301806 0.7787499999902656 0.09999999999916667 0.16249999999796874
0 0.5316666666622362 0.3956249999950547 0.08999999999925001 0.15124999999810937
0 0.6029166666616425 0.489999999993875 0.042499999999645835 0.07249999999909375
0 0.6233333333281389 0.4887499999938906 0.026666666666444447 0.05999999999925
0 0.6570833333278577 0.5306249999933672 0.040833333332993056 0.08374999999895312
0 0.6883333333275973 0.5012499999937343 0.03833333333301389 0.05999999999925
0 0.7129166666607257 0.5762499999927968 0.05416666666621528 0.11499999999856249
0 0.7416666666604862 0.549999999993125 0.05999999999950001 0.09749999999878124
0 0.7999999999933334 0.48562499999392966 0.03999999999966667 0.061249999999234375
0 0.8512499999929063 0.4424999999944687 0.040833333332993056 0.06249999999921875
0 0.8937499999925521 0.5562499999930468 0.060833333332826395 0.10999999999862499
0 0.9016666666591528 0.509999999993625 0.049999999999583336 0.06749999999915625
0 0.9133333333257223 0.47499999999406245 0.034999999999708334 0.06249999999921875
0 0.9520833333253994 0.5537499999930781 0.05749999999952084 0.09249999999884374
0 0.9312499999922397 0.7562499999905469 0.12749999999893752 0.22749999999715623
0 0.9479166666587674 0.649999999991875 0.09749999999918751 0.129999999998375
