0 0.22499999999695944 0.5048543689197851 0.1310810810793097 0.29611650484718166
0 0.3959459459405953 0.8106796116308087 0.13783783783597517 0.25242718445989254
0 0.31081081080661066 0.32524271843870767 0.09459459459331629 0.20388349514068244
0 0.24662162161828888 0.08737864077457819 0.06081081080998904 0.1407766990257093
0 0.14527027026830716 0.355582524263214 0.11216216216064645 0.22087378640240596
0 0.11351351351197954 0.1128640776671635 0.05675675675598977 0.10922330096822273
0 0.18243243242996712 0.2742718446535371 0.0783783783773192 0.16019417475339334
0 0.3885135135082633 0.2633495145567148 0.07702702702598611 0.16262135921935383
0 0.3432432432386048 0.05703883495007187 0.07027027026932067 0.10922330096822273
0 0.4425675675615869 0.05097087378517061 0.06081081080998904 0.09708737863842021
0 0.4891891891825785 0.28762135921631987 0.06216216216132213 0.13349514562782777
0 0.6351351351265522 0.20873786407260345 0.06216216216132213 0.1359223300937883
0 0.6608108108018809 0.120145631065045 0.04864864864799123 0.08980582524053869
0 0.632432432423886 0.04247572815430884 0.04594594594532505 0.08009708737669667
0 0.7391891891792001 0.05218446601815086 0.05135135135065741 0.0946601941724597
0 0.8189189189078524 0.20631067960664295 0.05945945945865595 0.1456310679576303
0 0.8709459459341764 0.17354368931617611 0.06351351351265522 0.1432038834916698
0 0.8256756756645178 0.058252427183052125 0.04324324324265887 0.09708737863842021
0 0.9256756756631664 0.06189320388199288 0.04864864864799123 0.10436893203630172
0 0.9628378378248265 0.16262135921935383 0.052702702701990504 0.12621359222994627
