0 0.023636363636148763 0.4747612551094848 0.04545454545413224 0.12824010913876888
0 0.030909090908809923 0.38267394269600713 0.04909090909046282 0.0832196452921798
0 0.08681818181739258 0.523192360156573 0.06636363636303307 0.13506139153976723
0 0.15272727272588432 0.5559345156813651 0.07818181818110745 0.1405184174605659
0 0.20772727272538433 0.5381991814387694 0.05727272727220662 0.12141882673777053
0 0.2663636363612149 0.6200545702507495 0.07636363636294216 0.13778990450016657
0 0.2618181818158017 0.5272851295971721 0.05636363636312398 0.10231923601497517
0 0.23499999999786367 0.4467939972653916 0.04818181818138017 0.08049113233178047
0 0.17318181818024384 0.4249658935821969 0.06636363636303307 0.11050477489617319
0 0.30181818181543807 0.47748976806988414 0.06181818181761985 0.09549795361397682
0 0.3354545454514959 0.4365620736638941 0.07636363636294216 0.12551159617836954
0 0.36454545454214055 0.4597544338272884 0.03999999999963637 0.08731241473277881
0 0.3977272727236571 0.4645293315079873 0.05727272727220662 0.0968622100941765
0 0.3981818181781984 0.399727148698503 0.03999999999963637 0.0791268758515808
0 0.44318181817778934 0.3601637107727126 0.042727272726884306 0.06002728512878543
0 0.38818181817828934 0.5620736698422636 0.07636363636294216 0.1364256480199669
0 0.46181818181398354 0.5286493860773718 0.07272727272661159 0.12960436561896854
0 0.49818181817728935 0.5279672578372719 0.04909090909046282 0.10641200545557418
0 0.49999999999545464 0.4665757162282868 0.04909090909046282 0.08185538881198014
0 0.49818181817728935 0.399727148698503 0.04545454545413224 0.08185538881198014
0 0.541363636358715 0.44952251022579093 0.04090909090871901 0.07230559345058246
0 0.5563636363585786 0.38472032741630663 0.03818181818147108 0.07639836289118146
0 0.6040909090854174 0.4236016371019972 0.042727272726884306 0.08049113233178047
0 0.5827272727219753 0.5061391541540772 0.05090909090862811 0.10368349249517485
0 0.5459090909041282 0.6439290586542438 0.07181818181752894 0.12551159617836954
0 0.5727272727220662 0.6118690313695515 0.06545454545395042 0.1186903137773712
0 0.6286363636306489 0.5736698499239608 0.044545454545049594 0.11323328785657252
0 0.6949999999936819 0.6125511596096513 0.05363636363587604 0.11186903137637286
0 0.6759090909029464 0.692360163701332 0.08272727272652067 0.1268758526585692
0 0.7790909090838266 0.6793997271394352 0.069090909090281 0.13369713505956757
0 0.7959090909018555 0.5723055934437611 0.06454545454486778 0.10231923601497517
0 0.888181818173744 0.5654843110427628 0.07090909090844628 0.11050477489617319
0 0.8940909090827811 0.5095497953545763 0.05909090909037191 0.10504774897537451
0 0.9309090909006282 0.465893587988187 0.05636363636312398 0.10231923601497517
0 0.802272727265434 0.42633015006239655 0.049999999999545464 0.09140518417337783
0 0.7677272727202935 0.47544338334958464 0.04636363636321488 0.09413369713377716
0 0.717727272720748 0.44815825374559126 0.042727272726884306 0.08867667121297848
0 0.6827272727210663 0.4536152796663899 0.05454545454495868 0.10777626193577385
0 0.6927272727209753 0.36698499317371097 0.03636363636330579 0.08185538881198014
0 0.7268181818115745 0.36630286493361114 0.042727272726884306 0.07776261937138113
0 0.6427272727214298 0.3376534788494181 0.04545454545413224 0.08594815825257915
