0 0.02833333333286111 0.5780487804737061 0.053333333332444444 0.09268292682700774
0 0.03249999999945833 0.7317073170553242 0.061666666665638886 0.13658536585032718
0 0.18333333333027776 0.842682926808715 0.11333333333144444 0.16341463414235574
0 0.09499999999841667 0.32317073169943483 0.05666666666572222 0.08048780487608566
0 0.7408333333209861 0.7878048780295657 0.11499999999808333 0.2097560975558596
0 0.6908333333218194 0.4512195121841166 0.06499999999891666 0.10731707316811422
0 0.45499999999241664 0.6195121951068412 0.06333333333227778 0.12195121950922069
0 0.41749999999304166 0.46219512193994644 0.04499999999925 0.060975609754610346
0 0.34166666666097223 0.5719512194982451 0.053333333332444444 0.08048780487608566
0 0.37499999999375 0.2780487804810232 0.03666666666605556 0.06829268292516359
0 0.5141666666580972 0.29024390243194526 0.038333333332694446 0.06829268292516359
0 0.5899999999901666 0.2987804877975907 0.03333333333277778 0.060975609754610346
0 0.6599999999889999 0.2817073170662998 0.0299999999995 0.04634146341350387
0 0.719999999988 0.27560975609083876 0.0299999999995 0.04878048780368828
0 0.7866666666535556 0.3109756097485128 0.04999999999916667 0.07560975609571684
0 0.7758333333204027 0.3963414634049673 0.06499999999891666 0.1048780487779298
0 0.839999999986 0.34390243901600237 0.05666666666572222 0.0878048780466389
0 0.9508333333174861 0.28658536584666866 0.034999999999416664 0.06585365853497918
