0 0.10727272727077686 0.6961852860845726 0.0872727272711405 0.13896457765288925
0 0.05272727272631405 0.6471389645600235 0.05090909090816528 0.07356948228682372
0 0.1318181818157851 0.6062670299562325 0.049090909090016524 0.06811989100631827
0 0.1736363636332066 0.6267029972581281 0.045454545453719006 0.08174386920758192
0 0.22090909090507435 0.6580381471210344 0.07454545454409917 0.09536784740884557
0 0.2609090909043471 0.6267029972581281 0.045454545453719006 0.070844686646571
0 0.30909090908528924 0.6076294277763589 0.05818181818076033 0.08174386920758192
0 0.37727272726586775 0.48910081742536515 0.045454545453719006 0.06811989100631827
0 0.6272727272613222 0.41416893731841503 0.047272727271867765 0.08719346048808738
0 0.67454545453319 0.596730245215348 0.05454545454446281 0.07629427792707645
0 0.7463636363500661 0.6852861035235617 0.07454545454409917 0.10081743868935103
0 0.791818181803785 0.7888283378531655 0.15454545454264462 0.20980926429946026
0 0.7727272727132231 0.5871934604744634 0.061818181817057845 0.10626702996985649
0 0.8081818181671239 0.5790190735537052 0.049090909090016524 0.0899182561283401
0 0.8763636363477024 0.5885558582945898 0.05818181818076033 0.08174386920758192
0 0.9109090908925289 0.5749318800933262 0.04363636363557025 0.06539509536606553
0 0.9145454545288264 0.6376021798191389 0.06545454545335537 0.11444141689061468
0 0.9581818181643966 0.6267029972581281 0.08363636363484298 0.141689373293142
