0 0.18586387434360352 0.37912087911393555 0.04502617800999972 0.0879120879104778
0 0.3172774869076725 0.3195970695912162 0.04607329842883693 0.08608058607900952
0 0.37696335078139304 0.3553113553048478 0.05445026177953455 0.10989010988809725
0 0.31047120418523066 0.8983516483351951 0.08900523560116225 0.1776556776524239
0 0.34188481675034676 0.7948717948572368 0.07643979057511581 0.13553113552865328
0 0.038219895287557905 0.9065934065768023 0.07434554973744141 0.15384615384333616
0 0.578010471198136 0.8553113552956904 0.08795811518232505 0.17216117215801904
0 0.5759162303604616 0.7435897435761247 0.06492146596790659 0.12454212453984356
0 0.7507853403062745 0.6675824175701909 0.06492146596790659 0.14102564102305815
0 0.8842931937080178 0.8113553113404514 0.08481675392581343 0.18681318680976533
0 0.7664921465888325 0.9340659340488267 0.11727748690976672 0.13186813186571672
