0 0.07187499999910156 0.37699999999246 0.04124999999948437 0.06599999999868
0 0.09624999999879687 0.36199999999276 0.0349999999995625 0.06799999999864
0 0.15687499999803906 0.3349999999933 0.033749999999578124 0.05799999999884
0 0.23187499999710154 0.33399999999332 0.026249999999671873 0.04399999999912
0 0.3587499999955156 0.3099999999938 0.024999999999687498 0.051999999998959996
0 0.4174999999947812 0.30899999999382 0.027499999999656247 0.037999999999239996
0 0.4593749999942578 0.2949999999941 0.031249999999609375 0.04599999999908
0 0.5162499999935468 0.3049999999939 0.024999999999687498 0.04599999999908
0 0.5881249999926484 0.31899999999362 0.028749999999640622 0.04599999999908
0 0.7531249999905859 0.3349999999933 0.033749999999578124 0.06599999999868
0 0.8174999999897812 0.35799999999284 0.03749999999953125 0.0599999999988
0 0.8831249999889609 0.3799999999924 0.028749999999640622 0.05599999999888
0 0.966874999987914 0.39199999999216 0.03874999999951562 0.06399999999872
0 0.6687499999916406 0.78099999998438 0.09499999999881249 0.149999999997
0 0.43499999999456246 0.89899999998202 0.11499999999856249 0.1899999999962
0 0.1549999999980625 0.9039999999819199 0.159999999998 0.17599999999648
