0 3450000000.0 36950000000.0 6300000000.0 7300000000.0
0 11550000000.0 40900000000.0 10100000000.0 11600000000.0
0 19050000000.0 47000000000.0 12100000000.0 12400000000.0
0 22100000000.0 33250000000.0 5800000000.0 5500000000.0
0 14000000000.0 34050000000.0 4000000000.0 3900000000.0
0 30350000000.0 35300000000.0 6700000000.0 6600000000.0
0 33750000000.0 32500000000.0 4700000000.0 5200000000.0
0 29250000000.0 21050000000.0 3500000000.0 4300000000.0
0 42700000000.0 36850000000.0 5000000000.0 6700000000.0
0 45100000000.0 38250000000.0 6800000000.0 7100000000.0
0 42700000000.0 31800000000.0 4400000000.0 4200000000.0
0 53150000000.0 32200000000.0 5100000000.0 5400000000.0
0 58400000000.0 34250000000.0 5800000000.0 5100000000.0
0 58750000000.0 39150000000.0 7700000000.0 8100000000.0
0 60450000000.0 31950000000.0 3300000000.0 4500000000.0
0 67650000000.0 31900000000.0 3300000000.0 3600000000.0
0 70150000000.0 31500000000.0 3500000000.0 4000000000.0
0 70850000000.0 35250000000.0 6100000000.0 6300000000.0
0 76850000000.0 31000000000.0 4100000000.0 3600000000.0
0 65400000000.0 43750000000.0 8600000000.0 10100000000.0
