0 0.03431372549009095 0.7516339869250342 0.05821078431354715 0.09068627450943348
0 0.11718749999964097 0.7783905228726373 0.09283088235265677 0.11887254901912225
0 0.34589460784207754 0.7794117647026985 0.06740196078410722 0.11029411764660828
0 0.34436274509698417 0.7305964052257737 0.053921568627285775 0.07638888888857684
0 0.46063112744956913 0.7216094771212352 0.0726102941174246 0.0968137254898006
0 0.572303921566874 0.587214052285183 0.05085784313709909 0.09272875816955585
0 0.6813725490175203 0.7520424836570587 0.0655637254899952 0.10539215686231458
0 0.7506127450957395 0.7822712418268698 0.06801470588214456 0.10049019607802087
0 0.8244485294092387 0.7322303921538716 0.0606617647056965 0.1017156862740943
0 0.8921568627423647 0.7516339869250342 0.062499999999808514 0.10457516339826563
0 0.9430147058794638 0.7334558823499451 0.05821078431354715 0.0886437908493111
