0 0.03602941176417604 0.5202380952257086 0.0661764705872621 0.21190476189971655
0 0.02205882352908737 0.3738095238006236 0.04117647058762976 0.10952380952120182
0 0.14705882352724914 0.3488095238012188 0.052941176469809684 0.10238095237851474
0 0.18823529411487888 0.3821428571337585 0.06764705882253459 0.12619047618747167
0 0.2830882352899546 0.3357142857062925 0.060294117646172145 0.11904761904478459
0 0.34558823528903543 0.3833333333242064 0.07058823529307959 0.11904761904478459
0 0.42279411764084124 0.32023809523047053 0.060294117646172145 0.10238095237851474
0 0.5022058823455557 0.3749999999910714 0.06911764705780708 0.12619047618747167
0 0.5455882352860942 0.3214285714209184 0.05882352941089965 0.10476190475941044
0 0.335294117642128 0.6380952380800454 0.17647058823269896 0.26666666666031746
0 0.6610294117549849 0.3595238095152494 0.057352941175627156 0.14285714285374151
0 0.724264705871702 0.46190476189376417 0.09852941176325691 0.2047619047570295
0 0.8102941176351427 0.33928571427763604 0.05882352941089965 0.12142857142568028
0 0.7727941176356942 0.29166666665972224 0.04264705882290225 0.09761904761672335
0 0.9352941176333044 0.3714285714197279 0.07352941176362457 0.13333333333015873
0 0.9691176470445717 0.41904761903764176 0.061764705881444636 0.16666666666269842
0 0.8058823529293252 0.8666666666460318 0.2323529411730536 0.2619047618985261
