0 0.47615384614652073 0.400462962953693 0.03230769230719527 0.06018518518379201
0 0.5184615384535621 0.40277777776845425 0.0307692307687574 0.04629629629522462
0 0.5507692307607575 0.38194444443560316 0.0307692307687574 0.05555555555426955
0 0.6223076922981183 0.3946759259167899 0.029230769230319528 0.04861111110998586
0 0.6530769230668758 0.3506944444363265 0.035384615384071005 0.06712962962807571
0 0.720769230758142 0.37499999999131944 0.029230769230319528 0.05555555555426955
0 0.7738461538342486 0.385416666657745 0.03999999999938462 0.07175925925759817
0 0.7953846153723787 0.3645833333248939 0.036923076922508874 0.06249999999855324
0 0.8807692307556805 0.3622685185101327 0.07538461538345563 0.10879629629377786
0 0.9553846153699173 0.36111111110275207 0.05538461538376332 0.08333333333140433
