0 0.03218884120102599 0.5114285714139591 0.03862660944123118 0.06857142856946939
0 0.07510729613572731 0.5099999999854286 0.04291845493470132 0.059999999998285716
0 0.11695278969706109 0.5728571428407755 0.053648068668376646 0.07142857142653061
0 0.13090128755083902 0.508571428556898 0.04721030042817145 0.06285714285534694
0 0.20600858368656633 0.4428571428444898 0.03862660944123118 0.06285714285534694
0 0.22854077252728452 0.5142857142710204 0.04935622317490652 0.07428571428359183
0 0.19206008583278839 0.5999999999828571 0.06223175965531691 0.07999999999771429
0 0.3025751072896443 0.5242857142707347 0.03862660944123118 0.07142857142653061
0 0.26609442059514815 0.47428571427216326 0.03862660944123118 0.06285714285534694
0 0.3487124463444482 0.46857142855804085 0.040772532187966254 0.05714285714122449
0 0.3658798283183287 0.6057142856969796 0.06652360514878704 0.10285714285420408
0 0.42489270385354305 0.5057142856998368 0.04291845493470132 0.06285714285534694
0 0.5107296137229457 0.4285714285591837 0.034334763947761054 0.05714285714122449
0 0.5257510729500912 0.5928571428402041 0.06866952789552211 0.11142857142538776
0 0.6276824034200068 0.5799999999834285 0.06652360514878704 0.11999999999657143
0 0.5450643776707067 0.5328571428419183 0.05579399141511171 0.07714285714065307
0 0.5751072961249977 0.4571428571297959 0.03862660944123118 0.06857142856946939
0 0.6137339055662289 0.4214285714165306 0.03862660944123118 0.059999999998285716
0 0.6706008583547081 0.46857142855804085 0.04506437768143638 0.09142857142595918
0 0.700643776808999 0.5028571428427755 0.04935622317490652 0.07999999999771429
0 0.6952789699421613 0.43571428570183673 0.03862660944123118 0.07142857142653061
0 0.7446351931170678 0.5585714285554694 0.06437768240205198 0.09999999999714286
0 0.7843347639316666 0.4428571428444898 0.04506437768143638 0.06285714285534694
0 0.8401287553467783 0.3928571428459184 0.03648068669449612 0.06571428571240816
0 0.9216738197227108 0.43999999998742856 0.04935622317490652 0.07428571428359183
0 0.8626609441874965 0.49285714284306126 0.060085836908581845 0.08285714285477551
0 0.8487124463337186 0.5742857142693061 0.06652360514878704 0.11428571428244898
0 0.8884120171483173 0.6714285714093877 0.10729613733675329 0.17142857142367346
