0 0.04899999999902 0.2198879551759135 0.07399999999852 0.11484593837213317
0 0.10899999999782 0.23529411764046795 0.053999999998919995 0.10084033613162913
0 0.19399999999612 0.19887955181515743 0.04799999999904 0.07282913165062103
0 0.31999999999359996 0.26890756301767765 0.07599999999847999 0.10644257702783073
0 0.38899999999221996 0.22128851539996391 0.053999999998919995 0.07843137254682264
0 0.4799999999904 0.2226890756240143 0.039999999999199995 0.05882352941011699
0 0.549999999989 0.2507002801050224 0.03599999999928 0.07002801120252022
0 0.6019999999879599 0.24509803920882078 0.04799999999904 0.08123249299492345
0 0.66299999998674 0.3431372548923491 0.13399999999731999 0.2156862745037623
0 0.8369999999832599 0.24229691876071996 0.06199999999876 0.11484593837213317
