0 0.12222222222086421 0.6346153846047723 0.07999999999911112 0.13210702340916208
0 0.11222222222097532 0.4715719063466292 0.03777777777735803 0.07357859531649534
0 0.0516666666660926 0.4540133779188292 0.036666666666259264 0.06187290969796199
0 0.04777777777724692 0.39882943143145766 0.02444444444417284 0.03846153846089529
0 0.21055555555321606 0.4757525083532483 0.04333333333285185 0.0785953177244382
0 0.13333333333185185 0.4180602006619053 0.031111111110765435 0.05351170568472388
0 0.08333333333240742 0.3921404682208672 0.026666666666370374 0.04180602006619053
0 0.1805555555535494 0.40551839464204814 0.0322222222218642 0.05183946488207626
0 0.19888888888667902 0.39715719062881005 0.02444444444417284 0.04180602006619053
0 0.22999999999744447 0.38963210701689577 0.028888888888567905 0.04013377926354291
0 0.25611111110826545 0.4423076923002958 0.027777777777469138 0.0551839464873715
0 0.28888888888567904 0.39882943143145766 0.026666666666370374 0.04849498327678102
0 0.3216666666630926 0.43394648828705773 0.02999999999966667 0.05183946488207626
0 0.29555555555227164 0.48996655517575305 0.04888888888834568 0.07357859531649534
0 0.3983333333289074 0.45819397992544825 0.03444444444406173 0.0635451505006096
0 0.39888888888445684 0.39966555183278146 0.026666666666370374 0.05016722407942864
0 0.4199999999953334 0.520903010024734 0.04888888888834568 0.08193979932973344
0 0.45999999999488894 0.4080267558460196 0.031111111110765435 0.05351170568472388
0 0.3355555555518272 0.39548494982616245 0.028888888888567905 0.04180602006619053
0 0.5383333333273519 0.4230769230698482 0.0322222222218642 0.0635451505006096
0 0.5049999999943889 0.46237458193206726 0.03888888888845679 0.06856187290855248
0 0.592222222215642 0.32775919731893377 0.03333333333296296 0.0468227424741334
0 0.6155555555487161 0.485785953169134 0.03777777777735803 0.06856187290855248
0 0.637222222215142 0.4397993310963244 0.03444444444406173 0.06020066889531436
0 0.741666666658426 0.4439799331029435 0.0322222222218642 0.06187290969796199
