0 0.9246845425794583 0.42205056179182515 0.026025236592854693 0.05477528089810709
0 0.9148264984154982 0.41573033707281276 0.029968454258438734 0.06460674157212631
0 0.8769716088258914 0.4023876404437867 0.025236593059737883 0.04073033707807963
0 0.8359621451038174 0.4051966292077922 0.025236593059737883 0.051966292134101595
0 0.8205835962080396 0.38553370785975377 0.019716088327920222 0.03792134831407414
0 0.8142744479431051 0.3651685393207139 0.019716088327920222 0.04494382022408787
0 0.7641955835901878 0.5294943820150352 0.07570977917921365 0.1432584269642801
0 0.7058359621395439 0.5603932584190956 0.06309148264934471 0.14044943820027458
0 0.57334384857592 0.6102528089801931 0.10725552050388601 0.20646067415440364
0 0.5347003154531964 0.47191011235292263 0.045741324920774915 0.08146067415615926
0 0.6257886435281879 0.48455056179094735 0.03864353312272363 0.07865168539215377
0 0.7413249211298003 0.4634831460609061 0.037854889589606824 0.06460674157212631
0 0.7109621451048032 0.4283707865108375 0.03391167192402278 0.06179775280812082
0 0.7164826498366208 0.37289325842172905 0.022870662460387457 0.04634831460609062
0 0.6963722397421422 0.40660112358979494 0.022082018927270648 0.04073033707807963
0 0.6790220820135724 0.39747191010677707 0.02050473186103703 0.03932584269607688
0 0.6691640378496123 0.37991573033174275 0.016561514195452987 0.03792134831407414
0 0.6490536277551336 0.40168539325278535 0.023659305993504263 0.05617977528010984
0 0.6190851734966949 0.42205056179182515 0.031545741324672354 0.06039325842611808
0 0.5997634069353331 0.41081460673580317 0.024447949526621073 0.049157303370096106
0 0.6246056782285127 0.37570224718573453 0.018927444794803412 0.03792134831407414
0 0.5863564668723473 0.30266853932159177 0.016561514195452987 0.03230337078606316
0 0.5721608832762448 0.41783707864581693 0.030757097791555544 0.05758426966211258
0 0.5891167192382563 0.3848314606687524 0.01419558359610256 0.036516853932071394
0 0.5757097791752704 0.3876404494327579 0.017350157728569793 0.0337078651680659
0 0.5410094637181309 0.3806179775227441 0.017350157728569793 0.036516853932071394
0 0.5516561514152077 0.3721910112307277 0.013406940062985751 0.02808988764005492
0 0.5051261829613161 0.41713483145481556 0.02760252365908831 0.06179775280812082
0 0.5208990536236522 0.38272471909574823 0.019716088327920222 0.035112359550068646
0 0.5047318611947577 0.3806179775227441 0.015772870662336177 0.03932584269607688
0 0.48580441639995425 0.38834269662375925 0.023659305993504263 0.04353932584208512
0 0.47712933753566933 0.4122191011178059 0.023659305993504263 0.051966292134101595
0 0.4582018927408659 0.3848314606687524 0.02050473186103703 0.0337078651680659
0 0.44045741324573773 0.3848314606687524 0.019716088327920222 0.050561797752098854
0 0.4160094637191167 0.37289325842172905 0.019716088327920222 0.03230337078606316
0 0.41403785488632466 0.41432584269081 0.022082018927270648 0.04494382022408787
0 0.38801261829346995 0.425561797746832 0.025236593059737883 0.0674157303361318
0 0.3856466876941195 0.3764044943767359 0.018927444794803412 0.036516853932071394
0 0.37105678233145856 0.4058988763987936 0.02760252365908831 0.04775280898809336
0 0.3667192428993161 0.4543539325778883 0.034700315457139586 0.05477528089810709
0 0.33201892744217654 0.4262640449378334 0.031545741324672354 0.06601123595412905
0 0.35134069400353835 0.3869382022417565 0.019716088327920222 0.04634831460609062
0 0.29337539431945286 0.39606741572477433 0.026813880125971502 0.04775280898809336
0 0.2819400630892592 0.4676966292069144 0.03706624605649002 0.05898876404411533
0 0.264195583594131 0.4073033707807963 0.031545741324672354 0.05337078651610434
0 0.21963722397303126 0.41713483145481556 0.030757097791555544 0.050561797752098854
0 0.19913249211199424 0.6004213483061739 0.0985804416396011 0.1502808988742938
0 0.0449526813876581 0.4276685393198361 0.037854889589606824 0.07443820224614553
0 0.013801261829544154 0.436797752802854 0.026025236592854693 0.08426966292016476
