0 0.13124999999794923 0.32552693207668554 0.0781249999987793 0.14519906322844967
0 0.21796874999659424 0.3231850117020331 0.06093749999904786 0.10304449648470622
0 0.26093749999592286 0.37704918031903867 0.06874999999892578 0.1311475409805352
0 0.294531249995398 0.3114754098287711 0.057812499999096684 0.11709601873262071
0 0.3476562499945679 0.27400468383433246 0.051562499999194336 0.11709601873262071
0 0.35546874999444583 0.3992974238782366 0.0671874999989502 0.1334894613551876
0 0.3968749999937988 0.30679156907946625 0.053124999999169926 0.11709601873262071
0 0.45390624999290774 0.31850117095272834 0.06093749999904786 0.13583138172984002
0 0.5054687499921021 0.3138173302034235 0.05468749999914551 0.10304449648470622
0 0.5570312499912964 0.3149882903907497 0.057812499999096684 0.12880562060588277
0 0.6171874999903565 0.35480093675984076 0.06874999999892578 0.1334894613551876
0 0.6585937499897095 0.3559718969471669 0.045312499999291996 0.10772833723401104
0 0.7218749999887207 0.3489461358232097 0.08124999999873048 0.13583138172984002
0 0.6890624999892334 0.29391100701887796 0.04687499999926758 0.07728337236352967
0 0.4671874999927002 0.2634660421483966 0.04999999999921875 0.07728337236352967
0 0.5429687499915161 0.5433255269193601 0.07343749999885255 0.15925058547636417
0 0.6289062499901734 0.6264637002195208 0.08906249999860841 0.16159250585101656
0 0.6796874999893799 0.49180327867700696 0.10624999999833985 0.1826697892228883
0 0.85312499998667 0.30444964870481384 0.06562499999897461 0.12646370023123035
