0 0.7311111110948642 0.1991017964012245 0.053333333332148146 0.06886227544704004
0 0.775555555538321 0.2694610778362437 0.07555555555387654 0.11976047903833052
0 0.8911111110913086 0.4146706586702194 0.09333333333125926 0.1047904191585392
0 0.947777777756716 0.5179640718407795 0.09111111110908642 0.13173652694216356
0 0.6255555555416543 0.6002994011796318 0.1355555555525432 0.2185628742449532
0 0.6311111110970864 0.7754491017731902 0.1466666666634074 0.1856287425094123
0 0.5888888888758025 0.39970059879042813 0.06666666666518518 0.07485029939895657
0 0.539999999988 0.3278443113674298 0.053333333332148146 0.06886227544704004
0 0.5811111110981975 0.2709580838242228 0.04666666666562963 0.06886227544704004
0 0.6111111110975308 0.23502994011272366 0.03999999999911111 0.06287425149512352
0 0.4677777777673827 0.24101796406464016 0.042222222221283946 0.05089820359129047
0 0.3788888888804691 0.39670658681446985 0.06888888888735802 0.09880239520662268
0 0.4399999999902222 0.3383233532832837 0.08444444444256789 0.08982035927874789
0 0.3233333333261481 0.5568862275282369 0.09111111110908642 0.113772455086414
0 0.14888888888558025 0.7320359281217953 0.1466666666634074 0.15868263472578795
0 0.1411111111079753 0.5194610778287586 0.10444444444212345 0.11077844311045573
0 0.18222222221817283 0.4176646706461777 0.07555555555387654 0.08682634730278962
0 0.23999999999466665 0.32485029939147153 0.06222222222083951 0.0808383233508731
0 0.24888888888335803 0.2754491017881602 0.044444444443456785 0.04191616766341568
0 0.29444444443790124 0.23952095807666104 0.05111111110997531 0.06586826347108178
0 0.21555555555076542 0.23652694610070277 0.044444444443456785 0.05988023951916526
0 0.1577777777742716 0.2694610778362437 0.05777777777649382 0.07784431137491483
0 0.03333333333259259 0.33233532933136717 0.05777777777649382 0.08383233532683136
