0 0.24493927125175521 0.565647482004215 0.19838056679894223 0.2895683453185329
0 0.27530364372098104 0.24730215826893343 0.10526315789331628 0.17805755395363207
0 0.4176788124100178 0.09532374100547979 0.06342780026904955 0.09352517985443301
0 0.48717948717291254 0.09352517985443301 0.05398110661195707 0.09352517985443301
0 0.5465587044460654 0.08183453237262887 0.04858299595076136 0.08453237409919906
0 0.5580296896011062 0.15917266186764079 0.060728744938451706 0.09532374100547979
0 0.6079622132171665 0.285071942440916 0.10661268555861521 0.1744604316515385
0 0.3954116059325855 0.0314748201433188 0.04858299595076136 0.05935251798454402
0 0.6821862348086075 0.030575539567795407 0.04723346828546243 0.05755395683349723
0 0.8076923076814077 0.03776978417198256 0.05263157894665814 0.0647482014376844
0 0.9230769230644659 0.026978417265701826 0.051282051281359216 0.05035971222931008
0 0.9001349527543842 0.49550359711339026 0.19973009446424117 0.32553956833946873
