0 0.07115869017542621 0.471014492742246 0.07682619647258404 0.1449275362283834
0 0.06423173803445552 0.78502415457041 0.12594458438128533 0.3623188405709585
0 0.014483627203847813 0.2632850241482298 0.02392947103244421 0.10144927535986838
0 0.10264483627074754 0.3671497584452379 0.06423173803445552 0.13043478260554506
0 0.15302267002326167 0.3623188405709585 0.04911838790870127 0.1352657004798245
0 0.25188916876257067 0.30314009661103525 0.030226700251508476 0.0942028985484492
0 0.36083123425238245 0.2487922705253915 0.028967254407695625 0.057971014491353355
0 0.36460957178382103 0.36956521738237763 0.04659949622107557 0.09661835748558892
0 0.6316120906721459 0.3309178743881421 0.04408060453344986 0.0724637681141917
0 0.6958438287066014 0.39734299515948446 0.06171284634682981 0.11835748791984643
0 0.7877833753049397 0.3357487922624215 0.04408060453344986 0.10144927535986838
0 0.9540302266882363 0.3586956521652489 0.06423173803445552 0.11835748791984643
0 0.6397984886569295 0.6557971014334348 0.1158690176307825 0.22946859902827368
