0 0.021621621621329436 0.3974999999900625 0.040540540539992696 0.09499999999762501
0 0.11013513513364681 0.494999999987625 0.06081081080998904 0.12999999999675
0 0.1520270270249726 0.4474999999888125 0.0391891891886596 0.08999999999775
0 0.1310810810793097 0.36999999999075 0.03783783783732651 0.07499999999812501
0 0.26081081080728635 0.414999999989625 0.040540540539992696 0.09499999999762501
0 0.2439189189156227 0.39874999999003125 0.041891891891325785 0.09749999999756251
0 0.2675675675639518 0.5712499999857188 0.11351351351197954 0.2224999999944375
0 0.3452702702656044 0.4562499999885938 0.0662162162153214 0.1374999999965625
0 0.4344594594535884 0.39374999999015625 0.041891891891325785 0.0924999999976875
0 0.5108108108039079 0.46374999998840627 0.06216216216132213 0.1224999999969375
0 0.5689189189112308 0.39124999999021876 0.04864864864799123 0.09749999999756251
0 0.6851351351258765 0.18624999999534375 0.035135135134660336 0.0924999999976875
0 0.8243243243131848 0.27624999999309374 0.0783783783773192 0.1624999999959375
