0 0.09111111110908642 0.7733333333075556 0.17777777777382714 0.4133333333195556
0 0.10666666666429629 0.5916666666469445 0.07111111110953086 0.1033333333298889
0 0.17777777777382714 0.5783333333140556 0.05777777777649382 0.09666666666344445
0 0.24888888888335803 0.6199999999793333 0.06666666666518518 0.119999999996
0 0.29555555554898766 0.6933333333102223 0.08444444444256789 0.16666666666111113
0 0.26888888888291357 0.5799999999806666 0.053333333332148146 0.07999999999733334
0 0.39666666665785183 0.449999999985 0.04666666666562963 0.09333333333022223
0 0.4477777777678271 0.39666666665344447 0.05999999999866666 0.09999999999666667
0 0.43111111110153083 0.6199999999793333 0.08444444444256789 0.1599999999946667
0 0.5366666666547407 0.5949999999801667 0.05999999999866666 0.09666666666344445
0 0.6022222222088395 0.629999999979 0.07111111110953086 0.119999999996
0 0.719999999984 0.6099999999796667 0.07111111110953086 0.11333333332955556
0 0.6955555555400987 0.8983333333033889 0.17777777777382714 0.20333333332655557
0 0.8966666666467407 0.8783333333040556 0.1355555555525432 0.1766666666607778
