0 0.09818181818003305 0.588797814191563 0.11636363636152065 0.15573770491377767
0 0.22545454545044627 0.3797814207546508 0.05090909090816528 0.07650273223834693
0 0.3209090909032562 0.3784153005361089 0.045454545453719006 0.07923497267543074
0 0.3136363636306611 0.3210382513573487 0.034545454544826444 0.04098360655625728
0 0.36909090908419834 0.2896174863308848 0.032727272726677685 0.06010928961584401
0 0.38818181817476033 0.3128415300460972 0.04181818181742149 0.08469945354959837
0 0.4172727272651405 0.37021857922485746 0.049090909090016524 0.1010928961721013
0 0.4881818181729421 0.3333333333242259 0.049090909090016524 0.0874316939866822
0 0.44818181817366937 0.3046448087348458 0.034545454544826444 0.0737704918012631
0 0.41272727271976856 0.2622950819600466 0.0363636363629752 0.07650273223834693
0 0.48090909090034706 0.27049180327129807 0.030909090908528922 0.06010928961584401
0 0.5254545454449917 0.2923497267679686 0.032727272726677685 0.07650273223834693
0 0.5727272727168594 0.2732240437083819 0.032727272726677685 0.07103825136417928
0 0.5636363636261157 0.39071038250298606 0.05454545454446281 0.09836065573501747
0 0.6018181818072397 0.34153005463547736 0.032727272726677685 0.08196721311251456
0 0.6299999999885454 0.3101092896090134 0.030909090908528922 0.07923497267543074
0 0.6518181818063306 0.30054644807922004 0.030909090908528922 0.06557377049001165
0 0.6618181818061487 0.2445355191190018 0.03999999999927272 0.07923497267543074
0 0.7254545454413553 0.38797814206590225 0.05090909090816528 0.10928961748335275
0 0.7554545454408098 0.34562841529110305 0.034545454544826444 0.08469945354959837
0 0.758181818168033 0.2950819672050524 0.032727272726677685 0.06557377049001165
