0 0.10644531249896051 0.7109144542668007 0.062499999999389655 0.11799410029324492
0 0.14453124999858857 0.6991150442374762 0.04296874999958039 0.10029498524925819
0 0.29345703124713424 0.713126843647299 0.06152343749939919 0.13126843657623496
0 0.33691406249670985 0.7094395280131351 0.05468749999946595 0.09439528023459594
0 0.3764648437463236 0.8112094395160588 0.08496093749917032 0.14454277285922504
0 0.46386718749547007 0.9011799409896581 0.16406249999839784 0.19764011799118525
0 0.48681640624524597 0.7367256637059479 0.059570312499418264 0.11356932153224823
0 0.5659179687444735 0.5081120943877859 0.04980468749951363 0.07227138642961252
0 0.6269531249938775 0.8421828908430357 0.10156249999900818 0.17699115043986738
0 0.6958007812432051 0.7927728613452393 0.06542968749936104 0.09882005899559262
0 0.8842773437413646 0.8156342182770555 0.09277343749909402 0.1504424778738873
0 0.6333007812438155 0.7787610619354165 0.07324218749928475 0.11209439527858267
