0 0.038333333332055554 0.2236180904410242 0.06999999999766666 0.14572864320875734
0 0.08666666666377779 0.22613065325496828 0.05333333333155556 0.10050251255776368
0 0.06499999999783333 0.14572864320875734 0.05666666666477778 0.09045226130198732
0 0.05166666666494445 0.11306532662748414 0.06333333333122222 0.10552763818565186
0 0.21333333332622223 0.25376884420835333 0.07999999999733334 0.13567839195298098
0 0.2549999999915 0.218592964813136 0.049999999998333336 0.11557788944142824
0 0.20499999999316668 0.17587939697608646 0.05666666666477778 0.09045226130198732
0 0.32166666665594446 0.22864321606891239 0.06999999999766666 0.1256281406972046
0 0.1516666666616111 0.437185929626272 0.10999999999633334 0.19095477385975101
0 0.3316666666556111 0.4547738693238807 0.08999999999700001 0.15577889446453372
0 0.3716666666542778 0.3467336683242847 0.06999999999766666 0.14070351758086916
0 0.4049999999865 0.23366834169680056 0.05666666666477778 0.10552763818565186
0 0.4833333333172222 0.27889447234779424 0.059999999998 0.11557788944142824
0 0.479999999984 0.1582914572784778 0.046666666665111114 0.08542713567409913
0 0.4949999999835 0.42713567837049565 0.1033333333298889 0.15075376883664554
0 0.568333333314389 0.3190954773708997 0.06999999999766666 0.1256281406972046
0 0.6116666666462778 0.2763819095338501 0.049999999998333336 0.11055276381354005
0 0.6766666666441111 0.1934673366736951 0.05333333333155556 0.09547738692987551
0 0.6616666666446112 0.42211055274260745 0.07666666666411111 0.17085427134819825
0 0.7066666666431112 0.3517587939521729 0.059999999998 0.11055276381354005
0 0.7599999999746667 0.3718592964637256 0.059999999998 0.14070351758086916
0 0.749999999975 0.26130653265018555 0.05333333333155556 0.08040201004621095
0 0.8466666666384445 0.16582914572031007 0.16666666666111113 0.3015075376732911
0 0.9783333333007223 0.26130653265018555 0.04333333333188889 0.11055276381354005
0 0.9216666666359444 0.25376884420835333 0.049999999998333336 0.11557788944142824
