0 0.1783333333303611 0.2180451127764901 0.06666666666555555 0.10025062656390349
0 0.4708333333254861 0.3809523809428333 0.03166666666613889 0.050125313281951744
0 0.49583333332506946 0.3796992481107845 0.034999999999416664 0.05764411027424451
0 0.5266666666578889 0.41353383457610193 0.03999999999933333 0.06516290726653727
0 0.5599999999906666 0.4586466165298585 0.03999999999933333 0.07518796992292762
0 0.6133333333231111 0.48746867166698077 0.053333333332444444 0.08270676691522039
0 0.6691666666555138 0.546365914773274 0.061666666665638886 0.09523809523570832
0 0.6208333333229861 0.3596491227980038 0.02833333333286111 0.04761904761785416
0 0.6733333333221111 0.36466165412619894 0.0299999999995 0.052631578946049334
0 0.6916666666551389 0.40100250625561396 0.026666666666222222 0.06516290726653727
0 0.7149999999880833 0.40852130324790675 0.03999999999933333 0.07518796992292762
0 0.7266666666545556 0.3383458646531743 0.026666666666222222 0.04511278195375657
0 0.7599999999873334 0.35463659146980864 0.0299999999995 0.06265664160243968
0 0.8116666666531389 0.4561403508657609 0.04999999999916667 0.07518796992292762
0 0.8274999999862083 0.64411027567308 0.09166666666513888 0.1403508771894649
0 0.8866666666518889 0.5350877192848349 0.059999999999 0.10275689222800108
0 0.8516666666524723 0.3771929824466869 0.03999999999933333 0.06265664160243968
0 0.9191666666513472 0.40726817041585794 0.04166666666597222 0.06265664160243968
0 0.982499999983625 0.43233082705683384 0.03166666666613889 0.07268170425883004
0 0.9833333333169444 0.37092731828644293 0.03333333333277778 0.055137844610146924
