0 0.050781249999206544 0.4565727699423339 0.06093749999904786 0.08685446009185788
0 0.03281249999948731 0.6537558685292545 0.06249999999902344 0.15258215962083138
0 0.19374999999697268 0.5046948356689038 0.07499999999882813 0.11737089201602414
0 0.3695312499942261 0.544600938954352 0.07343749999885255 0.10798122065474222
0 0.4210937499934204 0.6408450704074918 0.11406249999821778 0.15492957746115188
0 0.35390624999447023 0.8075117370702461 0.16406249999743652 0.2347417840320483
0 0.5992187499906373 0.5563380281559545 0.08906249999860841 0.14553990609986994
0 0.48437499999243167 0.5293427229922689 0.07187499999887696 0.10563380281442174
0 0.6476562499898804 0.32746478872470736 0.051562499999194336 0.07276995304993497
0 0.7078124999889405 0.481220657265699 0.06562499999897461 0.12676056337730607
0 0.8140624999872803 0.5293427229922689 0.09374999999853516 0.15258215962083138
0 0.7445312499883667 0.7065727699364653 0.1109374999982666 0.20187793426756154
0 0.9367187499853639 0.8861502347209823 0.1234374999980713 0.2183098591498049
0 0.9632812499849488 0.5129107981100255 0.06406249999899903 0.13380281689826753
