0 0.5425373134247382 0.5834990059526144 0.10895522387897082 0.12922465208490608
0 0.768656716406438 0.5089463220574763 0.10447761193873914 0.14711729621973924
0 0.8843283581957563 0.41351888667169945 0.07014925373029628 0.10337972166792486
0 0.9589552238662843 0.2872763419425989 0.03731343283526398 0.06560636182772155
0 0.7388059701382268 0.29224652086894143 0.04776119402913789 0.06361829025718453
0 0.6686567164079305 0.3827037773283757 0.07462686567052795 0.08548707753309172
0 0.635074626856193 0.3001988071510895 0.04328358208890622 0.05566600397503647
0 0.582089552230118 0.2763419483046453 0.03582089552185342 0.0477137176928884
0 0.54701492536497 0.295228628224747 0.03432835820844286 0.04572564612235138
0 0.5455223880515594 0.35288270377032044 0.06119402984983292 0.08548707753309172
0 0.47910447760478947 0.38568588468418125 0.06268656716324349 0.06759443339825856
0 0.4291044776055358 0.3518886679850519 0.04626865671572734 0.059642147116110496
0 0.4388059701427044 0.2982107355805525 0.03582089552185342 0.05168986083396243
0 0.5067164179028848 0.28131212723098786 0.03134328358162174 0.04970178926342542
0 0.4641791044706839 0.5029821073458652 0.0805970149241702 0.10735586480899889
0 0.26119402984684786 0.5735586480999293 0.10149253731191803 0.12922465208490608
0 0.22238805969817332 0.5119284294132818 0.06268656716324349 0.09343936381523978
0 0.14701492537094007 0.5397614314008 0.07611940298393852 0.08946322067416575
0 0.13358208955024506 0.45228628229717127 0.06119402984983292 0.07753479125094365
0 0.16641791044527734 0.4214711729538475 0.04626865671572734 0.05566600397503647
0 0.20671641790736245 0.36878727633461655 0.04925373134254845 0.05765407554557348
0 0.30522388059245936 0.41053677931589394 0.05820895522301181 0.06163021868664752
0 0.2985074626821118 0.3588469184819315 0.04179104477549565 0.06163021868664752
0 0.11865671641613945 0.37773359840203313 0.0402985074620851 0.05168986083396243
0 0.02014925373104255 0.3946322067515978 0.03731343283526398 0.07753479125094365
