0 0.20247933883962843 0.2409090909017906 0.05123966942064066 0.09393939393654728
0 0.3462809917298135 0.2378787878715794 0.03471074380107916 0.07575757575528007
0 0.4247933884227307 0.2181818181752066 0.04958677685868451 0.09696969696675849
0 0.515702479330319 0.2303030302960514 0.03636363636303531 0.07878787878549127
0 0.59256198346128 0.19848484847883377 0.06776859504020216 0.1181818181782369
0 0.538016528916727 0.2196969696903122 0.024793388429342256 0.05757575757401285
0 0.6743801652781094 0.19696969696372818 0.04628099173477221 0.10303030302718089
0 0.7570247933759169 0.1999999999939394 0.05619834710650912 0.1090909090876033
0 0.8314049586639437 0.13333333332929292 0.09256198346954442 0.17575757575224976
0 0.7314049586655965 0.1999999999939394 0.02809917355325456 0.07272727272506886
0 0.9239669421334881 0.19545454544862256 0.03636363636303531 0.08181818181570247
