0 0.08333333333194444 0.511111111099753 0.07333333333211112 0.11999999999733332
0 0.13166666666447222 0.4177777777684938 0.03666666666605556 0.05777777777649382
0 0.20749999999654167 0.5977777777644938 0.11499999999808333 0.19999999999555554
0 0.25416666666243054 0.30333333332659257 0.06499999999891666 0.12222222221950617
0 0.3549999999940833 0.39666666665785183 0.03666666666605556 0.05999999999866666
0 0.42916666665951386 0.5411111110990864 0.08166666666530556 0.11777777777516049
0 0.49416666665843056 0.4033333333243704 0.034999999999416664 0.05999999999866666
0 0.5316666666578056 0.4299999999904444 0.07333333333211112 0.08666666666474074
0 0.5608333333239861 0.31222222221528395 0.038333333332694446 0.055555555554320984
0 0.6216666666563055 0.3833333333248148 0.04999999999916667 0.07777777777604938
0 0.8183333333196944 0.46999999998955555 0.09333333333177778 0.1399999999968889
0 0.9249999999845833 0.4388888888791358 0.07666666666538889 0.11777777777516049
