0 0.06186267844961345 0.3392857142822522 0.08837525492801922 0.13775510203941066
0 0.1580557443904959 0.23112244897723344 0.06594153636936818 0.09489795918270512
0 0.2498300475849774 0.26071428571162536 0.05778382052985871 0.08877551020317576
0 0.38647178789676095 0.5219387755048781 0.18966689326859507 0.35408163264944814
0 0.4476546566930819 0.05561224489739171 0.04554724677059452 0.09081632652968555
0 0.4935418082903227 0.26479591836464494 0.06526172671607572 0.09285714285619533
0 0.6342624065218609 0.206632653059116 0.048946295037056796 0.08469387755015619
0 0.680489462945748 0.3535714285678207 0.10876954452679288 0.1785714285696064
0 0.7845003398994936 0.2775510204053311 0.06662134602266064 0.12448979591709704
0 0.8779741672272062 0.2571428571402332 0.0564242012232738 0.09999999999897959
0 0.9157036029849375 0.21683673469166492 0.04078857919754733 0.07653061224411703
