0 0.1699218749986725 0.7198124267207525 0.1351562499989441 0.1781946072663752
0 0.17499999999863283 0.5955451348113067 0.11406249999910889 0.16178194607078802
0 0.10507812499917908 0.5468933176958161 0.09453124999926148 0.14419695193265888
0 0.08437499999934082 0.4437280187521251 0.07812499999938965 0.11137162954148451
0 0.052343749999591065 0.5169988276609965 0.07343749999942627 0.12192262602436199
0 0.028124999999780274 0.43903868698195736 0.051562499999597174 0.08323563892047789
0 0.19374999999848633 0.37221570925706665 0.04687499999963379 0.07385697538014235
0 0.26093749999796145 0.364009378659273 0.04843749999962158 0.07620164126522624
0 0.32578124999745484 0.3686987104294408 0.045312499999646 0.07385697538014235
0 0.3761718749970612 0.33939038686589224 0.0445312499996521 0.06447831183980682
0 0.3457031249972992 0.7350527549737977 0.1320312499989685 0.2415005861636401
0 0.528124999995874 0.7754982414914947 0.16562499999870606 0.27080890972718863
0 0.7140624999944214 0.7110199296516879 0.15156249999881594 0.22626025791059484
0 0.6253906249951142 0.08851113716191664 0.046093749999639895 0.0973036342309812
0 0.7265624999943238 0.25791324735922727 0.0671874999994751 0.11488862836911033
