0 0.08723958333276538 0.0836380255933854 0.07031249999954224 0.10511882998075761
0 0.08463541666611565 0.3829981718429342 0.1041666666659885 0.1828153564882741
0 0.20019531249869665 0.24314442412940454 0.10742187499930064 0.14808043875550203
0 0.29492187499808 0.15585009140625367 0.0833333333327908 0.14351005484329515
0 0.4049479166640303 0.06581352833577868 0.06901041666621738 0.10968921389296446
0 0.5491536458297581 0.2605118829957906 0.1178385416658995 0.1919561243126878
0 0.5996093749960963 0.1297989031066746 0.08463541666611565 0.14808043875550203
0 0.3860677083308199 0.5260511882950087 0.16796874999890646 0.24405850091184592
0 0.8287760416612711 0.5872943327185806 0.22265624999855044 0.3446069469803967
0 0.9055989583274375 0.2774223034709559 0.14062499999908448 0.24954296160649414
0 0.9638671874937249 0.11974405849981953 0.07226562499952953 0.18464351005315682
0 0.6373697916625172 0.04798903107817195 0.07682291666616653 0.09232175502657841
