0 0.0684650997149778 0.6575854700837137 0.12410968660946561 0.19230769230717867
0 0.03320868945863033 0.57118055555403 0.06428062678051231 0.11404914529884069
0 0.03703703703697109 0.45926816239193574 0.07051282051269496 0.1306089743586255
0 0.016737891737861933 0.34775641025548143 0.028846153846102483 0.08012820512799111
0 0.18972578347544564 0.35910790598194686 0.05146011396002233 0.06169871794855316
0 0.17948717948685988 0.5723824786309498 0.09793447293429855 0.16346153846110187
0 0.2705662393157575 0.6057692307676128 0.10345441595423174 0.201388888888351
0 0.29282407407355265 0.9225427350402711 0.21670227920189333 0.15491452991411617
0 0.3136574074068489 0.5954861111095207 0.08707264957249453 0.16639957264912822
0 0.3872863247856352 0.37406517093917185 0.05056980056971052 0.09161324786300318
0 0.4667022792014482 0.4818376068363199 0.08760683760668161 0.14476495726457062
0 0.42565883190807396 0.5471420940156326 0.08351139601124731 0.13969017093979785
0 0.5523504273494438 0.5142895299131564 0.06018518518507802 0.09855769230742907
0 0.6299857549846332 0.5594284188019246 0.08974358974342994 0.1375534188030514
0 0.6098646723635864 0.8629807692284643 0.1766381766378621 0.25373931623863855
0 0.697916666665424 0.6817574786306577 0.10202991452973285 0.18082264957216662
0 0.6680021367509473 0.4962606837593583 0.06712962962951009 0.1079059829056947
0 0.7732371794858026 0.5436698717934197 0.06499287749276177 0.11404914529884069
0 0.8352029914515042 0.5285790598276481 0.0657051282050112 0.10897435897406792
0 0.9333155270638651 0.7413194444424644 0.1333689458687084 0.2566773504266649
0 0.8844373219357471 0.6359508546991561 0.08760683760668161 0.15918803418760902
0 0.9576210826193774 0.5745192307676963 0.08475783475768384 0.1511752136748099
