0 0.20789473683991688 0.6607476635390515 0.08736842105171191 0.1738317756976854
0 0.12105263157767313 0.5869158878394969 0.06736842105192244 0.11962616822206307
0 0.08421052631490304 0.5121495327007075 0.05052631578894183 0.08224299065266835
0 0.08789473684118006 0.43364485980497863 0.045263157894260386 0.08598130840960783
0 0.033157894736493075 0.44205607475809244 0.047368421052132965 0.07289719626031968
0 0.16999999999821053 0.4214953270949253 0.03263157894702493 0.06542056074644075
0 0.2031578947347036 0.4261682242910997 0.029473684210216067 0.06355140186797101
0 0.22736842105023822 0.4485981308327365 0.0357894736838338 0.07476635513878942
0 0.2436842105237507 0.40093457943175825 0.028421052631279777 0.04299065420480391
0 0.28526315789173406 0.4345794392442135 0.0526315789468144 0.09532710280195651
0 0.3073684210493961 0.4177570093379859 0.03789473684170637 0.06168224298950127
0 0.332631578943867 0.5214953270930562 0.056842105262559554 0.10841121495124466
0 0.391052631574831 0.5345794392423443 0.05999999999936842 0.11962616822206307
0 0.4052631578904709 0.47663551400978255 0.0357894736838338 0.07102803738184994
0 0.37105263157504154 0.4457943925150319 0.03263157894702493 0.06168224298950127
0 0.3810526315749363 0.4130841121418115 0.029473684210216067 0.05233644859715259
0 0.35947368420674236 0.3785046728901214 0.024210526315534626 0.04672897196174339
0 0.34842105262791134 0.3644859813015984 0.018947368420853185 0.05233644859715259
0 0.3057894736809917 0.3644859813015984 0.024210526315534626 0.041121495326334176
0 0.39999999999578945 0.36635514018006815 0.025263157894470915 0.048598130840213125
0 0.44526315789004983 0.3682242990585379 0.029473684210216067 0.05233644859715259
0 0.4578947368372853 0.40934579438487206 0.029473684210216067 0.059813084111031534
0 0.4684210526266482 0.4607476635427898 0.0357894736838338 0.08037383177419863
0 0.5163157894682493 0.49439252335524503 0.045263157894260386 0.1102803738297144
0 0.5431578947311246 0.452336448589676 0.0357894736838338 0.07476635513878942
0 0.51894736841559 0.4102803738241069 0.029473684210216067 0.06168224298950127
0 0.5563157894678282 0.36355140186236357 0.0263157894734072 0.05420560747562233
0 0.5784210526254903 0.3822429906470609 0.028421052631279777 0.057943925232561797
0 0.6115789473619834 0.4177570093379859 0.03999999999957895 0.0691588785033802
0 0.6273684210460276 0.36635514018006815 0.02736842105234349 0.059813084111031534
0 0.6515789473615623 0.38130841120782605 0.025263157894470915 0.059813084111031534
0 0.6889473684138006 0.3616822429838938 0.028421052631279777 0.06168224298950127
0 0.6931578947295457 0.8869158878338894 0.12736842105129087 0.226168224294838
0 0.7584210526235956 0.6757009345668094 0.07894736842022161 0.1850467289685038
0 0.8289473684123269 0.5626168224193904 0.07263157894660388 0.1383177570067604
0 0.800526315781047 0.4775700934490174 0.05157894736787812 0.09158878504501704
0 0.8189473684124321 0.430841121487274 0.03999999999957895 0.08037383177419863
0 0.8494736842015844 0.4046728971886977 0.03157894736808864 0.0691588785033802
0 0.8652631578856288 0.37476635513318196 0.03368421052596122 0.06168224298950127
0 0.9805263157791523 0.5514018691485719 0.038947368420642656 0.1383177570067604
0 0.9657894736740443 0.5177570093361167 0.045263157894260386 0.10467289719430518
0 0.9678947368319168 0.4373831775619181 0.041052631578515235 0.08598130840960783
0 0.9831578947264931 0.402803738310228 0.03157894736808864 0.0691588785033802
0 0.9747368420950028 0.37289719625471224 0.03368421052596122 0.06542056074644075
