0 0.138139204544964 0.45265151514937196 0.09303977272694233 0.10984848484796474
0 0.25266335227183007 0.4713541666644349 0.06640624999976419 0.11505681818127342
0 0.021484374999923707 0.4547821969675437 0.03941761363622366 0.07339015151480403
0 0.36647727272597136 0.4644886363614371 0.049005681818007796 0.0928030303025909
0 0.44158380681661374 0.38825757575573744 0.03302556818170091 0.047348484848260666
0 0.46661931818016117 0.46543560605840234 0.034801136363512786 0.04640151515129545
0 0.6841264204521161 0.4467329545433394 0.028764204545352404 0.055397727272464975
0 0.7412997159064585 0.4502840909069589 0.06356534090886519 0.08143939393900834
0 0.8053977272698672 0.44223484848275463 0.050426136363457295 0.08049242424204313
0 0.8749999999968928 0.4498106060584763 0.09446022727239184 0.11174242424189516
