0 0.04746835442987903 0.5323854660263446 0.08438818565311827 0.12954186413697405
0 0.20411392404847983 0.47314375986614304 0.06434599156050269 0.09320695102538377
0 0.24578059071470698 0.6232227488053204 0.10970464134905376 0.1753554502341966
0 0.3517932489414368 0.4154818325368802 0.04746835442987903 0.07582938388505799
0 0.37447257383571236 0.4794628751898979 0.0632911392398387 0.10268562401101602
0 0.40453586497463573 0.4154818325368802 0.04535864978855107 0.0789889415469354
0 0.39451476792832796 0.33017377566619 0.03586497890257527 0.06951026856130316
0 0.439345991556547 0.28988941547725294 0.05590717299519086 0.0963665086872612
0 0.6049578059007916 0.35860979462308673 0.049578059071206985 0.11058451816570956
0 0.6228902953520793 0.3009478672938239 0.04324894514722312 0.07424960505411927
0 0.6513713080100066 0.2969984202164771 0.024261603375271504 0.04107424960440641
0 0.6861814345919179 0.30568720378664 0.02004219409261559 0.03633491311159028
0 0.6977848101192218 0.29936808846288515 0.017932489451287635 0.03633491311159028
0 0.731540084380469 0.3025276461247626 0.022151898733943548 0.03317535544971287
0 0.6962025316382258 0.3767772511788819 0.029535864978591397 0.06477093206848702
0 0.7120253164481855 0.3657187993623109 0.023206751054607525 0.04581358609722253
0 0.638713080162039 0.5458135860893236 0.07489451476714247 0.11532385465852568
0 0.8180379746749152 0.5521327014130785 0.09599156118042204 0.14375987361542242
0 0.9477848101165847 0.495260663499285 0.05801687763651881 0.10268562401101602
0 0.9156118143363333 0.40916271721312536 0.05274261603319892 0.07582938388505799
0 0.9546413502009005 0.3933649289037383 0.03586497890257527 0.06003159557567091
0 0.9667721518885363 0.31911532384961905 0.028481012657927417 0.056872037913793486
0 0.9393459915512729 0.3562401263766787 0.02637130801659946 0.0394944707734677
0 0.8997890295263736 0.3317535544971287 0.021097046413279568 0.03791469194252899
0 0.8665611814254583 0.3349131121590061 0.03481012658191129 0.05371248025191607
0 0.833333333324543 0.3672985781932496 0.03164556961991935 0.06161137440660961
0 0.7937763712996437 0.31990521326508836 0.028481012657927417 0.0394944707734677
0 0.8064345991476115 0.2914691943081916 0.02004219409261559 0.030015797787835453
