0 0.05615234374945164 0.3368107302483337 0.08886718749913217 0.15201192250146034
0 0.16894531249835015 0.37406855439084846 0.07031249999931335 0.11028315946184376
0 0.2080078124979687 0.4120715350162135 0.019531249999809267 0.0521609537995207
0 0.21972656249785424 0.4061102831534112 0.019531249999809267 0.04918032786811952
0 0.23925781249766354 0.4418777943302254 0.03320312499967575 0.05514157973092188
0 0.3295898437467814 0.41430700446476443 0.06347656249938012 0.09836065573623903
0 0.37255859374636174 0.39567809239350704 0.045898437499551775 0.08494783904493372
0 0.42333984374586586 0.40461997018771056 0.045898437499551775 0.08196721311353253
0 0.46337890624547484 0.41430700446476443 0.03417968749966622 0.06557377049082602
0 0.5175781249949456 0.4195230998447165 0.03710937499963761 0.06408345752512544
0 0.49267578124518874 0.4336810730188721 0.024414062499761583 0.04172876303961656
0 0.5610351562445212 0.4523099850901295 0.018554687499818805 0.04321907600531715
0 0.5952148437441874 0.4217585692932674 0.03417968749966622 0.06259314455942484
0 0.6230468749939156 0.44634873322732715 0.019531249999809267 0.0342771982111136
0 0.6420898437437297 0.4478390461930277 0.024414062499761583 0.04619970193671834
0 0.6762695312433958 0.45007451564157863 0.030273437499704365 0.04172876303961656
0 0.7119140624930478 0.4478390461930277 0.02343749999977112 0.04023845007391597
0 0.739746093742776 0.4508196721244289 0.018554687499818805 0.04023845007391597
0 0.7622070312425566 0.44932935915872835 0.022460937499780658 0.03725782414251479
