0 0.29642857142433676 0.4849785407621249 0.15571428571206122 0.26609442059514815
0 0.21999999999685715 0.41845493561333785 0.11428571428408163 0.22317596566044684
0 0.07357142857037755 0.22103004291371178 0.11571428571263265 0.21030042918003647
0 0.09357142857009183 0.06115879828194938 0.08714285714161224 0.10515021459001823
0 0.2528571428535306 0.09012875536287276 0.10285714285567348 0.16738197424533513
0 0.37499999999464284 0.25321888411473775 0.11571428571263265 0.19313304720615593
0 0.35928571428058165 0.06223175965531691 0.08714285714161224 0.11587982832369356
0 0.4628571428505306 0.08905579398950524 0.10571428571277551 0.16094420600512993
0 0.520714285706847 0.275751072955456 0.11571428571263265 0.20386266093983127
0 0.5785714285631632 0.5461373390440742 0.19142857142583675 0.33690987123740535
0 0.6907142857044184 0.41630901286660277 0.14142857142655102 0.23175965664738712
0 0.6207142857054184 0.22424892703381438 0.10142857142712244 0.16952789699207022
0 0.5892857142772959 0.08476394849603511 0.09285714285581632 0.14806866952471956
0 0.7799999999888572 0.09978540772318056 0.08857142857016327 0.17811158797901047
0 0.8514285714164082 0.39484978539925214 0.1114285714269796 0.25321888411473775
0 0.9392857142722959 0.5139484978430483 0.12142857142683673 0.36266094419822614
0 0.9592857142720103 0.24678111587453258 0.08142857142740817 0.21888412016697673
0 0.8199999999882858 0.8572961373206588 0.24285714285367346 0.28540772531576375
