0 0.845833333319236 0.3182957393403936 0.09499999999841667 0.13032581453307454
0 0.6408333333226528 0.5401002506130301 0.03166666666613889 0.06766917293063486
0 0.5899999999901666 0.5300751879566398 0.03333333333277778 0.06265664160243968
0 0.5433333333242778 0.5401002506130301 0.026666666666222222 0.05764411027424451
0 0.5091666666581806 0.5375939849489325 0.04166666666597222 0.06766917293063486
0 0.5258333333245694 0.5125313283079567 0.024999999999583335 0.052631578946049334
0 0.4808333333253194 0.5250626566284445 0.021666666666305553 0.04260651628965899
0 0.4499999999925 0.5313283207886885 0.04333333333261111 0.06516290726653727
0 0.42666666665955555 0.510025062643859 0.023333333332944444 0.04761904761785416
0 0.40499999999325 0.5275689222925422 0.026666666666222222 0.04761904761785416
0 0.36666666666055553 0.5363408521168836 0.03999999999933333 0.06516290726653727
0 0.3758333333270694 0.5075187969797614 0.024999999999583335 0.04260651628965899
0 0.322499999994625 0.5426065162771276 0.034999999999416664 0.052631578946049334
0 0.3208333333279861 0.5137844611400054 0.024999999999583335 0.050125313281951744
0 0.2833333333286111 0.5501253132694204 0.03999999999933333 0.06766917293063486
0 0.2833333333286111 0.5200501253002494 0.03333333333277778 0.052631578946049334
0 0.2366666666627222 0.5175438596361518 0.026666666666222222 0.04260651628965899
0 0.2008333333299861 0.5325814536207373 0.034999999999416664 0.04761904761785416
0 0.19749999999670834 0.5037593984836151 0.021666666666305553 0.035087719297366225
0 0.08083333333198611 0.5751879699103963 0.06499999999891666 0.10776942355619626
0 0.08833333333186111 0.5238095237963958 0.0299999999995 0.050125313281951744
0 0.12416666666459722 0.5225563909643469 0.034999999999416664 0.05764411027424451
0 0.142499999997625 0.5150375939720542 0.02833333333286111 0.052631578946049334
0 0.07666666666538889 0.5037593984836151 0.023333333332944444 0.0401002506255614
0 0.04916666666584722 0.5112781954759078 0.03166666666613889 0.055137844610146924
0 0.02083333333298611 0.5513784461014692 0.038333333332694446 0.12531328320487936
