0 0.10312499999871093 0.3123827392061466 0.061249999999234375 0.10318949343145985
0 0.2143749999973203 0.36397748592187656 0.04624999999942187 0.08630393996085733
0 0.2137499999973281 0.6088180112456131 0.06749999999915625 0.129455909941286
0 0.3256249999959297 0.6378986866672064 0.07374999999907812 0.13883677298050962
0 0.32249999999596873 0.3123827392061466 0.06249999999921875 0.11069418386283875
0 0.4174999999947812 0.2936210131276994 0.054999999999312495 0.09568480300008095
0 0.5337499999933281 0.2814258911767087 0.054999999999312495 0.09756097560792568
0 0.6218749999922265 0.3855534709120909 0.04874999999939062 0.0919324577843915
0 0.6831249999914609 0.2964352720394665 0.05124999999935937 0.09380863039223623
0 0.7243749999909452 0.3799249530885567 0.05374999999932812 0.1069418386471493
0 0.8187499999897656 0.3414634146277399 0.049999999999374996 0.09756097560792568
0 0.9274999999884062 0.36866791744148836 0.0649999999991875 0.11069418386283875
