0 0.09199999999816 0.5375375375213952 0.08399999999832 0.1321321321281642
0 0.18599999999628 0.5360360360199388 0.04399999999912 0.08708708708447185
0 0.27199999999456 0.5420420420257644 0.11599999999768 0.1711711711660309
0 0.42199999999155996 0.525525525509744 0.039999999999199995 0.0660660660640821
0 0.39699999999206 0.5090090089937234 0.025999999999479998 0.05105105104951798
0 0.449999999991 0.5300300300141132 0.03199999999936 0.04504504504369234
0 0.5899999999882 0.533033033017026 0.1199999999976 0.1711711711660309
0 0.67799999998644 0.5360360360199388 0.05599999999888 0.08708708708447185
0 0.74899999998502 0.5195195195039183 0.037999999999239996 0.060060060058256454
0 0.8239999999835199 0.5240240240082875 0.051999999998959996 0.08108108107864621
0 0.9099999999817999 0.5615615615446978 0.099999999998 0.186186186180595
