0 0.09423828124907971 0.6612665684733244 0.0986328124990368 0.13549337260477917
0 0.07275390624928953 0.6075110456464283 0.09277343749909402 0.10456553755368828
0 0.05175781249949456 0.8571428571302335 0.10156249999900818 0.22680412370799993
0 0.2172851562478781 0.6597938144232725 0.08496093749917032 0.15905743740561035
0 0.20019531249804498 0.9086892488820516 0.18554687499818803 0.1826215022064415
0 0.24755859374758246 0.5721649484451816 0.059570312499418264 0.0927835051532727
0 0.3115234374969578 0.561119293069792 0.07421874999927522 0.11487481590405191
0 0.3950195312461424 0.5780559646453894 0.06738281249934197 0.11340206185399997
0 0.42578124999584205 0.5368188512439349 0.05078124999950409 0.09867452135348048
0 0.4970703124951458 0.5986745213461167 0.0664062499993515 0.11929307805420775
0 0.5019531249950981 0.5324005890937791 0.06054687499940873 0.08394698085296101
0 0.47753906249533656 0.7628865979269088 0.11328124999889375 0.20029455080706488
0 0.5913085937442255 0.534609720168857 0.04394531249957085 0.06774668630238959
0 0.6669921874934864 0.533136966118805 0.05078124999950409 0.08541973490301295
0 0.6835937499933243 0.4808541973419609 0.048828124999523166 0.07805596465275322
0 0.7265624999929048 0.5353460971938829 0.06054687499940873 0.09867452135348048
0 0.7553710937426235 0.5029455080927401 0.040039062499609 0.07511045655264932
0 0.767089843742509 0.7621502209018829 0.11621093749886514 0.24005891015846745
0 0.8540039062416602 0.8888070692063503 0.16503906249838832 0.2223858615578441
0 0.7832031249923516 0.6318114874722855 0.08984374999912263 0.1649484536058181
0 0.8325195312418701 0.5169366715682336 0.045898437499551775 0.08836524300311685
0 0.9165039062410498 0.5213549337183895 0.04980468749951363 0.07952871870280517
0 0.9545898437406779 0.5846833578706232 0.07519531249926568 0.12960235640457138
