0 0.039999999999 0.34644194755256774 0.06999999999825 0.12359550561334849
0 0.07749999999806251 0.365168539312166 0.024999999999375 0.048689138574955465
0 0.1124999999971875 0.3726591760160053 0.039999999999 0.07116104868647337
0 0.144999999996375 0.3445692883766079 0.0199999999995 0.03745318351919651
0 0.18374999999540625 0.34644194755256774 0.0424999999989375 0.07865168539031267
0 0.23374999999415627 0.3745318351919651 0.0924999999976875 0.15730337078062534
0 0.30249999999243754 0.3595505617842865 0.02999999999925 0.052434456926875116
0 0.3324999999916875 0.3445692883766079 0.024999999999375 0.052434456926875116
0 0.34874999999128126 0.3445692883766079 0.0174999999995625 0.03745318351919651
0 0.3724999999906875 0.35580524343236686 0.02999999999925 0.052434456926875116
0 0.4162499999895938 0.4344569288226795 0.1124999999971875 0.17228464418830394
0 0.46999999998825004 0.3520599250804472 0.0599999999985 0.08239700374223233
0 0.5212499999869687 0.3408239700246882 0.0224999999994375 0.044943820223035814
0 0.5124999999871875 0.3501872659044874 0.014999999999625 0.026217228463437558
0 0.5512499999862188 0.33520599249680877 0.0274999999993125 0.048689138574955465
0 0.5874999999853125 0.36704119848812583 0.034999999999125 0.05992509363071442
0 0.5737499999856562 0.3314606741448891 0.0224999999994375 0.041198501871116164
0 0.6274999999843125 0.3314606741448891 0.06999999999825 0.1310861423171878
0 0.6599999999835 0.3445692883766079 0.034999999999125 0.06741573033455373
0 0.6962499999825937 0.3408239700246882 0.0324999999991875 0.052434456926875116
0 0.7524999999811876 0.38576779024772406 0.1399999999965 0.23970037452285767
0 0.8312499999792188 0.3314606741448891 0.0274999999993125 0.041198501871116164
0 0.8987499999775312 0.34644194755256774 0.0924999999976875 0.1460674157248664
