0 0.616499999993835 0.37999999999493334 0.05499999999945 0.08533333333219556
0 0.375499999996245 0.8699999999884 0.21299999999787 0.23333333333022224
0 0.28399999999716 0.6613333333245156 0.14199999999858 0.19999999999733334
0 0.05299999999947 0.6286666666582845 0.08799999999912 0.1293333333316089
0 0.13099999999869 0.5633333333258222 0.05799999999942 0.09466666666540445
0 0.186499999998135 0.5359999999928534 0.06299999999937 0.09066666666545778
0 0.349499999996505 0.6159999999917867 0.07499999999925 0.12533333333166222
0 0.379499999996205 0.537333333326169 0.06499999999935 0.07999999999893334
0 0.36299999999637 0.5053333333265956 0.07399999999926 0.09066666666545778
0 0.78799999999212 0.5126666666598312 0.05399999999946 0.08666666666551112
0 0.8624999999913749 0.537333333326169 0.07899999999921 0.10933333333187556
0 0.932499999990675 0.5573333333259023 0.06299999999937 0.09599999999872
0 0.884499999991155 0.6833333333242223 0.08299999999917 0.12133333333171556
