0 0.023749999999703123 0.6216666666563055 0.0449999999994375 0.07666666666538889
0 0.12187499999847656 0.5733333333237778 0.04624999999942187 0.07666666666538889
0 0.1643749999979453 0.5833333333236111 0.04374999999945312 0.06666666666555555
0 0.17124999999785936 0.7358333333210695 0.0649999999991875 0.08499999999858333
0 0.25999999999675 0.6249999999895833 0.04249999999946875 0.07999999999866667
0 0.2887499999963906 0.6258333333229028 0.03249999999959375 0.06499999999891666
0 0.35624999999554685 0.5908333333234861 0.03749999999953125 0.06833333333219445
0 0.3693749999953828 0.682499999988625 0.04374999999945312 0.07499999999875
0 0.4174999999947812 0.6308333333228194 0.04249999999946875 0.061666666665638886
0 0.513124999993586 0.7233333333212778 0.04624999999942187 0.07666666666538889
0 0.5212499999934843 0.553333333324111 0.03749999999953125 0.06666666666555555
0 0.5606249999929922 0.5791666666570139 0.036249999999546874 0.05833333333236111
0 0.6174999999922812 0.712499999988125 0.047499999999406246 0.06833333333219445
0 0.6662499999916719 0.55499999999075 0.04249999999946875 0.06999999999883333
0 0.7093749999911327 0.5374999999910417 0.036249999999546874 0.061666666665638886
0 0.8043749999899453 0.6124999999897917 0.05124999999935937 0.07833333333202777
0 0.8674999999891562 0.607499999989875 0.0449999999994375 0.06499999999891666
0 0.9481249999881484 0.5708333333238195 0.04874999999939062 0.06499999999891666
