0 0.019166666666347223 0.6149999999795001 0.03166666666613889 0.1033333333298889
0 0.07583333333206944 0.8466666666384445 0.1483333333308611 0.30666666665644443
0 0.15999999999733333 0.6199999999793333 0.07666666666538889 0.14666666666177777
0 0.112499999998125 0.5183333333160556 0.034999999999416664 0.08999999999700001
0 0.21333333332977777 0.5449999999818333 0.04999999999916667 0.10999999999633334
0 0.2908333333284861 0.48999999998366667 0.02833333333286111 0.07333333333088889
0 0.33999999999433334 0.5383333333153889 0.059999999999 0.12333333332922222
0 0.3933333333267778 0.4933333333168889 0.0299999999995 0.059999999998
0 0.4183333333263611 0.48166666665061114 0.03333333333277778 0.07666666666411111
0 0.5616666666573056 0.4966666666501111 0.03333333333277778 0.07999999999733334
0 0.6608333333223194 0.479999999984 0.034999999999416664 0.07999999999733334
0 0.7391666666543472 0.4749999999841667 0.038333333332694446 0.08333333333055556
0 0.9141666666514305 0.5233333333158889 0.07499999999875 0.15333333332822222
