0 0.12988281249873163 0.6503906249915314 0.10742187499895096 0.1627604166645474
0 0.4335937499957657 0.6503906249915314 0.09374999999908448 0.12630208333168877
0 0.8447265624917508 0.6380208333250258 0.09960937499902726 0.11718749999847412
0 0.9775390624904539 0.49739583332685683 0.044921874999561316 0.07552083333234999
0 0.9072265624911404 0.4817708333270603 0.039062499999618534 0.05989583333255344
0 0.7939453124922468 0.4661458333272637 0.03515624999965668 0.04687499999938965
0 0.811523437492075 0.4381510416609616 0.027343749999732974 0.037760416666174995
0 0.7373046874927999 0.4427083333275689 0.027343749999732974 0.04687499999938965
0 0.6708984374934484 0.49544270832688225 0.048828124999523166 0.0742187499990336
0 0.645019531243701 0.4466145833275181 0.030273437499704365 0.04947916666602241
0 0.5624999999945068 0.4928385416602495 0.04687499999954224 0.07161458333240085
0 0.573242187494402 0.45247395832744175 0.03515624999965668 0.040364583332807756
0 0.5600585937445307 0.4368489583276452 0.028320312499723437 0.04296874999944051
0 0.34863281249659545 0.5214843749932099 0.048828124999523166 0.0872395833321974
0 0.3657226562464285 0.4479166666608344 0.030273437499704365 0.04947916666602241
0 0.25976562499746325 0.4544270833274163 0.04296874999958039 0.07031249999908447
0 0.2861328124972058 0.46289062499397277 0.029296874999713902 0.035156249999542234
0 0.1679687499983597 0.4244791666611396 0.027343749999732974 0.04166666666612413
0 0.12499999999877931 0.4687499999938965 0.039062499999618534 0.05208333333265516
0 0.09912109374903202 0.45963541666068186 0.02636718749974251 0.03645833333285862
0 0.0678710937493372 0.4687499999938965 0.03808593749962807 0.04687499999938965
0 0.016113281249842647 0.5097656249933624 0.030273437499704365 0.07942708333229913
