0 0.04916666666584722 0.6147132169422765 0.05499999999908333 0.08728179550904534
0 0.08916666666518056 0.5573566084649039 0.034999999999416664 0.052369077305427204
0 0.10999999999816666 0.5947630922544948 0.03999999999933333 0.05735660847737265
0 0.019999999999666666 0.6034912718053992 0.03666666666605556 0.06483790523529083
0 0.1483333333308611 0.7618453865146673 0.09666666666505555 0.15211970074433617
0 0.16749999999720833 0.8416458852657944 0.11166666666480556 0.15710723191628162
0 0.2841666666619306 0.8528678304026717 0.12499999999791667 0.23441396508143605
0 0.31416666666143056 0.6970074812793764 0.06833333333219445 0.10224438902488169
0 0.26333333332894443 0.7007481296583354 0.06333333333227778 0.08478802992307262
0 0.2649999999955833 0.6421446383879764 0.04999999999916667 0.07730673316515445
0 0.157499999997375 0.6346633416300583 0.05499999999908333 0.0822942643370999
0 0.18083333333031945 0.6047381545983856 0.04499999999925 0.06733167082126355
0 0.3016666666616389 0.6084788029773447 0.03999999999933333 0.05985037406334538
0 0.3799999999936667 0.6521197007318673 0.05666666666572222 0.09226932668099079
0 0.5224999999912917 0.44763092268210397 0.12499999999791667 0.22693266832351788
0 0.6533333333224445 0.7880299251673808 0.08666666666522221 0.18453865336198158
0 0.7133333333214444 0.6421446383879764 0.04999999999916667 0.09725685785293624
0 0.7666666666538888 0.6384039900090174 0.05666666666572222 0.10972568578279986
0 0.8266666666528889 0.6309226932510992 0.059999999999 0.09975062343890896
0 0.8183333333196944 0.795511221925299 0.07999999999866667 0.1346633416425271
0 0.9208333333179861 0.8316708229219035 0.11499999999808333 0.1770573566040634
0 0.9208333333179861 0.7044887780372946 0.05499999999908333 0.09226932668099079
0 0.9116666666514722 0.6184538653212356 0.04999999999916667 0.07980049875112717
0 0.9724999999837917 0.6346633416300583 0.051666666665805557 0.07730673316515445
0 0.9766666666503889 0.7668329176866127 0.04666666666588889 0.13715710722849983
