0 0.35825892856343167 0.9197324414408117 0.16294642856779135 0.16053511705148713
0 0.18861607142436124 0.7190635451264528 0.08705357142662826 0.11371237457813671
0 0.14620535713959362 0.5886287625221195 0.05580357142732581 0.08695652173622219
0 0.10267857142627948 0.5418060200487691 0.03571428571348852 0.0668896321047863
0 0.013392857142558194 0.48662207356232035 0.02232142857093032 0.03678929765763247
0 0.05133928571313974 0.4682274247335041 0.026785714285116387 0.04013377926287178
0 0.07812499999825613 0.49498327757541866 0.02232142857093032 0.04013377926287178
0 0.09486607142645387 0.4999999999832776 0.024553571428023356 0.043478260868111095
0 0.11607142856883768 0.4732441471413631 0.02232142857093032 0.03678929765763247
0 0.12499999999720982 0.49331103677279897 0.026785714285116387 0.05016722407858973
0 0.15066964285377968 0.5016722407858972 0.024553571428023356 0.04013377926287178
0 0.18973214285290774 0.5183946488120939 0.026785714285116387 0.05351170568382904
0 0.23214285713767535 0.5434782608513887 0.04017857142767458 0.07023411371002562
0 0.28906249999354766 0.5869565217194997 0.05580357142732581 0.08361204013098288
0 0.279017857136629 0.48160535115446135 0.02232142857093032 0.03344481605239315
0 0.30133928570755936 0.47826086954922203 0.02232142857093032 0.04013377926287178
0 0.3359374999925014 0.48327759195708103 0.024553571428023356 0.043478260868111095
0 0.3683035714203503 0.4999999999832776 0.026785714285116387 0.05016722407858973
0 0.380580357134362 0.4732441471413631 0.024553571428023356 0.03678929765763247
0 0.35825892856343167 0.4096989966418161 0.02008928571383729 0.03678929765763247
0 0.40624999999093186 0.46153846152302547 0.02232142857093032 0.02675585284191452
0 0.4073660714194784 0.49163879597017934 0.015624999999651227 0.04013377926287178
0 0.42522321427622267 0.49163879597017934 0.02901785714220942 0.046822742473350415
0 0.4430803571329669 0.5150501672068545 0.02901785714220942 0.046822742473350415
0 0.4564732142755251 0.48327759195708103 0.02008928571383729 0.030100334447153834
0 0.48995535713192057 0.46153846152302547 0.024553571428023356 0.04013377926287178
0 0.49999999998883926 0.4765886287466024 0.02232142857093032 0.03678929765763247
0 0.51897321427413 0.4966555183780383 0.02901785714220942 0.05016722407858973
0 0.5279017857025021 0.5217391304173331 0.02901785714220942 0.046822742473350415
0 0.4977678571317462 0.546822742456628 0.04464285714186064 0.07023411371002562
0 0.44196428570442037 0.7408026755605083 0.08035714285534916 0.14381270902529056
0 0.6004464285580257 0.8026755852574357 0.12946428571139587 0.20735785952483754
0 0.6417410714142467 0.6187290969692733 0.05580357142732581 0.09364548494670083
0 0.6149553571291304 0.5585284280749656 0.042410714284767614 0.0668896321047863
0 0.5825892857012814 0.503344481588517 0.03571428571348852 0.06354515049954698
0 0.5502232142734325 0.48327759195708103 0.03348214285639548 0.043478260868111095
0 0.553571428559072 0.4698996655361238 0.02232142857093032 0.03678929765763247
0 0.5770089285585488 0.46153846152302547 0.02901785714220942 0.046822742473350415
0 0.6037946428436652 0.4765886287466024 0.015624999999651227 0.030100334447153834
0 0.6194196428433164 0.48662207356232035 0.02008928571383729 0.043478260868111095
0 0.6339285714144212 0.5066889631937562 0.031249999999302454 0.05016722407858973
0 0.6707589285564562 0.49498327757541866 0.024553571428023356 0.046822742473350415
0 0.7020089285557587 0.5602006688775852 0.042410714284767614 0.07023411371002562
0 0.7343749999836077 0.5133779264042349 0.04017857142767458 0.05016722407858973
0 0.7154017856983168 0.48662207356232035 0.024553571428023356 0.03678929765763247
0 0.7477678571261658 0.4765886287466024 0.026785714285116387 0.043478260868111095
0 0.7890624999823869 0.5100334447989956 0.02901785714220942 0.043478260868111095
0 0.7555803571259915 0.5016722407858972 0.02901785714220942 0.046822742473350415
0 0.8292410714100615 0.5769230769037819 0.05133928571313974 0.0903010033414615
0 0.8426339285526196 0.4966555183780383 0.02901785714220942 0.03678929765763247
0 0.8805803571232013 0.5384615384435297 0.04687499999895368 0.08695652173622219
0 0.9162946428366897 0.5066889631937562 0.03348214285639548 0.05016722407858973
0 0.9575892856929109 0.48327759195708103 0.03571428571348852 0.05016722407858973
