0 0.6289237668020421 0.68656716415861 0.10089686098428483 0.19104477611370016
0 0.7387892376515967 0.528358208939452 0.06950672645584066 0.12537313432461572
0 0.778026905812152 0.4880597014779684 0.05829596412425346 0.08059701492296725
0 0.8206278026721833 0.4432835820763199 0.04484304932634881 0.06865671641586099
0 0.8408071748690402 0.3985074626746714 0.03587443946107905 0.044776119401648475
0 0.9417040358533251 0.3999999999880597 0.04484304932634881 0.07761194029619069
0 0.9192825111901507 0.4029850746148363 0.03139013452844417 0.0597014925355313
0 0.7365470851852792 0.3999999999880597 0.02914798206212673 0.06567164178908443
0 0.7085201793563113 0.4283582089424371 0.04035874439371393 0.056716417908754736
0 0.6659192824962799 0.45522388058342617 0.04035874439371393 0.07462686566941412
0 0.5975336322735979 0.49701492535829805 0.05605381165793602 0.08656716417652038
0 0.48991031389036077 0.5328358208796169 0.07399103138847554 0.12238805969783917
0 0.3329596412481399 0.6283582089364669 0.11434977578218948 0.15223880596560482
0 0.07623318385479298 0.5104477611787926 0.07623318385479298 0.09552238805685008
0 0.1278026905800941 0.4686567164039207 0.05381165919161858 0.07761194029619069
0 0.26233183855914055 0.4641791044637559 0.05829596412425346 0.08059701492296725
0 0.36771300447606026 0.44776119401648473 0.04932735425898369 0.06567164178908443
0 0.3464125560460446 0.41641791043533083 0.04260089686003137 0.06865671641586099
0 0.4215246636676788 0.37164179103368233 0.03587443946107905 0.056716417908754736
0 0.44506726456401197 0.35970149252657607 0.03811659192739649 0.06268656716230786
0 0.513452914786694 0.39701492536128313 0.03587443946107905 0.05373134328197817
0 0.5739910313772648 0.3925373134211183 0.03587443946107905 0.056716417908754736
0 0.24663677129491848 0.3940298507345066 0.04035874439371393 0.04776119402842504
0 0.1816143497717127 0.3925373134211183 0.03139013452844417 0.050746268655201605
0 0.15134529147642725 0.41641791043533083 0.03363228699476161 0.06268656716230786
0 0.05269058295845985 0.41194029849516595 0.03363228699476161 0.06567164178908443
0 0.08744394618638018 0.40447761192822457 0.03139013452844417 0.06268656716230786
