0 0.13166666666447222 0.564999999985875 0.12999999999783332 0.17499999999562502
0 0.029166666666180556 0.4837499999879063 0.05499999999908333 0.1574999999960625
0 0.04916666666584722 0.39374999999015625 0.048333333332527775 0.07749999999806251
0 0.2733333333287778 0.4162499999895938 0.053333333332444444 0.0824999999979375
0 0.33249999999445834 0.404999999989875 0.048333333332527775 0.079999999998
0 0.3883333333268611 0.39124999999021876 0.03666666666605556 0.0724999999981875
0 0.43833333332602775 0.39874999999003125 0.03333333333277778 0.0724999999981875
0 0.4791666666586806 0.38999999999025003 0.03166666666613889 0.0599999999985
0 0.6599999999889999 0.274999999993125 0.03999999999933333 0.07499999999812501
0 0.7091666666548472 0.37999999999050005 0.048333333332527775 0.07499999999812501
0 0.7758333333204027 0.6099999999847501 0.13166666666447222 0.26499999999337503
0 0.4833333333252778 0.5999999999850001 0.13999999999766666 0.21499999999462502
0 0.8533333333191111 0.494999999987625 0.07999999999866667 0.14999999999625002
0 0.9499999999841666 0.4612499999884688 0.07333333333211112 0.1224999999969375
