0 0.045534150612561 0.47979139503937696 0.0823117337996295 0.10951760104159691
0 0.09063047285384737 0.4074315514940361 0.05516637478060275 0.09778357235856867
0 0.15542907180249188 0.33767926987825714 0.04115586689981475 0.06779661016860761
0 0.18607705779171563 0.3200782268537148 0.02889667250412525 0.050847457626455705
0 0.22854640980535426 0.35462842242040904 0.045534150612561 0.07301173402773127
0 0.23161120840427663 0.2907431551461442 0.02539404553392825 0.0417209908729893
0 0.26882661996261975 0.29726205997004873 0.031523642731773 0.054758800520798456
0 0.2946584938678226 0.2692307692272591 0.03239929947432225 0.04563233376733204
0 0.4470227670713921 0.1284224250309202 0.10070052539316375 0.20730117340016557
0 0.493870402797777 0.2633637548857449 0.0367775831870685 0.07301173402773127
0 0.5175131348466068 0.31486310299459114 0.052539404552955 0.08213820078119768
0 0.5385288966677888 0.41199478487076935 0.08406304728472799 0.14602346805546254
0 0.5205779334455292 0.23402868317817435 0.02714535901902675 0.05345501955601754
0 0.5713660245133856 0.28813559321658233 0.04290718038491325 0.07040417209816945
0 0.5823117337952513 0.2346805736605648 0.031523642731773 0.04432855280255113
0 0.6120840630419258 0.27118644067443043 0.028021015761576 0.05736636245036029
0 0.6401050788035018 0.28031290742789683 0.0332749562168715 0.07040417209816945
0 0.6725043782778239 0.28096479791028733 0.045534150612561 0.09778357235856867
0 0.7246059544595044 0.3722294654449514 0.07793345008688325 0.13168187744287246
0 0.7171628721478357 0.6981747066401803 0.1278458844121905 0.26205997392096403
0 0.7570052539338267 0.23402868317817435 0.03239929947432225 0.037809647978646554
0 0.816112084055901 0.21968709256558427 0.024518388791379 0.04302477183777021
0 0.8362521891345337 0.25162972620271673 0.028021015761576 0.05997392437992212
0 0.8752189141779754 0.22033898304797472 0.02889667250412525 0.054758800520798456
0 0.9549036777499571 0.2438070404140312 0.04465849387001175 0.07561929595729311
0 0.9899299474519271 0.2053455019529942 0.01838879159353425 0.04302477183777021
