0 0.16833333333052777 0.35624999999109375 0.06999999999883333 0.11749999999706251
0 0.2516666666624722 0.364999999990875 0.04999999999916667 0.08999999999775
0 0.43666666665938886 0.47749999998806253 0.09666666666505555 0.15499999999612502
0 0.4766666666587222 0.4487499999887813 0.053333333332444444 0.09749999999756251
0 0.577499999990375 0.42874999998928126 0.04166666666597222 0.0724999999981875
0 0.6233333333229444 0.4587499999885313 0.08333333333194444 0.1474999999963125
0 0.6641666666555972 0.43874999998903125 0.05833333333236111 0.09749999999756251
0 0.7674999999872083 0.43499999998912503 0.051666666665805557 0.09499999999762501
0 0.8158333333197361 0.3262499999918438 0.04499999999925 0.0824999999979375
0 0.8841666666519306 0.42124999998946877 0.07833333333202777 0.1224999999969375
0 0.8741666666520972 0.519999999987 0.06833333333219445 0.0999999999975
