0 0.19909090908728924 0.49162011171811115 0.016363636363338842 0.027932960893074496
0 0.15727272726986777 0.5307262569684155 0.01999999999963636 0.027932960893074496
0 0.0363636363629752 0.680167597746364 0.03999999999927272 0.08100558658991604
0 0.13363636363393389 0.6606145251212119 0.04181818181742149 0.06424581005407135
0 0.19090909090561983 0.6983240223268624 0.05090909090816528 0.08379888267922349
0 0.23454545454119008 0.847765363104811 0.10181818181633057 0.15921787709052462
0 0.07818181818039668 0.8421787709261961 0.0872727272711405 0.13687150837606504
0 0.34454545453919005 0.6969273742822087 0.049090909090016524 0.08659217876853094
0 0.2745454545404628 0.6298882681388299 0.0363636363629752 0.07541899441130114
0 0.3345454545393719 0.6117318435583314 0.02545454545408264 0.0335195530716894
0 0.36818181817512396 0.6494413407639821 0.034545454544826444 0.05865921787545644
0 0.4009090909018016 0.6061452513797165 0.027272727272231404 0.03910614525030429
0 0.39545454544735537 0.5768156424419884 0.016363636363338842 0.02513966480376705
0 0.3654545454479008 0.5893854748438719 0.014545454545190082 0.027932960893074496
0 0.33999999999381814 0.5824022346206033 0.0181818181814876 0.030726256982381947
0 0.5409090908992562 0.8505586591941184 0.1145454545433719 0.20391061451944384
0 0.5372727272629586 0.7053072625501311 0.06363636363520661 0.10893854748299053
0 0.519090909081471 0.6452513966300208 0.034545454544826444 0.061452513964763894
0 0.4872727272638677 0.6368715083620985 0.03999999999927272 0.0670391061433788
0 0.4899999999910909 0.5879888267992182 0.023636363635933882 0.03631284916099685
0 0.5781818181713058 0.6396648044514059 0.0363636363629752 0.061452513964763894
0 0.6090909090798347 0.6606145251212119 0.04363636363557025 0.06424581005407135
0 0.6918181818056033 0.6857541899249789 0.05636363636261157 0.08100558658991604
0 0.7799999999858181 0.8086592178545067 0.09818181818003305 0.15363128491190972
0 0.8227272727123139 0.6857541899249789 0.06363636363520661 0.08659217876853094
0 0.9527272727099504 0.7081005586394385 0.05454545454446281 0.08100558658991604
0 0.9463636363464297 0.6326815642281374 0.030909090908528922 0.05307262569684154
0 0.9163636363469752 0.6201117318262538 0.032727272726677685 0.0502793296075341
0 0.8454545454391735 0.6159217876922927 0.029090909090380163 0.047486033518226646
0 0.8472727272573223 0.5893854748438719 0.02545454545408264 0.03910614525030429
0 0.7954545454400825 0.5935754189778331 0.023636363635933882 0.03631284916099685
0 0.7436363636228429 0.6675977653444805 0.0363636363629752 0.061452513964763894
0 0.7481818181682148 0.6145251396476389 0.027272727272231404 0.03910614525030429
0 0.7654545454406281 0.5963687150671405 0.0181818181814876 0.03631284916099685
0 0.7663636363497024 0.5754189943973347 0.01999999999963636 0.0335195530716894
0 0.7409090908956197 0.5824022346206033 0.01999999999963636 0.030726256982381947
0 0.7218181818050579 0.5796089385312958 0.014545454545190082 0.03631284916099685
0 0.7063636363507934 0.6131284916029852 0.023636363635933882 0.041899441339611744
0 0.6627272727152231 0.624301675960215 0.030909090908528922 0.047486033518226646
0 0.06909090908965289 0.624301675960215 0.032727272726677685 0.041899441339611744
0 0.031818181817603305 0.5893854748438719 0.023636363635933882 0.0335195530716894
0 0.03909090909019834 0.5712290502633735 0.016363636363338842 0.02513966480376705
0 0.0090909090907438 0.5712290502633735 0.014545454545190082 0.019553072625152147
0 0.0863636363620661 0.5963687150671405 0.027272727272231404 0.03631284916099685
0 0.19818181817821487 0.6173184357369463 0.02545454545408264 0.03910614525030429
0 0.2327272727230413 0.6173184357369463 0.029090909090380163 0.0335195530716894
0 0.2327272727230413 0.583798882665257 0.021818181817785123 0.027932960893074496
0 0.25454545454082644 0.583798882665257 0.014545454545190082 0.027932960893074496
0 0.27181818181323963 0.5865921787545645 0.016363636363338842 0.027932960893074496
0 0.2890909090856529 0.5810055865759496 0.0181818181814876 0.027932960893074496
0 0.6099999999889091 0.5879888267992182 0.01999999999963636 0.03631284916099685
0 0.5890909090801983 0.5963687150671405 0.0181818181814876 0.03631284916099685
0 0.5509090908990744 0.5921787709331794 0.02545454545408264 0.027932960893074496
0 0.5336363636266611 0.5796089385312958 0.016363636363338842 0.019553072625152147
0 0.6463636363518842 0.5754189943973347 0.016363636363338842 0.027932960893074496
