0 0.1069131832780239 0.8292682926627007 0.1077170417989113 0.141463414630696
0 0.05466237942034305 0.7914634146148424 0.070739549838091 0.1048780487779298
0 0.05948553054566743 0.7439024390062463 0.070739549838091 0.09756097560737656
0 0.02491961414750933 0.7219512194945865 0.04662379421146907 0.06829268292516359
0 0.18488745980410148 0.7036585365682034 0.045016077169694274 0.08048780487608566
0 0.22025723472314698 0.6963414633976502 0.06430868167099182 0.1048780487779298
0 0.3191318327922969 0.819512195101963 0.09485530546471294 0.14634146341106485
0 0.3183279742714095 0.7439024390062463 0.06430868167099182 0.09268292682700774
0 0.3167202572296347 0.695121951202558 0.051446945336793455 0.07804878048590125
0 0.32717041800117086 0.659756097544884 0.04019292604436989 0.06585365853497918
0 0.43167202571653257 0.6743902438859904 0.04983922829501866 0.09512195121719215
0 0.4581993569058167 0.7414634146160619 0.08038585208873977 0.13170731706995836
0 0.4348874598000822 0.8439024390038072 0.09485530546471294 0.13658536585032718
0 0.4421221864880688 0.5402439024258477 0.0353697749190455 0.04634146341350387
0 0.5233118970976959 0.5268292682798335 0.04983922829501866 0.0878048780466389
0 0.5265273311812455 0.6768292682761748 0.04983922829501866 0.09024390243682331
0 0.5683279742673902 0.7036585365682034 0.05305466237856825 0.0853658536564545
0 0.6294212218548324 0.7487804877866151 0.08199356913051457 0.12195121950922069
0 0.6181672025624089 0.6524390243743308 0.04662379421146907 0.07560975609571684
0 0.6511254019187922 0.9268292682700773 0.13826366559263242 0.14634146341106485
0 0.7274919614030949 0.730487804860232 0.0723472668798658 0.13414634146014276
0 0.6672025723365401 0.6475609755939619 0.0353697749190455 0.070731707315348
0 0.715434083589784 0.653658536569423 0.04180064308614468 0.06829268292516359
0 0.7717041800519018 0.6475609755939619 0.03858520900259509 0.070731707315348
0 0.8135048231380465 0.6439024390086853 0.0353697749190455 0.06829268292516359
0 0.8336012861602314 0.8707317072958358 0.15594855305215516 0.24390243901844139
0 0.8633440514330651 0.7463414633964307 0.10289389067358691 0.1560975609718025
0 0.9340836012711562 0.7414634146160619 0.07395498392164059 0.1560975609718025
0 0.8561093247450786 0.5329268292552944 0.033762057877270706 0.060975609754610346
