0 0.22899999999541998 0.5553797468178677 0.08199999999836 0.12974683543893206
0 0.3099999999938 0.40506329112642203 0.06799999999864 0.10759493670545585
0 0.25199999999496 0.36550632910235736 0.051999999998959996 0.07911392404812931
0 0.2749999999945 0.30854430378770425 0.04199999999916 0.07911392404812931
0 0.18599999999628 0.3908227847977588 0.0599999999988 0.09177215189582999
0 0.11099999999778 0.2958860759400036 0.06199999999876 0.09177215189582999
0 0.037999999999239996 0.3306962025211805 0.04799999999904 0.09177215189582999
0 0.37699999999246 0.3433544303688812 0.049999999999 0.09810126581968033
0 0.47699999999046 0.47310126580781325 0.10199999999796 0.21202531644898653
0 0.46899999999062 0.37974683543102067 0.05799999999884 0.08860759493390483
0 0.55199999998896 0.33544303796406827 0.039999999999199995 0.06962025316235379
0 0.6409999999871799 0.31012658226866685 0.037999999999239996 0.07594936708620413
0 0.70299999998594 0.3765822784690955 0.053999999998919995 0.08860759493390483
0 0.63699999998726 0.4746835442887758 0.07799999999844 0.12658227847700687
0 0.6699999999866 0.6645569620042862 0.09599999999808 0.17721518986780965
0 0.91899999998162 0.5284810126415037 0.08599999999828 0.18354430379165998
0 0.97399999998052 0.3892405063167962 0.051999999998959996 0.09493670885775517
0 0.90199999998196 0.386075949354871 0.05599999999888 0.09493670885775517
0 0.81599999998368 0.32594936707829275 0.051999999998959996 0.09493670885775517
