0 0.021562499999865235 0.48916666666259034 0.04062499999974609 0.12499999999895835
0 0.09656249999939648 0.514166666662382 0.06437499999959766 0.07999999999933334
0 0.19093749999880663 0.48541666666262157 0.11312499999929297 0.14583333333211806
0 0.24281249999848242 0.48916666666259034 0.059374999999628905 0.1283333333322639
0 0.35187499999780075 0.5566666666620278 0.11124999999930468 0.14666666666544445
0 0.3181249999980117 0.49291666666255907 0.06124999999961719 0.08749999999927084
0 0.3987499999975078 0.5083333333290972 0.08124999999949219 0.11999999999900002
0 0.5053124999968418 0.5116666666624028 0.06312499999960547 0.10333333333247223
0 0.5487499999965703 0.5358333333288681 0.08124999999949219 0.10499999999912502
0 0.6696874999958145 0.529166666662257 0.06562499999958984 0.0983333333325139
0 0.5040624999968496 0.38666666666344446 0.03687499999976953 0.05666666666619445
