0 0.14135742187430977 0.3372395833311378 0.04345703124978781 0.06901041666621738
0 0.19335937499905587 0.35221354166437363 0.04589843749977589 0.08723958333276538
0 0.2658691406237018 0.3792317708308644 0.04345703124978781 0.07356770833285438
0 0.2998046874985361 0.3961588541640875 0.044921874999780655 0.07096354166620467
0 0.2775878906236446 0.45475260416370605 0.0649414062496829 0.0878906249994278
0 0.3459472656233108 0.4407552083304639 0.05224609374974489 0.07812499999949138
0 0.35913085937324646 0.3570963541643418 0.0493164062497592 0.0787760416661538
0 0.3916015624980879 0.4163411458306228 0.04882812499976159 0.07486979166617924
0 0.44238281249783995 0.41015624999732975 0.047851562499766354 0.0833333333327908
0 0.37792968749815464 0.5537109374963951 0.0644531249996853 0.09700520833270179
0 0.4594726562477565 0.34798177083106785 0.04882812499976159 0.09309895833272723
0 0.510986328122505 0.41536458333062914 0.047363281249768734 0.08723958333276538
0 0.5505371093723118 0.35253906249770484 0.05419921874973536 0.09830729166602666
0 0.6086425781220282 0.41048177083066095 0.04345703124978781 0.08919270833275265
0 0.6572265624967909 0.3860677083308199 0.04687499999977112 0.0950520833327145
0 0.6840820312466598 0.4466145833304257 0.05175781249974728 0.08203124999946595
0 0.7351074218714106 0.3535156249976985 0.056152343749725823 0.08593749999944052
0 0.7675781249962521 0.42968749999720257 0.05273437499974251 0.09635416666603937
