0 0.017333333333102222 0.36699999999266 0.031999999999573335 0.0699999999986
0 0.07799999999896 0.4399999999912 0.07866666666561778 0.11599999999768
0 0.11666666666511112 0.45099999999098 0.046666666666044444 0.09799999999804
0 0.10866666666521778 0.36799999999264 0.059999999999200006 0.08799999999824
0 0.19133333333078223 0.399999999992 0.046666666666044444 0.08799999999824
0 0.09866666666535112 0.55199999998896 0.09333333333208889 0.14799999999704
0 0.07666666666564445 0.84199999998316 0.14533333333139556 0.26399999999472
0 0.2673333333297689 0.4899999999902 0.06799999999909334 0.10399999999791999
0 0.29933333332934225 0.549999999989 0.08933333333214223 0.15599999999688
0 0.3466666666620445 0.4099999999918 0.053333333332622225 0.09199999999816
0 0.3666666666617778 0.37399999999252 0.04266666666609778 0.07599999999847999
0 0.4873333333268356 0.33199999999336 0.03599999999952 0.07599999999847999
0 0.5446666666594044 0.35999999999279997 0.043999999999413335 0.08399999999832
0 0.58799999999216 0.34599999999308 0.03999999999946667 0.07599999999847999
0 0.6766666666576445 0.37099999999258 0.05466666666593778 0.10199999999796
0 0.5253333333263289 0.67799999998644 0.10933333333187556 0.17599999999648
0 0.7333333333235555 0.62599999998748 0.10399999999861334 0.15599999999688
0 0.8419999999887734 0.42799999999144 0.06533333333246223 0.11199999999776
0 0.89399999998808 0.43099999999138 0.08399999999888 0.15399999999692
