0 0.07812499999902343 0.6651031894809548 0.12374999999845313 0.204502814255075
0 0.043124999999460935 0.5365853658435913 0.06624999999917187 0.11257035647068347
0 0.0449999999994375 0.4671669793533364 0.049999999999374996 0.07129455909809954
0 0.11312499999858593 0.4606003752258799 0.05374999999932812 0.08067542213732316
0 0.169999999997875 0.473733583480793 0.054999999999312495 0.0844277673530126
0 0.2512499999968594 0.47748592869648243 0.057499999999281244 0.0919324577843915
0 0.2687499999966406 0.6772983114319456 0.13999999999825 0.25515947466688255
0 0.35187499999560157 0.613508442765225 0.08874999999889062 0.15759849905895687
0 0.31562499999605464 0.4183864915493736 0.04124999999948437 0.05253283301965229
0 0.36312499999546094 0.40619136959838287 0.031249999999609375 0.054409005627497016
0 0.4293749999946328 0.4183864915493736 0.028749999999640622 0.05628517823534174
0 0.46687499999416404 0.39212007503954743 0.026249999999671873 0.03752345215689449
0 0.5124999999935937 0.4099437148140723 0.08249999999896875 0.1369606003726649
0 0.5643749999929453 0.40900562851015 0.036249999999546874 0.06754221388241008
0 0.5943749999925703 0.3799249530885567 0.023749999999703123 0.04315196998042867
0 0.7006249999912422 0.2954971857355441 0.028749999999640622 0.050656660411807566
0 0.5256249999934297 0.8198874296281446 0.13374999999832812 0.2664165103139509
0 0.7243749999909452 0.6322701688436722 0.09624999999879687 0.17260787992171467
0 0.649999999991875 0.4990619136866967 0.057499999999281244 0.11632270168637293
0 0.706874999991164 0.43151969980428667 0.04624999999942187 0.07879924952947844
0 0.8006249999899921 0.37429643526502254 0.028749999999640622 0.054409005627497016
0 0.8262499999896719 0.3733583489611002 0.027499999999656247 0.05253283301965229
0 0.8299999999896249 0.4803001876082495 0.079999999999 0.13508442776482016
0 0.9231249999884609 0.8789868667752535 0.15374999999807812 0.23827392119628002
0 0.9587499999880156 0.6744840525201785 0.08249999999896875 0.14071294558835434
0 0.9818749999877265 0.4821763602160942 0.036249999999546874 0.13883677298050962
