0 0.01969696969637282 0.4704545454331611 0.03333333333232323 0.068181818178719
0 0.018181818181267215 0.411363636344938 0.030303030302112028 0.059090909088223134
0 0.10606060605739209 0.48863636361415286 0.04242424242295684 0.068181818178719
0 0.19393939393351697 0.40909090907231405 0.03636363636253443 0.0545454545429752
0 0.224242424235629 0.4227272727080578 0.03636363636253443 0.06363636363347107
0 0.2893939393851699 0.5886363636096074 0.06969696969485767 0.1499999999931818
0 0.36363636362534435 0.6249999999715908 0.09696969696675849 0.16818181817417355
0 0.28030303029453624 0.4363636363438016 0.03939393939274564 0.07272727272396694
0 0.3257575757477043 0.44545454543429747 0.03939393939274564 0.07272727272396694
0 0.4196969696842516 0.4636363636152892 0.03939393939274564 0.06363636363347107
0 0.4212121211993572 0.5136363636130165 0.05454545454380165 0.0818181818144628
0 0.3909090908972451 0.44999999997954543 0.030303030302112028 0.0545454545429752
0 0.39696969695766754 0.41363636361756195 0.02424242424168962 0.04545454545247934
0 0.4348484848353076 0.41363636361756195 0.027272727271900825 0.06363636363347107
0 0.46969696968273644 0.4477272727069215 0.03636363636253443 0.068181818178719
0 0.5151515151359045 0.4431818181616735 0.030303030302112028 0.04999999999772727
0 0.5499999999833333 0.4363636363438016 0.03333333333232323 0.07272727272396694
0 0.5333333333171717 0.3999999999818182 0.02424242424168962 0.04545454545247934
0 0.5757575757401285 0.4181818181628099 0.02424242424168962 0.0545454545429752
0 0.6015151514969237 0.4477272727069215 0.03333333333232323 0.059090909088223134
0 0.619696969678191 0.41363636361756195 0.027272727271900825 0.04545454545247934
0 0.6454545454349861 0.42954545452592974 0.02424242424168962 0.04999999999772727
0 0.6696969696766758 0.4159090908901859 0.030303030302112028 0.0409090909072314
0 0.6560606060407254 0.3886363636186983 0.027272727271900825 0.04999999999772727
0 0.6712121211917814 0.46136363634266525 0.03333333333232323 0.059090909088223134
0 0.6333333333141413 0.5613636363381198 0.06666666666464646 0.11363636363119833
0 0.8045454545210743 0.5159090908856404 0.06363636363443526 0.11363636363119833
0 0.8121212120966024 0.41363636361756195 0.03636363636253443 0.0545454545429752
0 0.7696969696736455 0.4045454545270661 0.02424242424168962 0.04545454545247934
0 0.7333333333111111 0.4386363636164256 0.03636363636253443 0.059090909088223134
0 0.7151515151298439 0.40909090907231405 0.02424242424168962 0.0545454545429752
0 0.7015151514938934 0.3999999999818182 0.02121212121147842 0.0545454545429752
0 0.7439393939168503 0.4045454545270661 0.02121212121147842 0.04545454545247934
