0 0.18499999999794445 0.36299999999273996 0.03888888888845679 0.08599999999828
0 0.23888888888623458 0.38899999999221996 0.04444444444395062 0.08999999999819999
0 0.2188888888864568 0.33999999999319996 0.02222222222197531 0.05599999999888
0 0.16555555555371607 0.34799999999304 0.02222222222197531 0.051999999998959996
0 0.15111111110943212 0.34399999999312 0.02222222222197531 0.04799999999904
0 0.26833333333035186 0.35799999999284 0.0322222222218642 0.06399999999872
0 0.2905555555523272 0.36099999999278 0.02999999999966667 0.06599999999868
0 0.34055555555177164 0.34099999999318 0.023333333333074077 0.04599999999908
0 0.3699999999958889 0.44799999999104 0.055555555554938275 0.1199999999976
0 0.38388888888462347 0.3899999999922 0.03444444444406173 0.06799999999864
0 0.37611111110693213 0.34899999999302 0.018888888888679015 0.04199999999916
0 0.43055555555077163 0.34399999999312 0.025555555555271607 0.051999999998959996
0 0.449999999995 0.35399999999292 0.028888888888567905 0.06399999999872
0 0.4988888888833457 0.4299999999914 0.04888888888834568 0.11199999999776
0 0.5244444444386174 0.34799999999304 0.026666666666370374 0.06399999999872
0 0.5572222222160309 0.37699999999246 0.0322222222218642 0.07399999999852
0 0.561666666660426 0.35099999999298 0.025555555555271607 0.04199999999916
0 0.6283333333263519 0.39699999999206 0.03888888888845679 0.06599999999868
0 0.6622222222148643 0.37099999999258 0.02444444444417284 0.04599999999908
0 0.6866666666590371 0.35999999999279997 0.01999999999977778 0.051999999998959996
0 0.7355555555473827 0.40199999999196 0.03999999999955556 0.08799999999824
0 0.7561111111027099 0.36899999999262 0.025555555555271607 0.05799999999884
0 0.7972222222133643 0.42799999999144 0.03444444444406173 0.07599999999847999
0 0.7972222222133643 0.3799999999924 0.027777777777469138 0.0599999999988
