0 0.1058333333324514 0.5556249999930547 0.04833333333293056 0.08124999999898437
0 0.2337499999980521 0.563749999992953 0.05583333333286806 0.089999999998875
0 0.287083333330941 0.546874999993164 0.05749999999952084 0.09624999999879687
0 0.26624999999778126 0.47499999999406245 0.044166666666298614 0.06249999999921875
0 0.35666666666369445 0.31062499999611715 0.06499999999945834 0.12124999999848438
0 0.4824999999959792 0.3856249999951797 0.051666666666236115 0.08874999999889062
0 0.46916666666275697 0.5018749999937265 0.07499999999937501 0.11874999999851561
0 0.3691666666635903 0.5224999999934687 0.05999999999950001 0.089999999998875
0 0.4462499999962813 0.5281249999933985 0.039166666666340284 0.08374999999895312
0 0.5862499999951146 0.4937499999938281 0.044166666666298614 0.0849999999989375
0 0.5708333333285764 0.5287499999933906 0.04166666666631945 0.06249999999921875
0 0.6483333333279306 0.5318749999933515 0.07833333333268057 0.13624999999829687
0 0.6737499999943855 0.47062499999411717 0.04916666666625695 0.09874999999876562
0 0.6983333333275139 0.4912499999938594 0.029999999999750004 0.0649999999991875
0 0.8358333333263681 0.4831249999939609 0.03166666666640278 0.07374999999907812
0 0.8583333333261807 0.4674999999941562 0.04333333333297223 0.089999999998875
0 0.8845833333259618 0.4862499999939219 0.05749999999952084 0.11249999999859374
0 0.9608333333253265 0.42687499999466405 0.07833333333268057 0.16124999999798437
