0 0.12399999999752 0.8655589123605572 0.2399999999952 0.26888217521846275
0 0.18299999999633998 0.7583081570767882 0.19799999999603998 0.24169184289300025
0 0.2699999999946 0.5830815709793631 0.12799999999744 0.16918429002510016
0 0.35799999999284 0.6253776434856382 0.15999999999679998 0.26586102718230026
0 0.45799999999083996 0.5438066465092506 0.11199999999776 0.23564954682067524
0 0.47199999999055997 0.240181268874919 0.11199999999776 0.21450151056753772
0 0.64899999998702 0.5302114803465193 0.10599999999788 0.22054380663986273
0 0.7389999999852199 0.8262839878904445 0.26599999999468 0.3232628398693878
0 0.7199999999855999 0.6540785498291819 0.15999999999679998 0.1963746223505627
0 0.79299999998414 0.6012084591963381 0.12599999999748 0.18126888216975018
0 0.76799999998464 0.5241691842741942 0.13599999999728 0.17220543806126268
0 0.68799999998624 0.4244712990808317 0.07599999999847999 0.0996978851933626
0 0.72099999998558 0.3685800604118254 0.07799999999844 0.13293051359115013
0 0.9229999999815399 0.41087613291810043 0.08199999999836 0.13293051359115013
