0 0.14444444444283952 0.1397569444420181 0.12444444444306174 0.23437499999593098
0 0.1711111111092099 0.7690972222088698 0.19777777777558025 0.3958333333264612
0 0.37222222221808643 0.3559027777715989 0.12222222222086421 0.24652777777349777
0 0.34999999999611114 0.2213541666628237 0.0866666666657037 0.13368055555323471
0 0.40111111110665437 0.1579861111083683 0.071111111110321 0.14236111110863955
0 0.2716666666636482 0.05121527777688862 0.09222222222119754 0.09548611110945336
0 0.5738888888825124 0.21701388888512127 0.12999999999855558 0.2534722222178217
0 0.49388888888340127 0.3671874999936252 0.09888888888779013 0.17881944444133993
0 0.6594444444371174 0.10243055555377724 0.07888888888801235 0.1631944444416112
0 0.7977777777689137 0.21874999999620223 0.08888888888790124 0.20138888888539255
0 0.917222222212031 0.3680555555491657 0.11666666666537039 0.23611111110701194
0 0.7172222222142531 0.7126736110987383 0.21222222221986423 0.4114583333261899
