0 0.11066666666519112 0.45818505337263016 0.09599999999872 0.144128113876439
0 0.2799999999962667 0.4946619216993832 0.09333333333208889 0.1352313167235724
0 0.2466666666633778 0.3443060498159376 0.055999999999253335 0.09430604982038601
0 0.31199999999584 0.2980427046210313 0.04533333333272889 0.0765124555146528
0 0.3626666666618311 0.34341637010065096 0.06666666666577778 0.09964412811210598
0 0.4299999999942667 0.2473309608496916 0.041333333332782225 0.0676156583617862
0 0.4626666666604978 0.2802491103152981 0.04799999999936 0.06583629893121287
0 0.5273333333263023 0.2597864768637049 0.041333333332782225 0.0676156583617862
0 0.54599999999272 0.3870106761496973 0.06533333333246223 0.08362989323694608
0 0.6299999999916001 0.29715302490574463 0.05733333333256889 0.08896797152866605
0 0.6613333333245156 0.5062277579981098 0.09599999999872 0.15836298932102558
0 0.8033333333226222 0.5560498220541629 0.11066666666519112 0.1512455515987323
0 0.9206666666543911 0.4635231316643501 0.08933333333214223 0.14056939501529236
0 0.8699999999884 0.29003558718345135 0.05199999999930667 0.0854092526675194
0 0.7726666666563645 0.27135231316243147 0.038666666666151116 0.06227758007006624
0 0.7053333333239289 0.4021352313095706 0.06133333333251556 0.10320284697325262
