0 0.20727272726895865 0.40163934425132136 0.11999999999781817 0.2459016393375437
0 0.13545454545208263 0.2527322404302532 0.07818181818039668 0.1448087431654424
0 0.24999999999545452 0.21584699452962167 0.05272727272631405 0.08196721311251456
0 0.29818181817639666 0.23224043715212458 0.05454545454446281 0.10382513660918512
0 0.3736363636295702 0.2336065573706665 0.06727272727150413 0.13387978141710713
0 0.4418181818101487 0.20081967212566068 0.05090909090816528 0.09016393442376602
0 0.4790909090821983 0.3497267759467288 0.08181818181669422 0.21311475409253786
0 0.5563636363535206 0.23224043715212458 0.05818181818076033 0.12568306010585567
0 0.5054545454453553 0.22131147540378932 0.0363636363629752 0.0874316939866822
0 0.5854545454439007 0.22677595627795696 0.029090909090380163 0.0874316939866822
0 0.595454545443719 0.18032786884753205 0.027272727272231404 0.06010928961584401
0 0.7072727272598677 0.28278688523817525 0.07999999999854544 0.1721311475362806
0 0.8545454545299173 0.2841530054567171 0.06545454545335537 0.1311475409800233
0 0.9727272727095867 0.2336065573706665 0.05454545454446281 0.15573770491377767
0 0.8099999999852727 0.22677595627795696 0.05272727272631405 0.10382513660918512
