0 0.03124999999921875 0.6149999999795001 0.05749999999856251 0.09666666666344445
0 0.064999999998375 0.4933333333168889 0.044999999998875 0.06666666666444444
0 0.02624999999934375 0.4666666666511111 0.037499999999062505 0.05333333333155556
0 0.10874999999728126 0.4616666666512778 0.037499999999062505 0.049999999998333336
0 0.12874999999678124 0.5066666666497778 0.047499999998812506 0.07333333333088889
0 0.19624999999509377 0.4783333333173889 0.037499999999062505 0.049999999998333336
0 0.23124999999421877 0.5183333333160556 0.047499999998812506 0.06999999999766666
0 0.29874999999253127 0.4466666666517778 0.037499999999062505 0.05333333333155556
0 0.3624999999909375 0.4333333333188889 0.039999999999 0.059999999998
0 0.279999999993 0.41166666665294444 0.024999999999375 0.03666666666544444
0 0.4374999999890625 0.43499999998550004 0.024999999999375 0.029999999999
0 0.4562499999885938 0.4283333333190556 0.0224999999994375 0.03666666666544444
0 0.47249999998818754 0.4216666666526111 0.0199999999995 0.029999999999
0 0.42749999998931254 0.4133333333195556 0.024999999999375 0.03333333333222222
0 0.38374999999040627 0.4083333333197222 0.0274999999993125 0.029999999999
0 0.4999999999875 0.39666666665344447 0.02999999999925 0.046666666665111114
0 0.4374999999890625 0.5916666666469445 0.0599999999985 0.1033333333298889
0 0.504999999987375 0.5599999999813333 0.044999999998875 0.07999999999733334
0 0.5674999999858126 0.5149999999828333 0.044999999998875 0.06333333333122222
0 0.6162499999845937 0.568333333314389 0.0524999999986875 0.07666666666411111
0 0.5799999999855 0.4766666666507778 0.039999999999 0.046666666665111114
0 0.6037499999849063 0.45666666665144445 0.0324999999991875 0.046666666665111114
0 0.6212499999844688 0.4316666666522778 0.0224999999994375 0.029999999999
0 0.6587499999835312 0.45499999998483337 0.0274999999993125 0.04333333333188889
0 0.6712499999832188 0.479999999984 0.0324999999991875 0.046666666665111114
0 0.6724999999831875 0.4416666666519445 0.0199999999995 0.03666666666544444
0 0.6587499999835312 0.4249999999858333 0.0224999999994375 0.029999999999
0 0.6962499999825937 0.46833333331772226 0.0324999999991875 0.049999999998333336
0 0.714999999982125 0.48499999998383336 0.034999999999125 0.049999999998333336
0 0.7212499999819688 0.5216666666492777 0.037499999999062505 0.049999999998333336
0 0.7474999999813126 0.5849999999805 0.04999999999875 0.07666666666411111
0 0.8224999999794376 0.5483333333150556 0.04999999999875 0.07666666666411111
0 0.7862499999803438 0.4949999999835 0.0324999999991875 0.049999999998333336
0 0.7612499999809688 0.449999999985 0.0274999999993125 0.046666666665111114
0 0.804999999979875 0.47333333331755556 0.024999999999375 0.046666666665111114
0 0.8162499999795938 0.4366666666521111 0.0224999999994375 0.03333333333222222
0 0.8374999999790625 0.45666666665144445 0.0199999999995 0.03333333333222222
0 0.8674999999783125 0.4716666666509445 0.02999999999925 0.04333333333188889
0 0.874999999978125 0.4933333333168889 0.034999999999125 0.05333333333155556
0 0.9449999999763751 0.5466666666484444 0.04999999999875 0.07333333333088889
0 0.9862499999753438 0.6249999999791667 0.0274999999993125 0.07666666666411111
0 0.9387499999765313 0.7849999999738334 0.0924999999976875 0.1366666666621111
0 0.7287499999817812 0.7299999999756667 0.06749999999831251 0.119999999996
