0 0.08945312499930115 0.39555822328456713 0.036718749999713134 0.06122448979518338
0 0.14960937499883117 0.43637454981468937 0.04296874999966431 0.08283313325230693
0 0.20273437499841615 0.5198079231630275 0.04921874999961548 0.08883553421261903
0 0.2624999999979492 0.6236494597764268 0.05624999999956055 0.11404561824592982
0 0.2976562499976746 0.37755102040363087 0.03281249999974365 0.04681872749043435
0 0.3648437499971497 0.4183673469337531 0.03281249999974365 0.06122448979518338
0 0.4398437499965637 0.4627851140400626 0.03906249999969483 0.08043217286818209
0 0.5406249999957764 0.5450180071963383 0.04843749999962158 0.10084033613324321
0 0.47734374999627077 0.38355342136394294 0.02499999999980469 0.051620648258684024
0 0.5371093749958039 0.38475390155600536 0.02890624999977417 0.051620648258684024
0 0.649218749994928 0.45138055221546963 0.03281249999974365 0.05762304921899612
0 0.8035156249937225 0.5066026410503409 0.04296874999966431 0.08643457382849418
0 0.8492187499933656 0.3433373349298519 0.07656249999940186 0.12004801920624192
