0 0.18842224744394526 0.2666098807450322 0.18615209988437964 0.37308347529177033
0 0.48240635640769114 0.43356047699431755 0.2179341657182981 0.41396933559771776
0 0.23098751418580035 0.8279386711954355 0.2622020431298274 0.3373083475240663
0 0.5749148694599896 0.9045996592690869 0.2145289443789497 0.1908006814277547
0 0.22133938705764652 0.6183986371274549 0.2633371169096102 0.3168654173710926
0 0.5476730987452023 0.23253833049007602 0.18955732122372804 0.3015332197563623
0 0.8467650397179708 0.4216354344050829 0.19069239500351085 0.4105621805722221
0 0.7905788876187221 0.18909710391500686 0.18274687854503124 0.286201022141632
0 0.9500567536782059 0.15076660987818116 0.09988649262088664 0.27086882452690175
0 0.2525539160016736 0.04855195911331257 0.15096481271111276 0.09369676320112953
