0 0.953703703701864 0.5886863425908893 0.09259259259241398 0.2792245370362291
0 0.9167631172821822 0.4373553240728086 0.1066743827158436 0.17679398148096992
0 0.8134645061712703 0.41608796296175904 0.08063271604922717 0.1487268518514215
0 0.7093942901220883 0.4513888888875828 0.14525462962934943 0.21701388888826095
0 0.6697530864184611 0.8036747685161931 0.2245370370366039 0.3926504629618268
0 0.4220679012337537 0.6863425925906067 0.24459876543162692 0.3605324074063642
0 0.5120563271595061 0.5008680555541063 0.1020447530862229 0.20891203703643255
0 0.5647183641964415 0.42028356481359874 0.08892746913563093 0.16348379629582327
0 0.4335455246905217 0.41464120370250396 0.0715663580245533 0.12094907407372411
0 0.36766975308571054 0.4016203703692083 0.08063271604922717 0.1302083333329566
0 0.2880979938266047 0.5117187499985193 0.12133487654297583 0.2138310185178998
0 0.1913580246909889 0.46773726851716513 0.08487654320971282 0.15306712962918673
0 0.12037037037013817 0.5245949074058895 0.1165123456787876 0.21296296296234676
0 0.0814043209874973 0.4367766203691066 0.07986111111095706 0.12818287036999948
0 0.06770833333320272 0.24884259259187258 0.045524691357936874 0.07233796296275366
0 0.13869598765405344 0.25274884259186126 0.045524691357936874 0.07436342592571075
0 0.16753472222189905 0.39756944444329406 0.0688657407406079 0.09722222222194091
0 0.1254822530861777 0.36964699073967117 0.05922067901223144 0.09924768518489802
0 0.07667824074059283 0.3634259259248744 0.05381944444434063 0.08449074074049627
