0 0.5009433962169633 0.3739376770432312 0.02830188679191883 0.050991501414986075
0 0.05660377358383766 0.8994334277365599 0.10943396226208614 0.17847025495245125
0 0.12264150943164827 0.6133144475746936 0.06792452830060519 0.07648725212247912
0 0.19905660376982912 0.6288951841181616 0.0660377358478106 0.09065155807108635
0 0.2707547169760235 0.5991501416260864 0.04716981131986472 0.06515580736359332
0 0.3386792452766287 0.6543909348256546 0.0660377358478106 0.08498583569164346
0 0.4311320754635635 0.6898016996971728 0.08113207547016732 0.12747875353746518
0 0.4849056603682093 0.6232294617387186 0.06037735848942684 0.09065155807108635
0 0.5792452830079388 0.5566572237802646 0.04150943396148095 0.07648725212247912
0 0.6226415094222143 0.6373937676873259 0.052830188678248485 0.07365439093275766
0 0.6566037735725169 0.5538243625905431 0.03773584905589177 0.07082152974303621
0 0.6933962264020114 0.6019830028158079 0.03584905660309719 0.05382436260470752
0 0.7650943396082057 0.5368271954522145 0.04716981131986472 0.07082152974303621
0 0.8339622641352082 0.5410764872367967 0.033962264150302596 0.062322946173871865
0 0.9245283018693484 0.5594900849699861 0.04528301886707013 0.0878186968813649
0 0.9745283018684051 0.5552407931854039 0.039622641508686364 0.056657223794428974
0 0.9801886792267889 0.6104815863849722 0.039622641508686364 0.07082152974303621
0 0.9660377358308294 0.6671388101794011 0.06792452830060519 0.0934844192608078
0 0.8594339622479351 0.7025495750509192 0.08867924528134567 0.15297450424495823
0 0.7962264150793165 0.7818696883631198 0.1471698113179779 0.2039660056599443
0 0.7764150943249732 0.6402266288770474 0.06226415094222143 0.09631728045052924
0 0.7113207547035599 0.5552407931854039 0.033962264150302596 0.056657223794428974
0 0.6877358490436276 0.539660056641936 0.024528301886329654 0.04249291784582173
0 0.4339622641427554 0.5198300283138858 0.033962264150302596 0.05382436260470752
0 0.3811320754645069 0.5439093484265181 0.03773584905589177 0.056657223794428974
0 0.39811320753965823 0.5849858356774791 0.04150943396148095 0.05949008498415042
0 0.2839622641455856 0.5566572237802646 0.03207547169750801 0.05949008498415042
0 0.2528301886744749 0.524079320098468 0.03018867924471342 0.045325779035543176
0 0.3103773584847098 0.524079320098468 0.02830188679191883 0.045325779035543176
0 0.15471698112915627 0.5694050991340112 0.04905660377265931 0.062322946173871865
0 0.18490566037386968 0.5410764872367967 0.03018867924471342 0.056657223794428974
0 0.14622641509158063 0.5155807365293036 0.024528301886329654 0.045325779035543176
0 0.1160377358468672 0.5509915014008218 0.03207547169750801 0.05382436260470752
0 0.12169811320525097 0.5325779036676324 0.02830188679191883 0.03966005665610028
0 0.06509433962141331 0.5254957506933287 0.03207547169750801 0.04815864022526462
