0 0.2527386541431496 0.272300469477176 0.12989045383208309 0.2206572769901254
0 0.6275430359839195 0.4096244131359243 0.15023474178168647 0.26525821595621457
0 0.8341158059337384 0.49413145538746167 0.20970266040360402 0.3028169014013423
0 0.9342723004548626 0.6185446009244473 0.1283255086051905 0.4014084506948026
0 0.9053208137573502 0.24178403755300976 0.14241001564722364 0.2488262910739712
0 0.9264475743203998 0.08098591549105666 0.06885758998327296 0.1244131455369856
0 0.8317683880933995 0.10446009389426149 0.08294209702530607 0.1384976525789085
0 0.7762128325387134 0.07042253520961449 0.05946791862191756 0.10798122065474222
0 0.7292644757319364 0.11737089201602414 0.07198748043705809 0.11737089201602414
0 0.6604068857486635 0.07042253520961449 0.05946791862191756 0.09389671361281932
0 0.6251956181435806 0.06103286384833256 0.05477308294123986 0.10798122065474222
0 0.4632237871601999 0.14319248825954947 0.06572769952948783 0.10798122065474222
0 0.5164319248745473 0.35798122064887367 0.1721439749581824 0.3169014084432652
0 0.35602503911805905 0.11267605633538319 0.061032863848810126 0.09389671361281932
0 0.4397496087568114 0.05868544600801207 0.05946791862191756 0.07042253520961449
0 0.2918622848154638 0.09389671361281932 0.05164319248745472 0.09389671361281932
0 0.22378716744563712 0.1502347417805109 0.0813771517984135 0.136150234738588
0 0.07120500782361182 0.2183098591498049 0.10172143974801688 0.12206572769666511
0 0.0766823161177358 0.5363849765132304 0.14084507042033106 0.3215962441239062
0 0.20970266040360402 0.0481220657265699 0.05946791862191756 0.07746478873057594
0 0.16118935836993442 0.05516431924753135 0.04694835680677702 0.08685446009185788
