0 0.19363636363284295 0.5339285714095026 0.045454545453719006 0.11785714285293367
0 0.29909090908547104 0.5499999999803571 0.059999999998909086 0.12857142856683673
0 0.26272727272249585 0.4982142856964923 0.045454545453719006 0.10357142856772958
0 0.33999999999381814 0.48749999998258925 0.0363636363629752 0.08214285713992346
0 0.3899999999929091 0.5303571428382015 0.045454545453719006 0.11071428571033162
0 0.4190909090832892 0.2928571428466836 0.049090909090016524 0.09285714285382653
0 0.48090909090034706 0.43571428569872445 0.03818181818112396 0.07142857142602041
0 0.6863636363511569 0.31071428570318876 0.034545454544826444 0.06428571428341837
0 0.6245454545340992 0.6839285714041453 0.08909090908928925 0.18928571427895408
0 0.7245454545322809 0.6410714285485332 0.07454545454409917 0.17499999999375
0 0.8590909090752892 0.7607142856871173 0.136363636361157 0.29999999998928567
0 0.8590909090752892 0.5589285714086096 0.05636363636261157 0.11785714285293367
0 0.849090909075471 0.4660714285547831 0.05090909090816528 0.11071428571033162
0 0.8081818181671239 0.47499999998303566 0.04181818181742149 0.09285714285382653
0 0.7645454545315536 0.43749999998437494 0.03818181818112396 0.07499999999732142
0 0.7563636363498842 0.5339285714095026 0.04363636363557025 0.11071428571033162
0 0.7163636363506115 0.44999999998392853 0.0363636363629752 0.07142857142602041
0 0.913636363619752 0.4303571428417729 0.05636363636261157 0.08214285713992346
0 0.8999999999836363 0.48749999998258925 0.032727272726677685 0.08214285713992346
0 0.9636363636188429 0.4928571428395408 0.05454545454446281 0.12142857142423469
