0 0.20399999999592 0.7469879517847292 0.22399999999552 0.38554216866308605
0 0.04599999999908 0.611445783114113 0.08399999999832 0.16867469879010014
0 0.1149999999977 0.5406626505861246 0.049999999999 0.09337349397309115
0 0.15199999999695998 0.5572289156458665 0.06799999999864 0.09638554216577151
0 0.20299999999593998 0.510542168659321 0.053999999998919995 0.075301204817009
0 0.29599999999408 0.5602409638385469 0.09199999999816 0.14457831324865728
0 0.34099999999318 0.594879518054371 0.06599999999868 0.11144578312917332
0 0.43299999999134 0.569277108416588 0.05799999999884 0.08433734939505007
0 0.55299999998894 0.343373493965561 0.03399999999932 0.06626506023896792
0 0.5299999999894 0.5843373493799898 0.05599999999888 0.10843373493649296
0 0.61199999998776 0.576807228898289 0.051999999998959996 0.09337349397309115
0 0.66199999998676 0.5075301204666406 0.051999999998959996 0.08132530120236971
0 0.7189999999856199 0.6234939758848345 0.16199999999675999 0.22891566264370733
0 0.80199999998396 0.4999999999849397 0.04399999999912 0.07831325300968936
0 0.9039999999819199 0.5210843373337022 0.05599999999888 0.09638554216577151
0 0.94799999998104 0.58584337347633 0.09599999999808 0.16566265059741977
