0 0.06261682242932134 0.3756944444392265 0.02616822429882086 0.04861111111043596
0 0.2163551401848939 0.4597222222158372 0.036448598130500484 0.05277777777704475
0 0.3004672897168181 0.4944444444375772 0.0457943925229365 0.055555555554783954
0 0.3560747663518124 0.4576388888825328 0.03738317756974409 0.05138888888817516
0 0.4289719626128134 0.4826388888821856 0.03738317756974409 0.05972222222139275
0 0.4546728971920124 0.46041666666027203 0.02523364485957726 0.037499999999479165
0 0.4742990654161281 0.41597222221644486 0.019626168224115646 0.031944444444000776
0 0.5462616822378854 0.5326388888814911 0.05140186915839812 0.07916666666556713
0 0.5883177570038476 0.463888888882446 0.021495327102602848 0.03611111111060957
0 0.6299065420501878 0.41249999999427084 0.020560747663359247 0.030555555555131175
0 0.6626168224237139 0.4520833333270544 0.020560747663359247 0.029166666666261575
0 0.6761682242927461 0.4840277777710552 0.03271028037352607 0.04861111111043596
0 0.7546728971892087 0.5180555555483604 0.06261682242932134 0.1194444444427855
0 0.7934579439178182 0.4659722222157504 0.028037383177308063 0.054166666665914354
0 0.8238317756932353 0.48124999999331597 0.021495327102602848 0.04861111111043596
0 0.9116822429821339 0.5131944444373168 0.038317757008987686 0.07083333333234954
0 0.9869158878412438 0.4909722222154032 0.024299065420333655 0.04305555555495756
0 0.9383177570005765 0.6256944444357543 0.06542056074705214 0.09583333333200232
