0 0.10272727272540495 0.7396593673785972 0.09636363636188429 0.13625304135921526
0 0.017272727272413222 0.4501216544902647 0.027272727272231404 0.05352798053397743
0 0.047272727271867765 0.46107055959948734 0.029090909090380163 0.051094890509705726
0 0.07363636363502479 0.5218978102062799 0.045454545453719006 0.05596107055824913
0 0.09818181818003305 0.48418491483006854 0.032727272726677685 0.048661800485434024
0 0.10181818181633057 0.42700729925968356 0.029090909090380163 0.04136253041261892
0 0.13999999999745455 0.4574209245630798 0.029090909090380163 0.04379562043689062
0 0.16999999999690907 0.5231143552184158 0.049090909090016524 0.06812652067960763
0 0.17545454545135536 0.47931873478152515 0.03818181818112396 0.05352798053397743
0 0.20818181817803305 0.45620437955094395 0.034545454544826444 0.051094890509705726
0 0.246363636359157 0.4403892943931779 0.030909090908528922 0.058394160582520824
0 0.2563636363589752 0.5036496350242421 0.03999999999927272 0.058394160582520824
0 0.2827272727221322 0.5462287104489969 0.05272727272631405 0.07542579075242274
0 0.2836363636312066 0.46836982967230245 0.03999999999927272 0.04622871046116232
0 0.3054545454489917 0.43673965935677034 0.029090909090380163 0.04622871046116232
0 0.34090909090289256 0.4525547445145364 0.027272727272231404 0.03892944038834722
0 0.349090909084562 0.4087591240776458 0.029090909090380163 0.034063260339803815
0 0.37272727272049583 0.4209245741990043 0.02545454545408264 0.03892944038834722
0 0.39999999999272723 0.44890510947812884 0.029090909090380163 0.04622871046116232
0 0.37454545453864463 0.4829683698179327 0.0363636363629752 0.051094890509705726
0 0.39545454544735537 0.5413625304004535 0.04181818181742149 0.07542579075242274
0 0.44090909090107433 0.6155717761407404 0.06363636363520661 0.09732360097086805
0 0.485454545445719 0.5218978102062799 0.0363636363629752 0.05596107055824913
0 0.42636363635588426 0.4622871046116232 0.027272727272231404 0.04379562043689062
0 0.44272727271922313 0.4306569342960911 0.027272727272231404 0.03892944038834722
0 0.473636363627752 0.4525547445145364 0.030909090908528922 0.03892944038834722
0 0.4881818181729421 0.42214111921114017 0.023636363635933882 0.03163017031553211
0 0.5154545454451736 0.4330900243203628 0.01999999999963636 0.034063260339803815
0 0.538181818172033 0.46836982967230245 0.032727272726677685 0.04622871046116232
0 0.5527272727172231 0.43673965935677034 0.02545454545408264 0.03163017031553211
0 0.5890909090801983 0.46836982967230245 0.029090909090380163 0.04136253041261892
0 0.6136363636252066 0.529197080279095 0.045454545453719006 0.06569343065533594
0 0.5463636363537024 0.5742092457281215 0.05636363636261157 0.08272506082523784
0 0.6490909090791074 0.6605839415897669 0.06545454545335537 0.09489051094659634
0 0.7136363636233883 0.6046228710315177 0.059999999998909086 0.09489051094659634
0 0.614545454534281 0.4549878345388081 0.029090909090380163 0.04379562043689062
0 0.636363636352066 0.4416058394053138 0.02545454545408264 0.04136253041261892
0 0.700909090896347 0.4647201946358949 0.027272727272231404 0.048661800485434024
0 0.712727272714314 0.4537712895266723 0.029090909090380163 0.04136253041261892
0 0.7481818181682148 0.4452554744417213 0.023636363635933882 0.04379562043689062
0 0.7599999999861817 0.5060827250485138 0.04363636363557025 0.05352798053397743
0 0.8045454545308264 0.49878345497569876 0.034545454544826444 0.05352798053397743
0 0.8245454545304628 0.47201946470871003 0.030909090908528922 0.05352798053397743
0 0.8809090908930743 0.45985401458735153 0.030909090908528922 0.048661800485434024
0 0.9363636363466115 0.513381995121329 0.05090909090816528 0.05352798053397743
0 0.9436363636192066 0.48783454986647606 0.032727272726677685 0.04622871046116232
