0 0.06318252730010636 0.674515235438379 0.12012480499032567 0.2631578947295524
0 0.14820592823481737 0.45429362879627994 0.08112324492853162 0.1551246537353151
0 0.06708268330628576 0.3559556786604998 0.05616224648898343 0.10249307478940461
0 0.019500780030897023 0.37396121882620603 0.03588143525685052 0.08864265927732291
0 0.04056162246426581 0.29362880885613213 0.04056162246426581 0.09418282548215559
0 0.053042121684039906 0.24376731301263801 0.02496099843954819 0.04986149584349414
0 0.09126365054459808 0.2493074792174707 0.02340093603707643 0.05540166204832682
0 0.12558502339897684 0.24238227146142985 0.026521060842019953 0.05263157894591048
0 0.11388455538043862 0.21883656509089094 0.018720748829661144 0.03878116343382877
0 0.17082683307065794 0.2714681440368014 0.029641185646963476 0.04986149584349414
0 0.19188767550402672 0.26177285317834426 0.02496099843954819 0.05263157894591048
0 0.19968798751638553 0.2202216066420991 0.021840873634604668 0.04155124653624512
0 0.21372854913863137 0.3379501384947936 0.053042121684039906 0.08864265927732291
0 0.24414976598683075 0.2908587257537158 0.032761310451907 0.06648199445799219
0 0.242589703584359 0.22160664819330728 0.02340093603707643 0.04432132963866146
0 0.28237129484738893 0.36842105262137337 0.05616224648898343 0.12188365650631901
0 0.30499219968322944 0.25900277007592787 0.026521060842019953 0.05263157894591048
0 0.29797191887210656 0.23130193905176447 0.021840873634604668 0.04155124653624512
0 0.30109204367705006 0.16620498614498047 0.018720748829661144 0.03878116343382877
0 0.3354134165314288 0.2756232686904259 0.03744149765932229 0.08587257617490657
0 0.3595943837697411 0.23822714680780532 0.02340093603707643 0.05540166204832682
0 0.3517940717573823 0.18144044320827032 0.017160686427189382 0.04155124653624512
0 0.3759750389956946 0.2631578947295524 0.02496099843954819 0.060941828253159504
0 0.40795631824636575 0.27839335179284225 0.032761310451907 0.06925207756040852
0 0.41965678626490394 0.32132963988029556 0.04056162246426581 0.07756232686765754
0 0.3822152886055817 0.5554016620344764 0.08736349453841867 0.21329639888605825
0 0.6045241809578078 0.4930747922301087 0.08268330733100339 0.19390581716914387
0 0.5975039001466849 0.33933518004600177 0.04680187207415286 0.09141274237973926
0 0.5842433697256748 0.25207756231988704 0.02340093603707643 0.06648199445799219
0 0.5616224648898342 0.25484764542230337 0.021840873634604668 0.04432132963866146
0 0.5374414976515219 0.24238227146142985 0.020280811232132906 0.047091412741077796
0 0.5210608424255685 0.27839335179284225 0.028081123244491715 0.05263157894591048
0 0.5374414976515219 0.3185595567778792 0.029641185646963476 0.07202216066282487
0 0.5085803432057944 0.24099722991022168 0.018720748829661144 0.04432132963866146
0 0.49453978158354855 0.23130193905176447 0.021840873634604668 0.05263157894591048
0 0.4797191887600668 0.24376731301263801 0.02340093603707643 0.04432132963866146
0 0.46255850233287743 0.23268698060297266 0.020280811232132906 0.04986149584349414
0 0.3939157566241199 0.2202216066420991 0.020280811232132906 0.03601108033141243
0 0.6193447737812895 0.2728531855880096 0.031201248049435238 0.06925207756040852
0 0.6622464898492629 0.26038781162713603 0.026521060842019953 0.06648199445799219
0 0.6864274570875752 0.3476454293532508 0.03744149765932229 0.09695290858457194
0 0.7332293291617281 0.35872576176291615 0.03744149765932229 0.09695290858457194
0 0.7386895475703793 0.28393351799767497 0.029641185646963476 0.06371191135557584
0 0.7199687987407182 0.2506925207686789 0.029641185646963476 0.058171745150743165
0 0.7636505460099274 0.2673130193831769 0.02340093603707643 0.05263157894591048
0 0.7714508580222863 0.31163434902183834 0.032761310451907 0.06925207756040852
0 0.8151326052914957 0.26177285317834426 0.026521060842019953 0.058171745150743165
0 0.8424336973347515 0.2756232686904259 0.028081123244491715 0.06371191135557584
0 0.8595943837619409 0.2673130193831769 0.031201248049435238 0.058171745150743165
0 0.8751950077866585 0.31301939057304656 0.034321372854378765 0.06648199445799219
0 0.8424336973347515 0.4113573407088266 0.05928237129392695 0.12465373960873535
0 0.904056162232386 0.4072022160552021 0.04212168486673757 0.09418282548215559
0 0.9547581903127184 0.35041551245566716 0.043681747269209335 0.08033240997007389
0 0.936817472684293 0.2645429362807606 0.02340093603707643 0.06925207756040852
