0 0.026041666666214554 0.505787037025329 0.04513888888810522 0.07175925925759817
0 0.062499999998914924 0.4791666666555749 0.027777777777295523 0.05092592592474709
0 0.03211805555499795 0.42361111110130534 0.03298611111053843 0.05092592592474709
0 0.0642361111099959 0.43865740739725334 0.027777777777295523 0.03935185185094093
0 0.09374999999837239 0.3865740740651256 0.0173611111108097 0.032407407406657235
0 0.09722222222053434 0.3680555555470358 0.0173611111108097 0.02314814814761231
0 0.043402777777024254 0.3680555555470358 0.0173611111108097 0.027777777777134777
0 0.13802083333093712 0.5023148148031872 0.05034722222134814 0.06018518518379201
0 0.21354166666295935 0.5636574073943598 0.062499999998914924 0.09027777777568802
0 0.20138888888539255 0.5196759259138964 0.04861111111026717 0.06249999999855324
0 0.22829861110714758 0.48958333332200044 0.02256944444405261 0.03935185185094093
0 0.16145833333053022 0.43518518517511146 0.0173611111108097 0.02314814814761231
0 0.22309027777390467 0.4282407407308278 0.019097222221890673 0.0370370370361797
0 0.27517361110633376 0.5312499999877026 0.02256944444405261 0.043981481480463394
0 0.29861111110592686 0.5497685185057924 0.0347222222216194 0.06249999999855324
0 0.32986111110538435 0.4733796296186718 0.0173611111108097 0.030092592591896006
0 0.4236111111037567 0.550925925913173 0.04513888888810522 0.06481481481331447
0 0.46961805554740244 0.5578703703574567 0.026041666666214554 0.0370370370361797
0 0.49218749999145506 0.5798611110976885 0.019097222221890673 0.03472222222141847
0 0.5347222222129389 0.5833333333198303 0.024305555555133584 0.0370370370361797
0 0.549479166657127 0.5972222222083977 0.03298611111053843 0.041666666665702165
0 0.6276041666557707 0.6041666666526814 0.019097222221890673 0.0370370370361797
0 0.6623263888773901 0.6168981481338681 0.02256944444405261 0.03472222222141847
0 0.6883680555436047 0.6249999999855325 0.019097222221890673 0.032407407406657235
0 0.9487847222057502 0.6932870370209887 0.06770833333215784 0.08564814814616556
