0 0.03680981594979111 0.35909090907458674 0.04907975459972148 0.07272727272396694
0 0.16717791410530128 0.38636363634607435 0.05828220858716925 0.0818181818144628
0 0.21472392637378146 0.3636363636198347 0.03680981594979111 0.07272727272396694
0 0.26226993864226167 0.40909090907231405 0.05828220858716925 0.09090909090495868
0 0.3512269938542568 0.4272727272533058 0.07055214723709963 0.09999999999545454
0 0.3282208588856374 0.38636363634607435 0.04294478527475629 0.06363636363347107
0 0.2852760736108811 0.35454545452933883 0.04294478527475629 0.06363636363347107
0 0.38036809814784145 0.3568181818019628 0.03680981594979111 0.068181818178719
0 0.4064417177789435 0.4045454545270661 0.05214723926220407 0.0818181818144628
0 0.46012269937238887 0.3840909090734504 0.04294478527475629 0.068181818178719
0 0.5322085889407298 0.4181818181628099 0.06441717791213444 0.09999999999545454
0 0.4892638036659735 0.34999999998409087 0.02760736196234333 0.0545454545429752
0 0.5828220858716925 0.3886363636186983 0.03680981594979111 0.068181818178719
0 0.6196319018214836 0.37954545452820243 0.030674846624825922 0.04999999999772727
0 0.6779141104086529 0.41363636361756195 0.05521472392468666 0.09090909090495868
0 0.6610429447649987 0.37272727271033057 0.03374233128730852 0.0545454545429752
0 0.7423312883207873 0.4045454545270661 0.03680981594979111 0.06363636363347107
0 0.8006134969079566 0.40909090907231405 0.04294478527475629 0.06363636363347107
0 0.8190184048828522 0.3840909090734504 0.030674846624825922 0.059090909088223134
0 0.8711656441450563 0.411363636344938 0.03680981594979111 0.07727272726921487
0 0.9432515337133971 0.3909090908913223 0.0398773006122737 0.06363636363347107
