0 0.0554687499991333 0.8321596243936112 0.09843749999846192 0.15727699530147235
0 0.11796874999815675 0.7417840375412726 0.08281249999870606 0.12206572769666511
0 0.058593749999084475 0.6150234741639665 0.051562499999194336 0.08920187793217835
0 0.11562499999819337 0.4553990610221737 0.0562499999991211 0.09389671361281932
0 0.19531249999694825 0.5176056337906665 0.037499999999414065 0.06338028168865303
0 0.26015624999593506 0.4718309859044171 0.03906249999938965 0.06103286384833256
0 0.2960937499953736 0.5070422535092243 0.03593749999943848 0.06103286384833256
0 0.35781249999440917 0.4741784037447376 0.03437499999946289 0.051643192487050626
0 0.45312499999291994 0.4542253521020135 0.02812499999956055 0.04929577464673014
0 0.4687499999926758 0.41901408449720623 0.02812499999956055 0.05868544600801207
0 0.4367187499931763 0.39788732393432186 0.02343749999963379 0.044600938966089174
0 0.3804687499940552 0.4037558685351231 0.02343749999963379 0.042253521125768696
0 0.3187499999950196 0.4319248826189689 0.03124999999951172 0.04694835680640966
0 0.28593749999553225 0.43427230045928933 0.02812499999956055 0.03286384976448676
0 0.2656249999958496 0.42370892017784717 0.021874999999658203 0.03521126760480724
0 0.26093749999592286 0.39436619717384114 0.024999999999609376 0.042253521125768696
0 0.5156249999919433 0.311032863842464 0.04062499999936524 0.07746478873057594
0 0.3140624999950928 0.651408450688934 0.053124999999169926 0.10563380281442174
0 0.23906249999626467 0.7781690140662401 0.08124999999873048 0.11502347417570366
0 0.37499999999414063 0.6936619718147027 0.07187499999887696 0.11971830985634463
0 0.4437499999930664 0.6361502347268508 0.0562499999991211 0.09859154929346028
0 0.5968749999906738 0.5211267605511473 0.04062499999936524 0.07511737089025546
0 0.5945312499907105 0.646713615008293 0.0671874999989502 0.12910798121762657
0 0.611718749990442 0.8849765258008221 0.10156249999841309 0.18309859154499766
0 0.7445312499883667 0.7218309858985485 0.07343749999885255 0.15727699530147235
0 0.7062499999889649 0.6936619718147027 0.06249999999902344 0.11971830985634463
0 0.7093749999889161 0.5258215962317881 0.04687499999926758 0.06572769952897352
0 0.6390624999900146 0.46830985914393636 0.03437499999946289 0.05868544600801207
0 0.6781249999894043 0.4330985915391291 0.03124999999951172 0.04929577464673014
0 0.7054687499889771 0.3814553990520785 0.029687499999536134 0.05399061032737111
0 0.735937499988501 0.3814553990520785 0.02812499999956055 0.044600938966089174
0 0.675781249989441 0.2934272300400604 0.03593749999943848 0.06103286384833256
0 0.5671874999911377 0.3861502347327195 0.024999999999609376 0.03990610328544821
0 0.7734374999879151 0.3638497652496749 0.021874999999658203 0.03286384976448676
0 0.7476562499883179 0.451877934261693 0.03906249999938965 0.05868544600801207
0 0.9093749999857911 0.35446009388839295 0.07499999999882813 0.14084507041922897
0 0.9281249999854981 0.7276995304993498 0.08124999999873048 0.1502347417805109
0 0.9843749999846192 0.6889671361340618 0.03124999999951172 0.1103286384950627
0 0.898437499985962 0.9107981220443474 0.12499999999804688 0.1784037558643567
