0 0.04111111111019753 0.47039473682663174 0.07777777777604938 0.11184210525947887
0 0.1011111111088642 0.36348684209330634 0.0733333333317037 0.10197368420717191
0 0.1411111111079753 0.2746710526225437 0.0733333333317037 0.082236842102558
0 0.09666666666451851 0.24506578946562282 0.04666666666562963 0.062499999997944075
0 0.04555555555454321 0.1874999999938322 0.04666666666562963 0.06578947368204639
0 0.27444444443834565 0.4210526315650969 0.09555555555343209 0.11842105262768352
0 0.2555555555498765 0.319078947357925 0.05777777777649382 0.07894736841845568
0 0.35333333332548145 0.6447368420840547 0.13777777777471603 0.20394736841434383
0 0.48777777776693826 0.5707236841917525 0.1355555555525432 0.20723684209844614
0 0.3855555555469876 0.35032894735689707 0.0733333333317037 0.09539473683896728
0 0.42444444443501234 0.24835526314972514 0.06666666666518518 0.09539473683896728
0 0.3066666666598518 0.20394736841434383 0.03999999999911111 0.06578947368204639
0 0.29111111110464194 0.16611842104716715 0.031111111110419754 0.042763157893330156
0 0.2644444444385679 0.13980263157434858 0.03999999999911111 0.062499999997944075
0 0.3688888888806913 0.15131578946870672 0.03555555555476543 0.046052631577432473
0 0.3955555555467654 0.1874999999938322 0.044444444443456785 0.06578947368204639
0 0.44888888887891354 0.18256578946767874 0.03999999999911111 0.05592105262973943
0 0.463333333323037 0.22203947367690657 0.042222222221283946 0.05592105262973943
0 0.518888888877358 0.041118421051279 0.03333333333259259 0.05592105262973943
0 0.5211111110995308 0.13980263157434858 0.04666666666562963 0.062499999997944075
0 0.5466666666545185 0.12828947367999047 0.031111111110419754 0.05921052631384176
0 0.5422222222101728 0.1973684210461392 0.044444444443456785 0.052631578945637116
0 0.6377777777636049 0.1677631578892183 0.04888888888780247 0.07894736841845568
0 0.6055555555420987 0.16940789473126946 0.03777777777693827 0.06907894736614871
0 0.6866666666514074 0.23026315788716237 0.044444444443456785 0.06578947368204639
0 0.7155555555396543 0.2730263157804925 0.053333333332148146 0.09210526315486495
0 0.6588888888742469 0.4555921052481713 0.12222222221950617 0.16118421052101367
0 0.5311111110993086 0.3305921052522831 0.07555555555387654 0.09539473683896728
0 0.733333333317037 0.16282894736306483 0.031111111110419754 0.042763157893330156
0 0.7388888888724691 0.21546052630870194 0.042222222221283946 0.05592105262973943
0 0.7822222222048395 0.15460526315280904 0.03999999999911111 0.07236842105025103
0 0.8411111110924198 0.25164473683382743 0.04666666666562963 0.062499999997944075
0 0.8944444444245678 0.2171052631507531 0.055555555554320984 0.09210526315486495
0 0.8633333333141481 0.16282894736306483 0.03777777777693827 0.062499999997944075
0 0.9833333333114814 0.2088815789404973 0.03333333333259259 0.062499999997944075
