0 0.09296874999854737 0.3874999999892361 0.051562499999194336 0.0972222222195216
0 0.04921874999923096 0.34722222221257715 0.03593749999943848 0.06666666666481481
0 0.19140624999700928 0.3986111111000386 0.051562499999194336 0.1138888888857253
0 0.16953124999735109 0.3513888888791281 0.03281249999948731 0.058333333331712964
0 0.2343749999963379 0.3333333333240741 0.024999999999609376 0.049999999998611114
0 0.26249999999589846 0.37499999998958333 0.04062499999936524 0.08333333333101853
0 0.3257812499949097 0.3652777777676312 0.03281249999948731 0.08611111110871913
0 0.3945312499938355 0.3388888888794753 0.03906249999938965 0.08333333333101853
0 0.45234374999293214 0.3333333333240741 0.029687499999536134 0.08333333333101853
0 0.4445312499930542 0.5541666666512731 0.10781249999831544 0.18055555555054012
0 0.5671874999911377 0.4374999999878472 0.09062499999858399 0.21944444443834876
0 0.5171874999919189 0.37499999998958333 0.06249999999902344 0.1444444444404321
0 0.6585937499897095 0.4194444444327932 0.0671874999989502 0.1444444444404321
0 0.7742187499879029 0.5236111110965663 0.10781249999831544 0.22499999999375
0 0.7562499999881837 0.35972222221222994 0.04999999999921875 0.11944444444112655
0 0.7203124999887451 0.35833333332337963 0.024999999999609376 0.07222222222021606
0 0.8078124999873779 0.3388888888794753 0.043749999999316405 0.08333333333101853
0 0.9062499999858399 0.4041666666554398 0.06249999999902344 0.14166666666273148
