0 0.49999999999 0.37237237236119 0.02799999999944 0.05405405405243081
0 0.7849999999842999 0.7837837837602467 0.13799999999724 0.1981981981922463
0 0.8519999999829599 0.7042042041830568 0.07599999999847999 0.1471471471427283
0 0.9559999999808799 0.6726726726524722 0.07199999999856 0.12012012011651291
0 0.97299999998054 0.6036036035854774 0.04199999999916 0.060060060058256454
0 0.9769999999804599 0.5510510510345029 0.037999999999239996 0.06306306306116927
0 0.92699999998146 0.5525525525359594 0.04199999999916 0.060060060058256454
0 0.8569999999828599 0.609609609591303 0.053999999998919995 0.09009009008738468
0 0.8369999999832599 0.5435435435272209 0.049999999999 0.0660660660640821
0 0.76799999998464 0.5420420420257644 0.04799999999904 0.06306306306116927
0 0.65599999998688 0.5585585585417849 0.04799999999904 0.07207207206990773
0 0.69899999998602 0.6141141140956722 0.053999999998919995 0.06906906906699492
0 0.6139999999877199 0.6411411411218876 0.06799999999864 0.09909909909612315
0 0.5799999999884 0.5645645645476106 0.04799999999904 0.0660660660640821
0 0.5949999999880999 0.5315315315155695 0.037999999999239996 0.05405405405243081
0 0.68199999998636 0.5360360360199388 0.03199999999936 0.04504504504369234
0 0.4599999999908 0.7732732732500518 0.11599999999768 0.16516516516020524
0 0.42399999999152 0.6726726726524722 0.07199999999856 0.09009009008738468
0 0.19599999999608 0.635135135116062 0.07199999999856 0.09909909909612315
0 0.11399999999772 0.6216216216029543 0.08799999999824 0.10810810810486161
0 0.0599999999988 0.8963963963694775 0.11199999999776 0.20720720720098476
0 0.06299999999874 0.5285285285126567 0.03399999999932 0.04804804804660516
0 0.1149999999977 0.5285285285126567 0.03399999999932 0.03603603603495387
0 0.11199999999776 0.5555555555388721 0.04399999999912 0.04204204204077951
0 0.16199999999675999 0.5675675675505234 0.039999999999199995 0.05405405405243081
0 0.1449999999971 0.515015014999549 0.0299999999994 0.05705705705534363
0 0.18199999999636 0.5360360360199388 0.02399999999952 0.04504504504369234
0 0.22299999999554 0.5225225225068311 0.025999999999479998 0.04204204204077951
0 0.24799999999504 0.5300300300141132 0.02399999999952 0.04504504504369234
0 0.28599999999428 0.5570570570403286 0.039999999999199995 0.05705705705534363
0 0.30699999999385996 0.5225225225068311 0.0299999999994 0.04804804804660516
0 0.2799999999944 0.5180180180024618 0.02399999999952 0.039039039037866693
0 0.37799999999244 0.5420420420257644 0.03199999999936 0.05705705705534363
0 0.4399999999912 0.5285285285126567 0.03599999999928 0.05405405405243081
0 0.48199999999036 0.6246246246058671 0.0599999999988 0.09609609609321032
0 0.50399999998992 0.5930930930752825 0.051999999998959996 0.06906906906699492
0 0.34599999999308 0.6561561561364517 0.06399999999872 0.1471471471427283
