0 0.0814260563373114 0.4131455399012542 0.051936619717852676 0.06572769952974498
0 0.12676056337916586 0.4853286384919563 0.09683098591464058 0.12793427229896792
0 0.18882042253354914 0.3632629107938584 0.0466549295770541 0.06455399060957097
0 0.24867957746259967 0.38145539905655573 0.0466549295770541 0.06807511737009302
0 0.36795774647563423 0.4495305164266487 0.06514084506984912 0.09624413145426944
0 0.3714788732361666 0.3673708920144675 0.03521126760532385 0.058685446008700876
0 0.4220950704188196 0.39201877933812185 0.03785211267572314 0.056338028168352844
0 0.45730633802414344 0.34859154929168323 0.02728873239412598 0.049295774647308735
0 0.5092429577419961 0.4055164319201231 0.04841549295732029 0.066901408449919
0 0.5013204225307982 0.3796948356762947 0.029049295774392175 0.04342723004643865
0 0.4749119718268054 0.5504694835616143 0.09947183098503987 0.17136150234540656
0 0.6835387323883492 0.4413145539854306 0.06249999999944983 0.10093896713496552
0 0.6214788732339659 0.3943661971784699 0.04225352112638862 0.06572769952974498
0 0.562940140840115 0.37793427229603366 0.041373239436255524 0.04460093896661267
0 0.6205985915438328 0.35504694835264033 0.02464788732372669 0.03403755868504651
0 0.6676936619659535 0.3744131455355116 0.02728873239412598 0.04460093896661267
0 0.7271126760499375 0.3538732394324663 0.031690140844791465 0.05281690140783079
0 0.769366197176326 0.41138497652099315 0.04929577464745338 0.07629107981131114
0 0.8041373239365833 0.3943661971784699 0.03785211267572314 0.056338028168352844
0 0.8419894366123065 0.38849765257759983 0.03785211267572314 0.0469483568069607
0 0.8556338028093695 0.3691314553947285 0.03345070422505766 0.05516431924817883
0 0.8688380281613659 0.6191314553917943 0.12323943661863347 0.2077464788708011
0 0.960387323935208 0.48943661971256536 0.07922535211197866 0.10563380281566158
0 0.9374999999917475 0.403169014079775 0.056338028168518156 0.0598591549288749
0 0.951584507033877 0.3808685445964687 0.031690140844791465 0.05751173708852686
