0 0.08874999999889062 0.5450281425788925 0.0749999999990625 0.1144465290785282
0 0.23062499999711716 0.5431519699710478 0.09624999999879687 0.129455909941286
0 0.15062499999811718 0.4399624765395879 0.03874999999951562 0.050656660411807566
0 0.21187499999735154 0.44840525327488917 0.04874999999939062 0.06003752345103119
0 0.29124999999635937 0.47091932456902585 0.06249999999921875 0.10131332082361513
0 0.4293749999946328 0.4878048780396284 0.06374999999920312 0.10131332082361513
0 0.4024999999949687 0.6378986866672064 0.11749999999853124 0.1913696060001619
0 0.4987499999937656 0.44183864914743265 0.04249999999946875 0.07317073170594426
0 0.4681249999941484 0.40712945590230526 0.026249999999671873 0.05253283301965229
0 0.40999999999487496 0.4033771106866158 0.0349999999995625 0.05628517823534174
0 0.49562499999380466 0.3930581613434698 0.026249999999671873 0.04315196998042867
0 0.569999999992875 0.5412757973632031 0.0649999999991875 0.1069418386471493
0 0.6087499999923905 0.4606003752258799 0.04249999999946875 0.07317073170594426
0 0.6812499999914844 0.41744840524545124 0.027499999999656247 0.04690431519611812
0 0.69999999999125 0.48405253282393895 0.04249999999946875 0.07504690431378898
0 0.7056249999911797 0.6688555346966443 0.16624999999792187 0.22326454033352222
0 0.7787499999902656 0.5647279549612622 0.06749999999915625 0.11632270168637293
0 0.7743749999903202 0.48123827391217183 0.04874999999939062 0.07317073170594426
0 0.8112499999898594 0.4568480300101904 0.0399999999995 0.0769230769216337
0 0.7281249999908984 0.4437148217552774 0.04624999999942187 0.054409005627497016
0 0.9399999999882499 0.592870544078933 0.09499999999881249 0.13508442776482016
0 0.9518749999881015 0.4999999999906191 0.04124999999948437 0.06941838649025481
0 0.9174999999885312 0.45872420261803515 0.03749999999953125 0.06191369605887591
0 0.989999999987625 0.4671669793533364 0.01999999999975 0.04878048780396284
