0 0.06566604127456536 0.6862499999828438 0.08255159474516788 0.13249999999668752
0 0.16041275797072396 0.7162499999820938 0.09568480300008095 0.1374999999965625
0 0.21294559099037624 0.8212499999794688 0.11069418386283875 0.1674999999958125
0 0.21857410881391043 0.634999999984125 0.054409005627497016 0.0999999999975
0 0.2016885553433079 0.5424999999864375 0.04690431519611812 0.07499999999812501
0 0.16510318949033576 0.504999999987375 0.03377110694120504 0.0599999999985
0 0.2532833020590378 0.5012499999874688 0.03752345215689449 0.0624999999984375
0 0.35741088179442004 0.4912499999877188 0.02814258911767087 0.0524999999986875
0 0.3799249530885567 0.504999999987375 0.03939962476473922 0.06999999999825
0 0.41651031894152885 0.5312499999867187 0.04127579737258394 0.0724999999981875
0 0.4446529080591997 0.5437499999864063 0.04502814258827339 0.0724999999981875
0 0.43433395871605374 0.6524999999836876 0.06941838649025481 0.10999999999725
0 0.6303939962358275 0.6824999999829375 0.08630393996085733 0.11499999999712501
0 0.6313320825397498 0.6062499999848437 0.06191369605887591 0.09749999999756251
0 0.5544090056181161 0.4187499999895313 0.02814258911767087 0.0424999999989375
0 0.6547842401378089 0.4974999999875625 0.03377110694120504 0.054999999998625
0 0.6819887429515574 0.5412499999864688 0.054409005627497016 0.07749999999806251
0 0.7148217635888401 0.5237499999869063 0.04127579737258394 0.07749999999806251
0 0.7673545966084924 0.5574999999860625 0.04502814258827339 0.07499999999812501
0 0.7833020637751725 0.4937499999876563 0.03939962476473922 0.0524999999986875
0 0.7204502814123742 0.754999999981125 0.10506566603930458 0.144999999996375
0 0.8320825515791354 0.62999999998425 0.08067542213732316 0.10999999999725
0 0.9568480300008095 0.674999999983125 0.08255159474516788 0.12999999999675
0 0.929643527187061 0.58999999998525 0.058161350843186466 0.084999999997875
0 0.9287054408831387 0.5224999999869375 0.03752345215689449 0.0599999999985
0 0.8564727954811168 0.5124999999871875 0.04315196998042867 0.0599999999985
