0 0.051562499999876055 0.9040064102535128 0.08629807692286948 0.15929487179436125
0 0.06766826923060656 0.8334935897409183 0.055528846153712674 0.09839743589712052
0 0.11610576923049014 0.8605769230741648 0.05624999999986478 0.11025641025605687
0 0.18677884615339718 0.8216346153819819 0.053365384615256334 0.08814102564074314
0 0.2580528846147643 0.9217948717919173 0.08341346153826103 0.14423076923030695
0 0.25396634615323566 0.8591346153818618 0.06177884615369765 0.09519230769200258
0 0.33774038461457273 0.8209935897409584 0.05624999999986478 0.07916666666641292
0 0.36526442307604506 0.9413461538431367 0.1266826923073878 0.11730769230731632
0 0.3932692307682854 0.8836538461510139 0.09230769230747042 0.1282051282047173
0 0.47103365384502155 0.8564102564075116 0.0646634615383061 0.09615384615353798
0 0.5533653846140544 0.9126602564073312 0.09086538461516619 0.1419871794867244
0 0.6048076923062384 0.8415064102537131 0.04663461538450328 0.07019230769208272
0 0.6385817307676958 0.900641025638139 0.070432692307523 0.09615384615353798
0 0.6840144230752788 0.8830128205099903 0.07139423076905915 0.11923076923038708
0 0.800841346151921 0.6407051282030747 0.052644230769104225 0.06730769230747657
