0 0.03666666666605556 0.47249999998818754 0.03333333333277778 0.0599999999985
0 0.11166666666480556 0.4562499999885938 0.03666666666605556 0.0524999999986875
0 0.17333333333044443 0.519999999987 0.03999999999933333 0.0599999999985
0 0.217499999996375 0.5212499999869687 0.051666666665805557 0.08749999999781251
0 0.21249999999645833 0.454999999988625 0.02833333333286111 0.054999999998625
0 0.2883333333285278 0.514999999987125 0.04333333333261111 0.07499999999812501
0 0.367499999993875 0.514999999987125 0.048333333332527775 0.06999999999825
0 0.34583333332756944 0.4574999999885625 0.034999999999416664 0.054999999998625
0 0.41583333332640277 0.439999999989 0.02833333333286111 0.039999999999
0 0.43166666665947223 0.46874999998828126 0.026666666666222222 0.0424999999989375
0 0.42749999999287497 0.5124999999871875 0.048333333332527775 0.079999999998
0 0.4633333333256111 0.46624999998834377 0.03333333333277778 0.0624999999984375
0 0.44583333332590275 0.4412499999889688 0.01833333333302778 0.0324999999991875
0 0.5149999999914167 0.479999999988 0.03666666666605556 0.0599999999985
0 0.5974999999900417 0.4824999999879375 0.04166666666597222 0.0599999999985
0 0.6191666666563472 0.44999999998875 0.021666666666305553 0.039999999999
0 0.7174999999880417 0.639999999984 0.11166666666480556 0.184999999995375
0 0.7841666666535972 0.5387499999865313 0.05833333333236111 0.1024999999974375
0 0.9174999999847083 0.5824999999854376 0.07499999999875 0.104999999997375
0 0.9049999999849166 0.5174999999870625 0.04999999999916667 0.079999999998
0 0.928333333317861 0.5037499999874063 0.053333333332444444 0.08749999999781251
0 0.7433333333209444 0.39999999999 0.023333333332944444 0.044999999998875
0 0.7374999999877083 0.47249999998818754 0.024999999999583335 0.04999999999875
0 0.7674999999872083 0.46624999998834377 0.02833333333286111 0.0324999999991875
0 0.6924999999884583 0.4824999999879375 0.038333333332694446 0.054999999998625
0 0.6683333333221945 0.47374999998815626 0.023333333332944444 0.0424999999989375
