0 0.30842105262508585 0.5404984423507633 0.0947368421032687 0.17133956385759067
0 0.2305263157846205 0.4158878504543337 0.07368421052476454 0.10903426790937588
0 0.1347368421024266 0.35981308410094043 0.06315789473551246 0.09657320871973292
0 0.09052631578756787 0.30062305295013636 0.054736842104110804 0.09034267912491144
0 0.05368421052518559 0.24299065419803767 0.0399999999991579 0.05607476635339331
0 0.14105263157597783 0.2616822429825021 0.03789473684130748 0.05607476635339331
0 0.15894736841770638 0.27570093457085043 0.035789473683457064 0.05919003115080405
0 0.2589473684156011 0.28504672896308264 0.04631578947270914 0.071651090340447
0 0.40947368420190583 0.3956386292711639 0.05684210526196122 0.09345794392232218
0 0.5663157894617618 0.4485981308271465 0.07578947368261496 0.12461059189642958
0 0.455789473674615 0.2585669781850914 0.035789473683457064 0.06230529594821479
0 0.44105263156966207 0.22274143301486787 0.03157894736775623 0.04672897196116109
0 0.38947368420232686 0.24766355139415377 0.029473684209905815 0.05295950155598257
0 0.3347368420982161 0.214953271021341 0.025263157894204986 0.04361370716375035
0 0.6221052631447977 0.19781931463558194 0.02315789473635457 0.04672897196116109
0 0.70947368419559 0.2102803738252249 0.025263157894204986 0.04672897196116109
0 0.6873684210381606 0.299065420551431 0.0399999999991579 0.07476635513785775
0 0.8273684210352132 0.3644859812970565 0.04210526315700831 0.09345794392232218
0 0.9347368420855845 0.3239875389307169 0.05052631578840997 0.09345794392232218
0 0.7978947368253074 0.24922118379285915 0.025263157894204986 0.05607476635339331
0 0.9663157894533407 0.2367601246032162 0.03789473684130748 0.06230529594821479
