0 0.11640624999818115 0.3219339622565581 0.014062499999780275 0.030660377357767443
0 0.3695312499942261 0.382075471689102 0.017187499999731445 0.02830188679178533
0 0.4218749999934082 0.3867924528210662 0.021874999999658203 0.037735849055713776
0 0.47890624999251713 0.383254716972093 0.02031249999968262 0.03537735848973166
0 0.5265624999917725 0.37264150942517354 0.018749999999707032 0.033018867923749556
0 0.5898437499907837 0.3903301886700394 0.02031249999968262 0.030660377357767443
0 0.6578124999897217 0.48702830187530594 0.07499999999882813 0.11084905660115922
0 0.6429687499899537 0.41981132074481575 0.03593749999943848 0.05188679245160644
0 0.7179687499887818 0.6474056603620895 0.10781249999831544 0.18160377358062255
0 0.8187499999872071 0.870283018847399 0.17499999999726562 0.2594339622580322
0 0.8281249999870606 0.5389150943269123 0.0562499999991211 0.09669811320526656
0 0.7835937499877564 0.5082547169691449 0.04218749999934082 0.07311320754544544
0 0.7656249999880371 0.45400943395155635 0.04062499999936524 0.05896226414955277
0 0.8187499999872071 0.4445754716876279 0.03124999999951172 0.054245283017588554
0 0.8624999999865235 0.46816037734744903 0.03437499999946289 0.063679245281517
0 0.9164062499856812 0.6214622641362862 0.09218749999855957 0.15330188678883722
0 0.8992187499859498 0.5389150943269123 0.07343749999885255 0.09669811320526656
0 0.917187499985669 0.4964622641392344 0.053124999999169926 0.0872641509413381
0 0.4484374999929932 0.4504716981025832 0.03124999999951172 0.033018867923749556
0 0.4242187499933716 0.4433962264046369 0.026562499999584963 0.04716981131964222
0 0.40624999999365236 0.4705188679134311 0.03124999999951172 0.054245283017588554
0 0.3804687499940552 0.4351415094236995 0.02343749999963379 0.054245283017588554
0 0.37499999999414063 0.489386792441288 0.03124999999951172 0.05896226414955277
0 0.35390624999447023 0.5023584905541897 0.04218749999934082 0.061320754715534886
0 0.31015624999515384 0.5200471697990555 0.04218749999934082 0.07311320754544544
0 0.23984374999625246 0.5070754716861539 0.045312499999291996 0.08490566037535599
0 0.2671874999958252 0.4764150943283864 0.03124999999951172 0.061320754715534886
0 0.18124999999716798 0.5624999999867335 0.053124999999169926 0.09669811320526656
0 0.1226562499980835 0.5978773584764652 0.08593749999865723 0.15801886792080144
0 0.1593749999975098 0.4764150943283864 0.03437499999946289 0.05188679245160644
0 0.1890624999970459 0.4575471698005295 0.03124999999951172 0.06603773584749911
0 0.14999999999765626 0.4445754716876279 0.03437499999946289 0.04481132075366011
