0 0.07812499999902343 0.5833333333203703 0.08374999999895312 0.1533333333299259
0 0.03687499999953906 0.5022222222110617 0.06374999999920312 0.09333333333125926
0 0.05374999999932812 0.4133333333241481 0.0349999999995625 0.07111111110953086
0 0.03749999999953125 0.35777777776982717 0.0399999999995 0.06222222222083951
0 0.10999999999862499 0.4299999999904444 0.047499999999406246 0.09999999999777777
0 0.11687499999853905 0.37111111110286416 0.036249999999546874 0.07111111110953086
0 0.16062499999799218 0.36333333332525924 0.031249999999609375 0.05999999999866666
0 0.17062499999786718 0.44111111110130863 0.061249999999234375 0.10888888888646914
0 0.2343749999970703 0.4099999999908889 0.03874999999951562 0.08222222222039506
0 0.286874999996414 0.37333333332503704 0.033749999999578124 0.05777777777649382
0 0.31249999999609374 0.44111111110130863 0.054999999999312495 0.09111111110908642
0 0.28749999999640624 0.5488888888766913 0.069999999999125 0.13333333333037037
0 0.26062499999674216 0.6977777777622716 0.12874999999839062 0.22222222221728394
0 0.479999999994 0.5911111110979753 0.09499999999881249 0.18666666666251852
0 0.4106249999948672 0.484444444433679 0.05874999999926562 0.11999999999733332
0 0.40124999999498434 0.3877777777691605 0.027499999999656247 0.07777777777604938
0 0.3687499999953906 0.3611111111030864 0.027499999999656247 0.055555555554320984
0 0.4331249999945859 0.3844444444359012 0.031249999999609375 0.05777777777649382
0 0.4712499999941093 0.39888888888002466 0.03249999999959375 0.0733333333317037
0 0.4674999999941562 0.3411111111035309 0.027499999999656247 0.055555555554320984
0 0.5343749999933203 0.4211111111017531 0.036249999999546874 0.0733333333317037
0 0.5437499999932031 0.3833333333248148 0.029999999999625 0.04666666666562963
0 0.536874999993289 0.3433333333257037 0.026249999999671873 0.042222222221283946
0 0.5512499999931093 0.3333333333259259 0.01999999999975 0.044444444443456785
0 0.5724999999928437 0.33777777777027157 0.01999999999975 0.053333333332148146
0 0.6356249999920547 0.539999999988 0.07874999999901562 0.14222222221906172
0 0.6181249999922734 0.39888888888002466 0.03874999999951562 0.07777777777604938
0 0.613749999992328 0.35666666665874075 0.024999999999687498 0.04666666666562963
0 0.6556249999918047 0.3611111111030864 0.028749999999640622 0.05999999999866666
0 0.6887499999913906 0.4299999999904444 0.052499999999343745 0.09999999999777777
0 0.6949999999913125 0.3688888888806913 0.03249999999959375 0.04888888888780247
0 0.7349999999908124 0.3888888888802469 0.03249999999959375 0.07555555555387654
0 0.7637499999904531 0.44111111110130863 0.049999999999374996 0.10444444444212345
0 0.7574999999905312 0.35444444443656786 0.027499999999656247 0.06888888888735802
0 0.9112499999886093 0.41666666665740737 0.0449999999994375 0.08666666666474074
0 0.8862499999889218 0.3766666666582963 0.029999999999625 0.06444444444301234
0 0.9762499999877968 0.4888888888780247 0.047499999999406246 0.15111111110775308
0 0.9606249999879921 0.4444444444345679 0.05374999999932812 0.11999999999733332
0 0.936874999988289 0.3888888888802469 0.033749999999578124 0.07999999999822222
0 0.9774999999877813 0.3788888888804691 0.0349999999995625 0.07777777777604938
