0 0.12182800751851075 0.5070621468908649 0.0373590225563032 0.06426553672293692
0 0.11724624060122828 0.4405014124278231 0.028195488721738264 0.049788135593044534
0 0.16741071428532095 0.46292372881192473 0.030310150375868632 0.06355932203367387
0 0.17492951127778447 0.5391949152523333 0.035949248120216284 0.06002824858735866
0 0.2475328947362605 0.508474576269391 0.03453947368412937 0.05508474576251736
0 0.21910244360850775 0.4343220338967715 0.03453947368412937 0.0557909604517804
0 0.25646146616481097 0.41472457626972203 0.03312969924804246 0.05614406779641192
0 0.2851268796985782 0.41772598869908995 0.027020676691665836 0.04378531073430867
0 0.30392387217973704 0.4436793785295068 0.02843045112775275 0.049788135593044534
0 0.28171992481136815 0.463453389828872 0.032424812029999 0.0540254237286228
0 0.30415883458575155 0.5143008474558111 0.03312969924804246 0.06249999999977931
0 0.36430921052545984 0.5143008474558111 0.0373590225563032 0.0688559322031467
0 0.33529135338267085 0.4348516949137188 0.027725563909709292 0.054731638417885836
0 0.32048872180375826 0.40783898304940736 0.028195488721738264 0.05296610169472823
0 0.3778195488712927 0.4000706214675139 0.025375939849564436 0.0459039548020978
0 0.38745300751788664 0.44738700564813777 0.028195488721738264 0.05508474576251736
0 0.42234492481103775 0.5090042372863383 0.03171992481195555 0.05826271186420105
0 0.4814379699236809 0.5139477401111796 0.032424812029999 0.06532485875683149
0 0.44102443608918934 0.4378531073430867 0.023496240601448552 0.05508474576251736
0 0.4123590225554221 0.41860875706066875 0.028195488721738264 0.0540254237286228
0 0.47626879699136215 0.4254943502809834 0.024906015037535468 0.05296610169472823
0 0.5008223684198759 0.40519067796467095 0.02420112781949201 0.04343220338967715
0 0.5239661654123028 0.4270833333318253 0.027725563909709292 0.04555084745746628
0 0.5212640977431362 0.47492937852939643 0.03453947368412937 0.06426553672293692
0 0.5789473684196923 0.5252471751393882 0.03383458646608592 0.05896892655346409
0 0.5684915413520477 0.4399717514108758 0.025610902255578924 0.04872881355914997
0 0.592340225562518 0.40783898304940736 0.029135338345796204 0.040254237287993454
0 0.6113721804496913 0.4297316384165617 0.026785714285651352 0.0508474576269391
0 0.6172462406000535 0.5081214689247595 0.033364661654056944 0.07274011299409343
0 0.6459116541338207 0.4343220338967715 0.028195488721738264 0.05225988700546519
0 0.6656484962390375 0.4307909604504563 0.027725563909709292 0.04872881355914997
0 0.6870300751863557 0.4166666666651954 0.027725563909709292 0.053672316383991274
0 0.669760338344291 0.5008827683598133 0.03171992481195555 0.060381355931990184
0 0.7028900375923335 0.4872881355914997 0.030310150375868632 0.053672316383991274
0 0.7277960526298689 0.5049435028230758 0.03171992481195555 0.06850282485851518
0 0.7556390977425854 0.422139830506984 0.032424812029999 0.05120056497157062
0 0.779605263156063 0.5111228813541274 0.027725563909709292 0.060381355931990184
0 0.8041588345845767 0.5273658192071774 0.031249999999926576 0.06744350282462061
0 0.8459821428551552 0.5038841807891812 0.030310150375868632 0.06426553672293692
0 0.8787593984941758 0.52100988700381 0.031015037593912092 0.05685028248567497
0 0.9230498120279064 0.5188912429360208 0.03641917293224526 0.06744350282462061
