0 0.16836734693533945 0.4777448071074853 0.059183673468179925 0.10682492581285385
0 0.13061224489529363 0.7492581602151556 0.08979591836551437 0.15727002966892373
0 0.42244897958321537 0.7418397625892629 0.08571428571253645 0.11275964391356796
0 0.5765306122331321 0.7522255192655126 0.07551020408009163 0.115727002963925
0 0.5581632652947314 0.8486646884021167 0.09591836734498126 0.13056379821571026
0 0.6683673469251354 0.8842729970064014 0.08367346938604749 0.15430267061856667
0 0.775510204065806 0.8442136498265812 0.07346938775360266 0.13946587536678143
0 0.854081632635631 0.7774480711935475 0.08367346938604749 0.11869436201428206
0 0.8653061224313203 0.8738872403301516 0.10204081632444816 0.16320474776963784
0 0.9571428571233237 0.8264094955244389 0.08571428571253645 0.12166172106463911
0 0.27142857142303206 0.9376854599128283 0.110204081630404 0.12462908011499617
0 0.12959183673204916 0.9347181008624712 0.10816326530391504 0.08308605340999745
