0 0.024822695035265387 0.5344418052193058 0.04018912529519158 0.07125890736257412
0 0.13120567375783132 0.5106888360984478 0.03861308116596838 0.0593824228021451
0 0.1623325453099895 0.5546318289720352 0.05673758865203517 0.07838479809883153
0 0.17297084318224612 0.5130641330105337 0.04018912529519158 0.0617577197142309
0 0.22734436564044647 0.48396674583748256 0.030732860519852384 0.04631828978567318
0 0.28920409771245703 0.4982185273099974 0.031520882584463984 0.04869358669775898
0 0.32111899132922683 0.520190023746791 0.04018912529519158 0.0593824228021451
0 0.2509850275787945 0.5825415676890434 0.05594956658742357 0.08194774346696024
0 0.33451536642762403 0.7250593824141917 0.09535066981800355 0.15320665082953436
0 0.3380614657183762 0.3948931116342649 0.03624901497213358 0.0629453681702738
0 0.3648542159151706 0.4952494061698901 0.028368794326017584 0.045130641329630274
0 0.41883372734106517 0.5308788598511771 0.04491725768286118 0.0665083135384025
0 0.43420015760099134 0.5005938242220832 0.031520882584463984 0.060570071258187995
0 0.5090622537390933 0.5338479809912844 0.04412923561824958 0.05581947743401639
0 0.5039401103191179 0.4952494061698901 0.027580772261405987 0.04038004750545866
0 0.5788022064572199 0.48871733966165415 0.024428684002959587 0.04869358669775898
0 0.5768321512956909 0.6205463182824162 0.07092198581504396 0.10807600949990408
0 0.5977147360078983 0.8657957244552755 0.12529550827324434 0.19952494061520754
0 0.672970843178306 0.5492874109198421 0.04885736800591917 0.08669833729113184
0 0.7151300236350266 0.5207838479748125 0.04176516942441478 0.07244655581861702
0 0.7647754137055573 0.5296912113951343 0.033884948778298785 0.047505938241716075
0 0.8215130023575926 0.5777909738648718 0.04649330181208437 0.07957244655487443
0 0.7584712371886646 0.6383610451230598 0.07328605200887876 0.1247030878845047
0 0.8530338849420566 0.5427553444116062 0.03546099290752198 0.06413301662631671
0 0.868006304169677 0.5100950118704264 0.033884948778298785 0.060570071258187995
