0 0.35874999999103124 0.6066666666464444 0.07749999999806251 0.119999999996
0 0.38874999999028126 0.5049999999831667 0.05749999999856251 0.08333333333055556
0 0.43124999998921876 0.4749999999841667 0.0524999999986875 0.06999999999766666
0 0.404999999989875 0.4133333333195556 0.034999999999125 0.059999999998
0 0.30874999999228125 0.3749999999875 0.0274999999993125 0.049999999998333336
0 0.2924999999926875 0.43833333331872226 0.044999999998875 0.05666666666477778
0 0.26749999999331253 0.3883333333203889 0.034999999999125 0.049999999998333336
0 0.2524999999936875 0.43999999998533335 0.044999999998875 0.07999999999733334
0 0.1799999999955 0.45166666665161115 0.0599999999985 0.07666666666411111
0 0.16624999999584375 0.39333333332022224 0.037499999999062505 0.05333333333155556
0 0.054999999998625 0.40999999998633335 0.044999999998875 0.059999999998
0 0.054999999998625 0.35166666665494445 0.02999999999925 0.049999999998333336
0 0.0174999999995625 0.3116666666562778 0.02999999999925 0.049999999998333336
0 0.043749999998906254 0.27999999999066666 0.0274999999993125 0.03333333333222222
0 0.07374999999815625 0.3133333333228889 0.0274999999993125 0.03333333333222222
0 0.1424999999964375 0.2549999999915 0.024999999999375 0.03666666666544444
0 0.18624999999534375 0.35166666665494445 0.0324999999991875 0.049999999998333336
0 0.14624999999634375 0.3583333333213889 0.0324999999991875 0.049999999998333336
0 0.22624999999434375 0.26333333332455555 0.0174999999995625 0.03333333333222222
0 0.21624999999459377 0.29666666665677777 0.0274999999993125 0.03999999999866667
0 0.3312499999917188 0.3133333333228889 0.0224999999994375 0.03999999999866667
0 0.34749999999131254 0.27666666665744444 0.0199999999995 0.03999999999866667
0 0.404999999989875 0.30666666665644443 0.024999999999375 0.03999999999866667
0 0.37999999999050005 0.3399999999886667 0.024999999999375 0.046666666665111114
0 0.4199999999895 0.2733333333242222 0.0199999999995 0.02666666666577778
0 0.4474999999888125 0.29166666665694446 0.0199999999995 0.029999999999
0 0.45999999998850005 0.3399999999886667 0.024999999999375 0.03999999999866667
0 0.4862499999878438 0.36333333332122225 0.0274999999993125 0.03999999999866667
0 0.5124999999871875 0.3616666666546111 0.024999999999375 0.03666666666544444
0 0.5087499999872813 0.3033333333232222 0.0224999999994375 0.03999999999866667
0 0.514999999987125 0.2783333333240556 0.024999999999375 0.029999999999
0 0.47624999998809375 0.29166666665694446 0.0224999999994375 0.029999999999
0 0.564999999985875 0.32166666665594446 0.024999999999375 0.03666666666544444
0 0.6024999999849375 0.31833333332272223 0.024999999999375 0.03666666666544444
0 0.6362499999840938 0.35499999998816667 0.0224999999994375 0.03666666666544444
0 0.634999999984125 0.32999999998900004 0.0199999999995 0.03333333333222222
0 0.6862499999828438 0.35166666665494445 0.0274999999993125 0.03666666666544444
0 0.714999999982125 0.4083333333197222 0.024999999999375 0.04333333333188889
0 0.7224999999819376 0.3749999999875 0.024999999999375 0.03666666666544444
0 0.7637499999809063 0.38499999998716666 0.0224999999994375 0.04333333333188889
0 0.9074999999773126 0.3583333333213889 0.04999999999875 0.07666666666411111
0 0.664999999983375 0.6283333333123889 0.07499999999812501 0.10999999999633334
0 0.7112499999822188 0.7516666666416112 0.07749999999806251 0.149999999995
0 0.6687499999832813 0.4166666666527778 0.0274999999993125 0.03999999999866667
0 0.6112499999847187 0.3916666666536111 0.0274999999993125 0.04333333333188889
0 0.039999999999 0.5866666666471111 0.07499999999812501 0.1333333333288889
