0 0.2682291666658449 0.17912581699273233 0.04319852941163235 0.0641339869278426
0 0.5917585784295596 0.35089869280902414 0.025428921568549544 0.04493464052269226
0 0.6346507352921732 0.3770424836585905 0.024816176470512204 0.04084967320244751
0 0.6594669117626855 0.3678513071880398 0.02604166666658688 0.04697712418281464
0 0.695925245095907 0.3698937908481622 0.03216911764696027 0.044526143790667785
0 0.7267156862722833 0.3813316993448475 0.03370098039205361 0.03962418300637408
0 0.7804840686250598 0.39236111110950833 0.03645833333322163 0.05759803921545099
0 0.8144914215661321 0.40134803921404677 0.038909313725370986 0.04779411764686359
0 0.8633578431346097 0.4089052287564996 0.03063725490186692 0.05473856209127966
0 0.9276960784285303 0.41523692810287893 0.04411764705868836 0.05759803921545099
0 0.9744178921538773 0.4546568627432408 0.038909313725370986 0.05065359477103491
0 0.9670649509774293 0.5191993464031078 0.06587009803901388 0.09068627450943348
0 0.9545036764676639 0.6107026143765902 0.08609068627424604 0.09967320261397193
0 0.7991727941151986 0.5996732026119295 0.09037990196050741 0.14133986928046838
0 0.847426470585639 0.5870098039191707 0.07475490196055529 0.13071895424783203
0 0.7150735294095739 0.6323529411738875 0.09987745098008616 0.11764705882304884
0 0.6164215686255624 0.648284313722842 0.10784313725457155 0.15931372548954528
0 0.5330882352924844 0.7998366013039223 0.1292892156858784 0.1936274509796012
0 0.3684129901949497 0.6484885620888542 0.0836397058820967 0.13357843137200337
0 0.2996323529402585 0.6004901960759784 0.07781862745074197 0.12336601307139149
0 0.2002144607837003 0.610498366010578 0.07751225490172331 0.10743464052243695
0 0.1922487745092149 0.553717320259176 0.06648284313705122 0.0837418300650174
0 0.16237745097989467 0.5163398692789365 0.0606617647056965 0.07679738562060132
0 0.14859068627405456 0.47242647058630544 0.05085784313709909 0.06495098039189154
0 0.11948529411728098 0.46098856208962014 0.04350490196065102 0.06985294117618525
0 0.07506127450957395 0.43872549019428625 0.05024509803906175 0.08088235294084607
0 0.05147058823513642 0.4121732026126954 0.046568627450837716 0.06781045751606286
