0 19900000000.0 13600000000.0 1400000000.0 1600000000.0
0 16950000000.0 29500000000.0 6500000000.0 8200000000.0
0 14750000000.0 23800000000.0 5100000000.0 5200000000.0
0 8050000000.0 21900000000.0 3700000000.0 4200000000.0
0 7050000000.0 18750000000.0 2100000000.0 2700000000.0
0 5650000000.0 18300000000.0 1700000000.0 2200000000.0
0 4600000000.0 17600000000.0 2200000000.0 2200000000.0
0 3200000000.0 17550000000.0 1600000000.0 2100000000.0
0 1050000000.0 19800000000.0 1900000000.0 3400000000.0
0 10850000000.0 19500000000.0 2300000000.0 2400000000.0
0 15150000000.0 18300000000.0 2100000000.0 2400000000.0
0 13350000000.0 17450000000.0 1700000000.0 1900000000.0
0 14450000000.0 17050000000.0 1700000000.0 1700000000.0
0 17500000000.0 17450000000.0 1600000000.0 1900000000.0
0 18950000000.0 18600000000.0 2100000000.0 2400000000.0
0 20550000000.0 17300000000.0 1700000000.0 1600000000.0
0 21550000000.0 19050000000.0 2500000000.0 2300000000.0
0 24100000000.0 18600000000.0 2200000000.0 2200000000.0
0 23200000000.0 17600000000.0 1800000000.0 1800000000.0
0 25600000000.0 17400000000.0 1400000000.0 1800000000.0
0 27200000000.0 17600000000.0 1600000000.0 2000000000.0
0 28600000000.0 18800000000.0 2200000000.0 2600000000.0
0 29700000000.0 19500000000.0 3000000000.0 2800000000.0
0 30450000000.0 26900000000.0 6300000000.0 6200000000.0
0 24400000000.0 23200000000.0 4800000000.0 5000000000.0
0 38850000000.0 21500000000.0 3900000000.0 3200000000.0
0 35900000000.0 18650000000.0 1600000000.0 2300000000.0
0 37950000000.0 17300000000.0 1300000000.0 1800000000.0
0 39950000000.0 18650000000.0 2100000000.0 2500000000.0
0 35750000000.0 17100000000.0 1500000000.0 1600000000.0
0 46700000000.0 28050000000.0 5000000000.0 6500000000.0
0 50300000000.0 25550000000.0 4600000000.0 4900000000.0
0 44400000000.0 19500000000.0 2000000000.0 2200000000.0
0 42800000000.0 17300000000.0 1200000000.0 1400000000.0
0 39550000000.0 17250000000.0 1500000000.0 1700000000.0
0 44050000000.0 17200000000.0 1500000000.0 1600000000.0
0 45900000000.0 17150000000.0 1400000000.0 1500000000.0
0 47050000000.0 17550000000.0 1500000000.0 1700000000.0
0 48550000000.0 17950000000.0 1700000000.0 2100000000.0
0 50100000000.0 17750000000.0 1400000000.0 1500000000.0
0 51600000000.0 17500000000.0 1400000000.0 1600000000.0
0 51950000000.0 20400000000.0 2500000000.0 3000000000.0
0 51550000000.0 19100000000.0 2300000000.0 2000000000.0
0 54050000000.0 19000000000.0 2300000000.0 2800000000.0
0 56850000000.0 18550000000.0 1900000000.0 2700000000.0
0 58300000000.0 18950000000.0 2200000000.0 3300000000.0
