0 0.3466605392146242 0.37888071895270065 0.13756127450938246 0.24223856209051373
0 0.45021446078293437 0.43668300653416386 0.0965073529408808 0.16830065359408375
0 0.688572303919459 0.4395424836583352 0.09344362745069411 0.16830065359408375
0 0.5670955882335567 0.6462418300627196 0.1881127450974629 0.2491830065349298
0 0.5185355392140976 0.34007352941037555 0.06709558823508856 0.09272875816955585
0 0.5128676470572522 0.30616830065234407 0.05147058823513642 0.07638888888857684
0 0.4676776960769985 0.2763480392145574 0.04503676470574437 0.06086601307164679
0 0.44531249999863565 0.2479575163388564 0.025428921568549544 0.04575163398674121
0 0.40272671568504065 0.28267973856093676 0.04319852941163235 0.07189542483630762
0 0.4252450980379128 0.34354575163258355 0.047794117646912396 0.08986928104538452
0 0.2576593137247008 0.2322303921559141 0.03431372549009095 0.05678104575140204
0 0.23498774509731926 0.23345588235198753 0.03370098039205361 0.05269607843115729
0 0.10508578431340353 0.23815359477026898 0.04411764705868836 0.06454248365986706
0 0.03477328431361895 0.28022875816878995 0.04564950980378171 0.07107843137225867
