0 0.9599999999904 0.8403298350698601 0.06799999999932 0.10344827586051802
0 0.82299999999177 0.47676161918325694 0.03199999999968 0.04797601199328372
0 0.65299999999347 0.4985007496177136 0.02799999999972 0.0464767616184936
0 0.555499999994445 0.5299850074883061 0.02899999999971 0.0464767616184936
0 0.572499999994275 0.813343328323638 0.08899999999911 0.1394302848554808
0 0.6799999999932 0.7331334332723668 0.0699999999993 0.1109445277344686
0 0.7799999999922 0.6604197900950461 0.04399999999956 0.07046476761513545
0 0.83799999999162 0.6739130434681573 0.03799999999962 0.0464767616184936
0 0.856499999991435 0.6544227885958858 0.03099999999969 0.037481259369752905
0 0.879499999991205 0.6236881559126883 0.03499999999965 0.044977511243703486
0 0.73399999999266 0.619190404788318 0.02799999999972 0.05097451274286395
0 0.68899999999311 0.6214392803505031 0.03399999999966 0.061469265366394764
0 0.625499999993745 0.6349325337236142 0.04499999999955 0.061469265366394764
0 0.545499999994545 0.6611694152824412 0.04899999999951 0.06596701649076511
0 0.445499999995545 0.7106446776505151 0.05099999999949 0.07796101948908604
0 0.35899999999641 0.9235382308707116 0.099999999999 0.1469265367294314
0 0.076499999999235 0.7803598200782554 0.08299999999917 0.11244377810925871
0 0.31099999999689 0.77511244376649 0.05599999999944 0.08695652173782674
0 0.24599999999754 0.696401799090009 0.05199999999948 0.07046476761513545
0 0.34499999999655 0.6724137930933671 0.04399999999956 0.06746626686555524
0 0.41499999999585 0.6379310344731944 0.03599999999964 0.05847076461681453
0 0.505499999994945 0.6169415292261328 0.03299999999967 0.0554722638672343
0 0.558499999994415 0.6026986506656267 0.03099999999969 0.044977511243703486
0 0.4699999999953 0.5989505247286514 0.03199999999968 0.0464767616184936
0 0.397499999996025 0.6026986506656267 0.02699999999973 0.04197901049412325
0 0.3199999999968 0.6199400299757131 0.04599999999954 0.05247376311765407
0 0.28399999999716 0.5119940029908246 0.03199999999968 0.05847076461681453
0 0.216499999997835 0.5952023987916761 0.02699999999973 0.04197901049412325
0 0.12799999999872 0.6686656671563919 0.047999999999519996 0.06896551724034534
0 0.107499999998925 0.6109445277269724 0.040999999999589996 0.061469265366394764
0 0.03599999999964 0.6214392803505031 0.02799999999972 0.049475262368073834
0 0.010499999999895 0.6671664167816017 0.01899999999981 0.05097451274286395
