0 0.09599999999808 0.57599999998464 0.06399999999872 0.09599999999744
0 0.14899999999702 0.5493333333186844 0.053999999998919995 0.09066666666424888
0 0.20899999999582 0.5973333333174045 0.06199999999876 0.1013333333306311
0 0.27799999999444 0.5466666666520889 0.0599999999988 0.09066666666424888
0 0.36399999999272 0.5239999999860266 0.0599999999988 0.08799999999765333
0 0.41799999999164 0.5319999999858133 0.04799999999904 0.07199999999808
0 0.45499999999089996 0.57599999998464 0.049999999999 0.09066666666424888
0 0.50399999998992 0.4839999999870933 0.04799999999904 0.08266666666446222
0 0.55199999998896 0.5693333333181511 0.04799999999904 0.09333333333084444
0 0.59799999998804 0.5359999999857067 0.04399999999912 0.08533333333105778
0 0.6479999999870399 0.5866666666510222 0.05599999999888 0.09066666666424888
0 0.69199999998616 0.5213333333194311 0.04799999999904 0.07199999999808
0 0.7389999999852199 0.5653333333182577 0.04599999999908 0.08533333333105778
0 0.7909999999841799 0.5186666666528356 0.04599999999908 0.09333333333084444
0 0.8319999999833599 0.5613333333183644 0.04799999999904 0.08266666666446222
0 0.9039999999819199 0.5253333333193244 0.05599999999888 0.07999999999786667
