0 0.025968309858926338 0.4284037558635164 0.04841549295732029 0.11737089201740175
0 0.0941901408442413 0.3791079812162077 0.031690140844791465 0.051643192487656774
0 0.1346830985903637 0.3937793427183829 0.06338028168958293 0.07863849765165917
0 0.20730633802634416 0.44307511736569166 0.0941901408442413 0.10915492957618364
0 0.1941021126743477 0.37206572769516355 0.03433098591519075 0.051643192487656774
0 0.21742957746287475 0.3673708920144675 0.02992957746452527 0.049295774647308735
0 0.24559859154713384 0.39025821595786087 0.05985915492905054 0.08333333333235525
0 0.3036971830959182 0.37206572769516355 0.02992957746452527 0.049295774647308735
0 0.3283450704196449 0.3896713614977738 0.045774647886921004 0.056338028168352844
0 0.3956866197148267 0.4624413145485629 0.10827464788637083 0.14319248826123016
0 0.3758802816868321 0.3697183098548155 0.02992957746452527 0.04460093896661267
0 0.39964788732042567 0.36561032863420645 0.02464788732372669 0.04107981220609062
0 0.44146126760174775 0.38849765257759983 0.03961267605598933 0.061032863849048914
0 0.4775528168972047 0.43133802816395145 0.06426056337971602 0.08568075117270328
0 0.4731514084465392 0.3661971830942935 0.025528169013859788 0.04225352112626463
0 0.5136443661926616 0.4096244131407321 0.03785211267572314 0.061032863849048914
0 0.5281690140798577 0.3820422535166427 0.028169014084259078 0.04577464788678669
0 0.5686619718259801 0.3873239436574258 0.026408450703992885 0.0469483568069607
0 0.5968309859102392 0.3832159624368167 0.02992957746452527 0.04812206572713472
0 0.622359154924099 0.4354460093845605 0.06690140845011532 0.11032863849635766
0 0.6417253521070271 0.3738262910754246 0.028169014084259078 0.04577464788678669
0 0.6786971830926172 0.4266431924832554 0.04225352112638862 0.066901408449919
0 0.6725352112616855 0.3943661971784699 0.031690140844791465 0.03755868544556856
0 0.6941021126699464 0.3791079812162077 0.03257042253492456 0.049295774647308735
0 0.7570422535144627 0.39847417839907895 0.0475352112671872 0.06220657276922293
0 0.7856514084437883 0.399647887319253 0.03433098591519075 0.05516431924817883
0 0.8450704225277723 0.4055164319201231 0.03697183098559004 0.05046948356748276
0 0.9718309859069382 0.400821596239427 0.0475352112671872 0.05751173708852686
