0 0.07205882352835208 0.621590909076782 0.06470588235198961 0.11590909090645661
0 0.21985294117323745 0.5647727272598916 0.04558823529344723 0.08863636363434918
0 0.2529411764668685 0.6193181818041065 0.06470588235198961 0.11136363636110537
0 0.30661764705431444 0.5454545454421488 0.05147058823453719 0.09545454545237604
0 0.27058823529013837 0.4977272727159608 0.038235294117084775 0.0681818181802686
0 0.24705882352577854 0.5318181818060951 0.038235294117084775 0.06363636363491736
0 0.39117647058248267 0.5227272727153925 0.04411764705817474 0.0681818181802686
0 0.5205882352864619 0.5159090908973657 0.035294117646539794 0.054545454544214875
0 0.5389705882273681 0.568181818168905 0.04264705882290225 0.08181818181632232
0 0.5772058823444528 0.5840909090776343 0.057352941175627156 0.10454545454307852
0 0.5169117646982807 0.48749999998892046 0.030882352940722318 0.05227272727153926
0 0.5735294117562716 0.4886363636252583 0.035294117646539794 0.059090909089566115
0 0.6110294117557201 0.502272727261312 0.036764705881812285 0.07272727272561984
0 0.6661764705784385 0.5613636363508782 0.04705882352871972 0.09545454545237604
0 0.7102941176366133 0.6079545454407284 0.055882352940354665 0.1022727272704029
0 0.7698529411651491 0.4943181818069473 0.033823529411267296 0.061363636362241736
0 0.8602941176344074 0.5465909090784866 0.04117647058762976 0.0795454545436467
0 0.8897058823398573 0.5011363636249742 0.04117647058762976 0.0795454545436467
0 0.975735294103298 0.5772727272596074 0.04852941176399221 0.10454545454307852
0 0.9764705882209342 0.5215909090790548 0.04117647058762976 0.07499999999829546
