0 0.11794500723418315 0.2880658436154719 0.1143270622269996 0.19753086419346644
0 0.2604920405172143 0.16152263374153245 0.0897250361781516 0.141975308639054
0 0.4138929088217961 0.19032921810307962 0.08104196816091111 0.13374485596432623
0 0.48046309695397305 0.06481481481348117 0.06946454413792381 0.10493827160277903
0 0.6360347322628649 0.08744855966898253 0.07380607814654405 0.11316872427750681
0 0.1013024602011389 0.025720164608524273 0.04920405209769604 0.047325102879684666
0 0.19681620839078415 0.040123456789297865 0.06078147612068334 0.07613168724123186
0 0.6743849493390104 0.43724279834491264 0.20839363241377146 0.27777777777206214
0 0.7959479015803771 0.02983539094588816 0.05788712011493651 0.05555555555441243
0 0.887120115761402 0.03703703703627496 0.052098408103442864 0.06995884773518603
0 0.9594790159050727 0.22633744855501362 0.08104196816091111 0.18518518518137478
