0 0.06968085106308851 0.3613376835177596 0.13297872340284064 0.44208809134678484
0 0.14999999999840427 0.5350734094529351 0.04042553191446356 0.06199021207076688
0 0.20425531914676326 0.5342577487677935 0.04255319148890901 0.07014681892218358
0 0.34680851063460844 0.5522022838409102 0.04042553191446356 0.07667210440331693
0 0.34627659574099706 0.500815660676985 0.03085106382945903 0.048939641108500166
0 0.40159574467657877 0.5163132136946768 0.02659574468056813 0.05057096247878351
0 0.42712765956992416 0.5522022838409102 0.039361702127240834 0.07667210440331693
0 0.44202127659104234 0.5130505709541101 0.02872340425501358 0.057096247959916864
0 0.4255319148890901 0.49265905382556835 0.023404255318899954 0.04567699836793349
0 0.4771276595693923 0.4991843393067017 0.02234042553167723 0.03915171288680014
0 0.48829787233523086 0.5244698205460935 0.03404255319112721 0.06362153344105022
0 0.44148936169743097 0.4282218596993765 0.021276595744454504 0.040783034257083475
0 0.4771276595693923 0.41598694942225145 0.02659574468056813 0.04241435562736681
0 0.509042553186074 0.43230016312508485 0.02446808510612268 0.04241435562736681
0 0.5452127659516467 0.49347471451071 0.02234042553167723 0.04404567699765015
0 0.5542553191430398 0.4282218596993765 0.021276595744454504 0.040783034257083475
0 0.569148936164158 0.5057096247878351 0.023404255318899954 0.05220228384906685
0 0.5723404255258262 0.5668841761734603 0.03404255319112721 0.06688417618161689
0 0.6473404255250284 0.579934747135727 0.03297872340390448 0.07014681892218358
0 0.5872340425469443 0.42659053832909316 0.023404255318899954 0.04404567699765015
0 0.610106382972233 0.43964110929135986 0.02021276595723178 0.04730831973821683
0 0.6287234042486306 0.4176182707925348 0.019148936170009054 0.03588907014623346
0 0.6478723404186396 0.4388254486062182 0.023404255318899954 0.04567699836793349
0 0.6531914893547532 0.4110929853114014 0.021276595744454504 0.03915171288680014
0 0.6744680850992077 0.4967373572512767 0.019148936170009054 0.037520391516516795
0 0.6808510638225441 0.43066884175480147 0.019148936170009054 0.03915171288680014
0 0.71436170212006 0.5040783034175518 0.02872340425501358 0.06199021207076688
0 0.7271276595667326 0.6068515497454021 0.05851063829724989 0.10114192495756702
0 0.7531914893536895 0.5277324632866601 0.03404255319112721 0.057096247959916864
0 0.7579787233961918 0.42659053832909316 0.02659574468056813 0.04404567699765015
0 0.7946808510553758 0.5032626427324101 0.029787234042236307 0.04404567699765015
0 0.8505319148845688 0.5391517128786435 0.039361702127240834 0.06688417618161689
0 0.8914893616926437 0.6729200652418773 0.06170212765891806 0.11582381729011706
0 0.9755319148832391 0.5791190864505853 0.04893617021224536 0.09461663947643366
0 0.9117021276498756 0.5407830342489268 0.04468085106335446 0.07667210440331693
0 0.9521276595643391 0.4999999999918434 0.04042553191446356 0.07014681892218358
0 0.8882978723309756 0.5146818923243934 0.031914893616681754 0.06362153344105022
