0 0.01708984374983311 0.4861842105199186 0.03222656249968529 0.06973684210434557
0 0.05468749999946595 0.4723684210464162 0.03710937499963761 0.04736842105200831
0 0.1093749999989319 0.4697368420990824 0.0664062499993515 0.09473684210401662
0 0.17919921874825004 0.49210526315141967 0.04980468749951363 0.06842105263067867
0 0.23681640624768738 0.4842105263094183 0.040039062499609 0.05789473684134349
0 0.2714843749973488 0.49144736841458625 0.031249999999694827 0.051315789473009
0 0.320312499996872 0.4677631578885821 0.08593749999916078 0.14078947368235803
0 0.4160156249959374 0.47302631578324966 0.04101562499959946 0.06447368420967797
0 0.45263671874557976 0.49144736841458625 0.03417968749966622 0.051315789473009
0 0.5019531249950981 0.4480263157835786 0.029296874999713902 0.03815789473634003
0 0.5361328124947644 0.49473684209875346 0.027343749999732974 0.0526315789466759
0 0.552246093744607 0.49342105262508656 0.02636718749974251 0.04210526315734072
0 0.6474609374936772 0.49473684209875346 0.07226562499929429 0.07894736842001385
0 0.5903320312442351 0.5986842105184383 0.05175781249949456 0.06578947368334488
0 0.706054687493105 0.49013157894091935 0.03320312499967575 0.051315789473009
0 0.7407226562427665 0.49473684209875346 0.028320312499723437 0.04473684210467452
0 0.819824218741994 0.5684210526240997 0.08886718749913217 0.12894736841935595
0 0.8046874999921418 0.47828947367791724 0.04101562499959946 0.06184210526234418
0 0.866210937491541 0.4888157894672524 0.062499999999389655 0.08289473684101455
0 0.9243164062409736 0.507236842098589 0.04785156249953271 0.06184210526234418
0 0.9790039062404395 0.5243421052562587 0.041992187499589925 0.19868421052370153
