0 0.09312839059506096 0.714975845393358 0.1066907775749242 0.14009661835410395
0 0.12658227847872364 0.8864734299302783 0.15913200723039544 0.20289855071973675
0 0.2034358046979487 0.7077294685819389 0.06690777576732536 0.10144927535986838
0 0.27124773959726495 0.6678743961191335 0.050632911391489455 0.07971014492561086
0 0.15913200723039544 0.6666666666505636 0.050632911391489455 0.08212560386275058
0 0.32368896925273616 0.7137681159247882 0.06871609403130712 0.09903381642272865
0 0.3643761301923259 0.7294685990161964 0.08137432187917948 0.08212560386275058
0 0.4349005424876148 0.6751207729305526 0.07052441229528889 0.0845410627998903
0 0.5343580470066119 0.6690821255877033 0.04882459312750769 0.06763285023991225
0 0.6184448462817641 0.78502415457041 0.13381555153465072 0.16425120772550117
0 0.6663652802772809 0.5676328502278349 0.041591320071580624 0.0628019323656328
0 0.8490054249394393 0.6739130434619828 0.052441229655471225 0.06763285023991225
0 0.8254972875076764 0.6461352656848759 0.04520795659954416 0.06521739130277253
0 0.8010849909439225 0.6666666666505636 0.050632911391489455 0.0628019323656328
0 0.8951175406709743 0.6763285023991225 0.04339963833556239 0.06763285023991225
0 0.9430379746664911 0.7608695651990128 0.11392405063085127 0.17391304347406006
0 0.39059674502006153 0.8888888888674181 0.3001808318209732 0.2173913043425751
