0 0.7081818181689421 0.2629032257979709 0.06727272727150413 0.11290322580280958
0 0.6199999999887272 0.25322580644344433 0.05818181818076033 0.13870967741488033
0 0.5409090908992562 0.29838709676456815 0.049090909090016524 0.11935483870582726
0 0.4872727272638677 0.30483870966758586 0.04363636363557025 0.08709677419073882
0 0.4654545454460826 0.3661290322462539 0.061818181817057845 0.12580645160884496
0 0.4036363636290248 0.3354838709569199 0.047272727271867765 0.11612903225431842
0 0.34090909090289256 0.28225806450702395 0.07818181818039668 0.145161290317898
0 0.24363636363193386 0.28225806450702395 0.06545454545335537 0.13225806451186264
0 0.1963636363600661 0.2951612903130593 0.05090909090816528 0.11935483870582726
0 0.08818181818021487 0.34193548385993755 0.08909090908928925 0.15483870967242455
0 0.06909090908965289 0.26129032257221646 0.06909090908965289 0.11612903225431842
