0 0.21796874999659424 0.2718749999915039 0.15468749999758302 0.34999999998906245
0 0.45468749999289554 0.10781249999663085 0.06562499999897461 0.17187499999462888
0 0.5507812499913941 0.04062499999873047 0.045312499999291996 0.07499999999765625
0 0.5921874999907472 0.3156249999901367 0.09687499999848634 0.24999999999218747
0 0.6976562499890991 0.15624999999511718 0.07656249999880371 0.17499999999453122
0 0.6796874999893799 0.056249999998242185 0.043749999999316405 0.09999999999687499
0 0.8101562499873414 0.2374999999925781 0.10468749999836427 0.21249999999335936
0 0.7984374999875244 0.12343749999614256 0.05937499999907227 0.12187499999619139
0 0.7820312499877808 0.05156249999838867 0.045312499999291996 0.09687499999697265
0 0.8273437499870728 0.04687499999853515 0.03906249999938965 0.08749999999726561
0 0.9046874999858643 0.09687499999697265 0.04999999999921875 0.11249999999648437
0 0.9242187499855591 0.06249999999804687 0.03281249999948731 0.07499999999765625
0 0.4164062499934937 0.04062499999873047 0.057812499999096684 0.07499999999765625
0 0.24921874999610596 0.08437499999736327 0.09531249999851074 0.16249999999492187
