0 0.09501845018391747 0.719444444437783 0.062115621155829547 0.08888888888806586
0 0.2453874538730296 0.6935185185120971 0.051660516604848335 0.0685185185178841
0 0.47908979089496256 0.6569444444383616 0.04674046740438659 0.06944444444380145
0 0.5132226322231659 0.6486111111051055 0.03997539975375169 0.06944444444380145
0 0.6838868388641828 0.6314814814756345 0.03444034440323222 0.04259259259219822
0 0.7438499384948103 0.6226851851794196 0.030135301352828197 0.05462962962912381
0 0.8299507995028909 0.6249999999942131 0.02521525215236645 0.04259259259219822
0 0.8785362853574505 0.6138888888832048 0.02521525215236645 0.04074074074036352
0 0.9837023370173203 0.5648148148095851 0.022755227552135576 0.0333333333330247
0 0.9541820418145499 0.5611111111059157 0.020295202951904703 0.029629629629355284
0 0.9154366543609137 0.540740740735734 0.016605166051558394 0.03148148148118999
0 0.8548585485802285 0.5333333333283952 0.02091020910196242 0.0333333333330247
0 0.812115621151217 0.496296296291701 0.02152521525202014 0.04074074074036352
0 0.7527675276706471 0.576388888883552 0.023370233702193294 0.03240740740710734
0 0.7149446494420975 0.5824074074020148 0.01783517835167383 0.0351851851848594
0 0.7475399753951566 0.5175925925878001 0.01414514145132752 0.025925925925685874
0 0.7450799507949257 0.4847222222177341 0.01414514145132752 0.023148148147933815
0 0.7253997539930788 0.5055555555508745 0.015375153751442957 0.02777777777752058
0 0.7170971709672995 0.4833333333288581 0.012300123001154366 0.018518518518347054
0 0.6955719557152794 0.5064814814767918 0.014760147601385238 0.022222222222016464
0 0.6786592865886921 0.48749999999548616 0.011685116851096647 0.019444444444264405
0 0.6506765067610659 0.4879629629584448 0.014760147601385238 0.02407407407385117
0 0.6183886838830357 0.5138888888841308 0.016605166051558394 0.0333333333330247
0 0.5658056580531008 0.4615740740698003 0.01107011070103893 0.02129629629609911
0 0.5507380073766868 0.47777777777335395 0.015375153751442957 0.02037037037018176
0 0.42558425583994103 0.40925925925546985 0.012300123001154366 0.02407407407385117
0 0.024292742927279874 0.5374999999950232 0.033825338253174506 0.05648148148095851
0 0.04028290282878055 0.5018518518472052 0.03259532595305907 0.04629629629586763
0 0.015067650676414098 0.4671296296253044 0.01783517835167383 0.03425925925894205
0 0.07933579335744566 0.480555555551106 0.02214022140207786 0.03703703703669411
0 0.10824108241015842 0.46064814814388294 0.02214022140207786 0.03055555555527264
0 0.13038130381223628 0.480555555551106 0.02214022140207786 0.03888888888852881
0 0.13899138991304433 0.5398148148098166 0.027060270602539606 0.05185185185137175
0 0.15990159901500675 0.5060185185138332 0.02091020910196242 0.04537037036995028
0 0.21586715867025913 0.509259259254544 0.023370233702193294 0.04074074074036352
0 0.24200492004771215 0.5898148148093536 0.03874538745363625 0.05185185185137175
0 0.26014760147441485 0.5157407407359654 0.027060270602539606 0.03888888888852881
0 0.38745387453636254 0.5671296296243785 0.03567035670334766 0.0527777777772891
0 0.4840098400954243 0.5476851851801141 0.01722017220161611 0.03981481481444616
0 0.4855473554705686 0.5217592592544282 0.022755227552135576 0.03055555555527264
0 0.4621771217683753 0.5129629629582133 0.01783517835167383 0.0351851851848594
0 0.45202952029242294 0.4916666666621142 0.02091020910196242 0.022222222222016464
0 0.4308118081154317 0.47638888888447795 0.02152521525202014 0.026851851851603225
0 0.3782287822854967 0.46805555555122175 0.013530135301269803 0.02129629629609911
0 0.3440959409572934 0.4749999999956019 0.020295202951904703 0.025925925925685874
0 0.3151906519045806 0.45648148147725487 0.015375153751442957 0.022222222222016464
0 0.27583025830088664 0.4555555555513375 0.012915129151212084 0.022222222222016464
0 0.2610701106995014 0.45416666666246147 0.009225092250865775 0.019444444444264405
0 0.48800738007079947 0.4787037036992713 0.012915129151212084 0.02407407407385117
0 0.4913899138961169 0.46435185184755234 0.015990159901500677 0.02129629629609911
0 0.5070725707225887 0.4745370370326432 0.009225092250865775 0.023148148147933815
0 0.5135301352981948 0.48518518518069276 0.014760147601385238 0.022222222222016464
0 0.5249077490742625 0.5231481481433042 0.015375153751442957 0.02407407407385117
0 0.5495079950765713 0.497685185180577 0.016605166051558394 0.026851851851603225
0 0.5651906519030431 0.5425925925875686 0.02091020910196242 0.03888888888852881
0 0.6073185731819968 0.5398148148098166 0.01783517835167383 0.0351851851848594
0 0.5836408364047746 0.5847222222168081 0.029520295202770476 0.04351851851811557
0 0.6629766297622203 0.5652777777725437 0.024600246002308732 0.04537037036995028
0 0.6835793357891539 0.5805555555501801 0.020295202951904703 0.0351851851848594
