0 0.033691406249670985 0.34505208332884046 0.03613281249964714 0.05208333333265516
0 0.06494140624936581 0.36718749999521894 0.04785156249953271 0.08593749999888102
0 0.10595703124896527 0.38606770832830645 0.05371093749947548 0.08203124999893188
0 0.15039062499853137 0.32161458332914566 0.031249999999694827 0.05208333333265516
0 0.1757812499982834 0.35742187499534606 0.04296874999958039 0.07161458333240085
0 0.21240234374792577 0.32812499999572753 0.028320312499723437 0.05208333333265516
0 0.240234374997654 0.34700520832881504 0.04296874999958039 0.07161458333240085
0 0.2680664062473822 0.33593749999562583 0.030273437499704365 0.05208333333265516
0 0.2607421874974537 0.498046874993515 0.10546874999897005 0.14713541666475086
0 0.3881835937462092 0.5097656249933624 0.06738281249934197 0.10546874999862671
0 0.5068359374950505 0.4576822916607073 0.0664062499993515 0.11328124999852499
0 0.4697265624954129 0.374348958328459 0.05273437499948502 0.08463541666556465
0 0.43212890624578004 0.3619791666619534 0.03613281249964714 0.0624999999991862
0 0.38671874999622347 0.34765624999547323 0.03710937499963761 0.06510416666581896
0 0.373046874996357 0.28320312499631245 0.03710937499963761 0.0559895833326043
0 0.41699218749592787 0.3203124999958293 0.029296874999713902 0.044270833332756894
0 0.4648437499954606 0.32226562499580386 0.029296874999713902 0.037760416666174995
0 0.5190429687449313 0.3294270833290439 0.022460937499780658 0.04687499999938965
0 0.5424804687447023 0.3509114583287642 0.030273437499704365 0.04817708333270603
0 0.5517578124946118 0.32421874999577843 0.025390624999752046 0.03645833333285862
0 0.571289062494421 0.360677083328637 0.03320312499967575 0.057291666665920685
0 0.5903320312442351 0.3372395833289422 0.028320312499723437 0.05208333333265516
0 0.6103515624940395 0.3417968749955495 0.03320312499967575 0.05338541666597155
0 0.6630859374935246 0.2578124999966431 0.04687499999954224 0.07291666666571724
0 0.6508789062436439 0.4902343749936168 0.11035156249892236 0.15755208333128187
0 0.7421874999927521 0.4368489583276452 0.08593749999916078 0.13932291666485258
0 0.7763671874924184 0.3808593749950409 0.06445312499937059 0.0742187499990336
0 0.7451171874927235 0.3313802083290185 0.03320312499967575 0.05338541666597155
0 0.8227539062419654 0.40885416666134305 0.04980468749951363 0.07031249999908447
0 0.8281249999919129 0.3600260416619788 0.031249999999694827 0.04817708333270603
0 0.8569335937416316 0.3430989583288659 0.03417968749966622 0.06119791666586982
0 0.9218749999909974 0.3600260416619788 0.04687499999954224 0.0690104166657681
0 0.9765624999904634 0.3378906249956004 0.044921874999561316 0.05859374999923706
