0 0.12499999999791667 0.6020671834469751 0.10666666666488889 0.1395348837173247
0 0.09333333333177778 0.6886304909382783 0.04999999999916667 0.09043927648345118
0 0.13833333333102776 0.45736434107345314 0.06999999999883333 0.10852713178014142
0 0.25583333332906943 0.5749354005019397 0.12166666666463889 0.1989664082635926
0 0.22666666666288887 0.4728682170420448 0.05666666666572222 0.098191214467747
0 0.2683333333288611 0.435400516784615 0.07333333333211112 0.11627906976443723
0 0.34249999999429165 0.3940568475350373 0.09833333333169444 0.1472868217016205
0 0.41916666665968055 0.3049095607156354 0.08833333333186111 0.15503875968591632
0 0.4916666666584722 0.27260981911440285 0.10333333333161111 0.17312661498260656
0 0.44333333332594443 0.5723514211738411 0.14333333333094445 0.21963824288838144
0 0.6583333333223611 0.533591731252362 0.04999999999916667 0.07493540051485956
0 0.8316666666528055 0.45865633073750245 0.18666666666355555 0.32816537466852286
0 0.7308333333211527 0.5155038759556717 0.038333333332694446 0.08527131782725397
