0 0.10312499999928386 0.9087962962878816 0.07569444444391879 0.10277777777682615
0 0.13715277777682533 0.8212962962886918 0.06597222222176409 0.06481481481421468
0 0.15902777777667343 0.7754629629557829 0.05555555555516976 0.07129629629563615
0 0.2177083333318215 0.8050925925851381 0.06874999999952257 0.10462962962866085
0 0.21909722222070072 0.7004629629564773 0.027083333333145256 0.04722222222178499
0 0.1902777777764564 0.67499999999375 0.022222222222067902 0.03888888888852881
0 0.15972222222111304 0.6981481481416839 0.02916666666646412 0.03703703703669411
0 0.15624999999891492 0.672222222215998 0.02083333333318866 0.02777777777752058
0 0.11006944444368008 0.6717592592530394 0.024305555555386767 0.03240740740710734
0 0.08437499999941407 0.6907407407343451 0.025694444444266013 0.0333333333330247
0 0.04097222222193769 0.7115740740674855 0.02499999999982639 0.03425925925894205
0 0.058680555555148055 0.6999999999935186 0.024305555555386767 0.0351851851848594
0 0.11597222222141687 0.7097222222156508 0.030555555555343367 0.03055555555527264
0 0.2600694444426384 0.6874999999936343 0.020138888888749037 0.03055555555527264
0 0.22847222222063562 0.6759259259196674 0.023611111110947144 0.03148148148118999
0 0.24756944444272522 0.6726851851789567 0.01736111111099055 0.03240740740710734
0 0.3010416666645761 0.6930555555491384 0.022916666666507525 0.03611111111077675
0 0.30555555555343367 0.6726851851789567 0.02083333333318866 0.02499999999976852
0 0.3388888888865355 0.6606481481420311 0.02083333333318866 0.03240740740710734
0 0.3236111111088638 0.637962962957056 0.01805555555543017 0.025925925925685874
0 0.36354166666414206 0.6504629629569402 0.020138888888749037 0.02129629629609911
0 0.36249999999748267 0.670833333327122 0.02083333333318866 0.026851851851603225
0 0.32743055555328177 0.7027777777712706 0.01874999999986979 0.029629629629355284
0 0.34722222221981097 0.7203703703637003 0.030555555555343367 0.03703703703669411
0 0.38611111110842977 0.7013888888823946 0.02777777777758488 0.04351851851811557
0 0.2965277777757186 0.7787037036964936 0.04305555555525656 0.05370370370320645
0 0.3645833333308015 0.8124999999924769 0.05416666666629051 0.07685185185114027
0 0.36215277777526284 0.8916666666584105 0.06736111111064333 0.09999999999907408
0 0.3954861111083647 0.7782407407335349 0.04930555555521316 0.06759259259196675
0 0.43229166666366464 0.7203703703637003 0.03402777777754148 0.0351851851848594
0 0.4472222222191165 0.6976851851787252 0.023611111110947144 0.03240740740710734
0 0.506944444440924 0.7106481481415682 0.030555555555343367 0.04166666666628087
0 0.4972222222187693 0.6759259259196674 0.01805555555543017 0.02777777777752058
0 0.5128472222186607 0.6675925925864112 0.01736111111099055 0.02407407407385117
0 0.6249999999956597 0.5958333333278164 0.01805555555543017 0.023148148147933815
0 0.510763888885342 0.8055555555480968 0.05763888888848862 0.07592592592522292
0 0.5652777777738522 0.8259259259182785 0.05555555555516976 0.09444444444356997
0 0.5819444444404032 0.92685185184327 0.07638888888835842 0.0685185185178841
0 0.6579861111065418 0.8907407407324932 0.1076388888881414 0.14999999999861113
0 0.7864583333278719 0.9291666666580634 0.07430555555503955 0.07870370370297497
0 0.751388888883671 0.8162037036961464 0.05833333333292824 0.08055555555480969
0 0.6916666666618635 0.8074074073999314 0.048611111110773535 0.0703703703697188
0 0.6486111111066069 0.7759259259187415 0.044444444444135804 0.05740740740687586
0 0.5739583333293475 0.703703703697188 0.03541666666642072 0.04999999999953704
0 0.6069444444402295 0.7189814814748243 0.02916666666646412 0.03981481481444616
0 0.6232638888845607 0.6912037036973038 0.024305555555386767 0.03425925925894205
0 0.699999999995139 0.7203703703637003 0.0347222222219811 0.03703703703669411
0 0.7260416666616247 0.7032407407342294 0.02152777777762828 0.03055555555527264
0 0.738541666661538 0.7129629629563615 0.022916666666507525 0.02777777777752058
0 0.7430555555503955 0.6874999999936343 0.016666666666550926 0.026851851851603225
0 0.7652777777724634 0.7083333333267747 0.02083333333318866 0.03148148148118999
0 0.7906249999945095 0.7245370370303285 0.027083333333145256 0.03425925925894205
0 0.7982638888833454 0.7013888888823946 0.024305555555386767 0.03425925925894205
0 0.815624999994336 0.6671296296234526 0.020138888888749037 0.03796296296261146
0 0.8270833333275898 0.6842592592529236 0.019444444444309414 0.04074074074036352
0 0.8579861111051529 0.67499999999375 0.015972222222111306 0.03148148148118999
0 0.8874999999938369 0.6921296296232211 0.03194444444422261 0.04537037036995028
0 0.8843749999938585 0.7842592592519977 0.045138888888575424 0.05370370370320645
0 0.7909722222167294 0.782407407400163 0.03888888888861883 0.06481481481421468
0 0.8475694444385585 0.8212962962886918 0.04097222222193769 0.04999999999953704
0 0.932986111104632 0.8574074073994685 0.06458333333288484 0.07592592592522292
0 0.9218749999935981 0.7009259259194359 0.03263888888866223 0.04814814814770234
0 0.9562499999933594 0.7199074074007417 0.022222222222067902 0.04351851851811557
0 0.9722222222154707 0.7023148148083119 0.02916666666646412 0.04537037036995028
0 0.9871527777709226 0.7259259259192045 0.02152777777762828 0.04629629629586763
