0 0.10899999999782 0.3759999999899733 0.053999999998919995 0.04799999999872
0 0.3449999999931 0.4426666666548622 0.0699999999986 0.07466666666467556
0 0.4049999999919 0.47733333332060446 0.08999999999819999 0.07999999999786667
0 0.4099999999918 0.5773333333179378 0.10399999999791999 0.10933333333041778
0 0.68399999998632 0.5399999999856 0.09599999999808 0.11466666666360889
0 0.62299999998754 0.48133333332049777 0.07399999999852 0.08266666666446222
0 0.54699999998906 0.4133333333223111 0.0699999999986 0.1013333333306311
0 0.46799999999063996 0.3786666666565689 0.04799999999904 0.05866666666510222
0 0.40299999999193997 0.4093333333224178 0.053999999998919995 0.06133333333169778
0 0.01399999999972 0.22266666666072887 0.02399999999952 0.05599999999850667
