0 0.8911111110913086 0.202499999996625 0.21777777777293827 0.22499999999625
0 0.651111111096642 0.22749999999620832 0.03555555555476543 0.024999999999583335
0 0.561111111098642 0.277499999995375 0.05111111110997531 0.03166666666613889
0 0.5033333333221481 0.2816666666619722 0.05111111110997531 0.03999999999933333
0 0.44999999998999995 0.2841666666619306 0.04666666666562963 0.04166666666597222
0 0.3766666666582963 0.2708333333288194 0.0733333333317037 0.04499999999925
0 0.31222222221528395 0.2791666666620139 0.042222222221283946 0.03166666666613889
0 0.26111111110530866 0.277499999995375 0.06888888888735802 0.048333333332527775
0 0.15666666666318518 0.2824999999952917 0.06888888888735802 0.06499999999891666
0 0.08666666666474074 0.2724999999954583 0.08888888888691357 0.07166666666547222
