0 0.31199999999584 0.584519572943336 0.03999999999946667 0.044483985764333024
0 0.3906666666614578 0.5667259786376028 0.034666666666204445 0.05516014234777295
0 0.40666666666124446 0.5088967971439698 0.029333333332942226 0.04982206405605299
0 0.42266666666103114 0.5747330960751826 0.02399999999968 0.0427046263337597
0 0.44866666666068444 0.579181494651616 0.027999999999626667 0.05160142348662631
0 0.48333333332688894 0.5604982206305962 0.019999999999733335 0.03558718861146642
0 0.49933333332667557 0.5542704626235895 0.014666666666471113 0.0338078291808931
0 0.537333333326169 0.537366548033143 0.034666666666204445 0.05693950177834627
0 0.5466666666593778 0.5649466192070294 0.02399999999968 0.05160142348662631
0 0.5633333333258222 0.5613879003458828 0.022666666666364445 0.03736654804203974
0 0.5726666666590311 0.5587188612000228 0.019999999999733335 0.028469750889173136
0 0.6066666666585778 0.5569395017694495 0.026666666666311113 0.046263345194906345
0 0.6599999999912001 0.5631672597764561 0.026666666666311113 0.03736654804203974
0 0.68399999999088 0.5533807829083028 0.034666666666204445 0.046263345194906345
0 0.7206666666570578 0.5667259786376028 0.025333333332995558 0.044483985764333024
0 0.7659999999897867 0.5640569394917427 0.017333333333102222 0.032028469750319775
0 0.7939999999894134 0.5622775800611695 0.022666666666364445 0.032028469750319775
0 0.8339999999888801 0.5676156583528894 0.025333333332995558 0.0427046263337597
0 0.8539999999886134 0.5756227757904694 0.025333333332995558 0.05516014234777295
0 0.8766666666549778 0.5774021352210427 0.027999999999626667 0.05160142348662631
0 0.8779999999882934 0.5524911031930162 0.022666666666364445 0.030249110319746458
0 0.9273333333209689 0.5969750889573492 0.043999999999413335 0.06583629893121287
0 0.96599999998712 0.6085409252560758 0.05466666666593778 0.06405693950063955
0 0.9133333333211556 0.5444839857554362 0.02399999999968 0.032028469750319775
0 0.9373333333208356 0.5453736654707229 0.02133333333304889 0.030249110319746458
