0 0.12066666666505778 0.68799999998624 0.041333333332782225 0.06399999999872
0 0.13733333333150222 0.6479999999870399 0.04266666666609778 0.0599999999988
0 0.19799999999736 0.69799999998604 0.038666666666151116 0.05599999999888
0 0.20199999999730667 0.65899999998682 0.03333333333288889 0.053999999998919995
0 0.2686666666630845 0.65599999998688 0.038666666666151116 0.06799999999864
0 0.3039999999959467 0.6469999999870599 0.03999999999946667 0.05799999999884
0 0.3726666666616978 0.6609999999867799 0.03599999999952 0.053999999998919995
0 0.39533333332806225 0.63599999998728 0.027999999999626667 0.05599999999888
0 0.4533333333272889 0.7389999999852199 0.050666666665991116 0.08199999999836
0 0.5026666666599645 0.76899999998462 0.04799999999936 0.09399999999811999
0 0.5239999999930134 0.74299999998514 0.03999999999946667 0.08199999999836
0 0.45599999999392005 0.6399999999871999 0.034666666666204445 0.0599999999988
0 0.4393333333274756 0.63599999998728 0.027999999999626667 0.051999999998959996
0 0.43666666666084447 0.68799999998624 0.027999999999626667 0.051999999998959996
0 0.5086666666598845 0.62299999998754 0.03066666666625778 0.05799999999884
0 0.5926666666587644 0.6599999999867999 0.03066666666625778 0.06399999999872
0 0.58799999999216 0.73799999998524 0.04266666666609778 0.07599999999847999
0 0.62399999999168 0.77099999998458 0.055999999999253335 0.08199999999836
0 0.6553333333245955 0.72899999998542 0.06266666666583111 0.08599999999828
0 0.6286666666582845 0.6539999999869199 0.03066666666625778 0.06399999999872
0 0.6099999999918667 0.60699999998786 0.022666666666364445 0.04199999999916
0 0.6493333333246756 0.61099999998778 0.02399999999968 0.049999999999
0 0.6826666666575645 0.6149999999876999 0.02399999999968 0.04199999999916
0 0.7159999999904534 0.68399999998632 0.04533333333272889 0.06799999999864
0 0.9753333333203289 0.92099999998158 0.04933333333267556 0.12199999999755999
0 0.9146666666544712 0.69699999998606 0.034666666666204445 0.06199999999876
0 0.8919999999881068 0.66599999998668 0.026666666666311113 0.06399999999872
0 0.9259999999876534 0.65299999998694 0.041333333332782225 0.06199999999876
0 0.9666666666537779 0.66799999998664 0.031999999999573335 0.06399999999872
