0 0.29340277777664586 0.7077546296255339 0.1755401234561129 0.27199074073916674
0 0.303433641974138 0.5005787037008069 0.11458333333289128 0.1678240740731029
0 0.19598765432023155 0.4479166666640746 0.10493827160453342 0.1921296296285178
0 0.16049382715987465 0.30381944444268627 0.07484567901205692 0.12268518518447522
0 0.09239969135766822 0.30526620370193713 0.055941358024475536 0.10937499999936706
0 0.4525462962945504 0.3854166666644363 0.09027777777742949 0.15972222222129792
0 0.502507716047444 0.5509259259227377 0.13078703703653247 0.23263888888754264
0 0.49710648147956366 0.30989583333153997 0.0852623456786834 0.13136574073998053
0 0.7010030864170487 0.27633101851691944 0.06635802469110202 0.11979166666597343
0 0.7588734567871958 0.3174189814796446 0.09259259259223537 0.1487268518509912
0 0.7829861111080904 0.43084490740491416 0.10609567901193637 0.1741898148138068
0 0.6994598765405113 0.8544560185135739 0.18055555555485897 0.27604166666506924
0 0.9469521604901738 0.4693287037009877 0.10609567901193637 0.22106481481353552
0 0.8346836419720884 0.2702546296280657 0.07445987654292262 0.12615740740667736
