0 0.23984674329318129 0.18353783230896178 0.06896551724085084 0.10531697341405608
0 0.27777777777564927 0.5547034764769458 0.09731800766208953 0.123721881389328
0 0.4042145593838758 0.48721881390094873 0.07739463601473262 0.11349693251417693
0 0.49042145593493935 0.47955010224458544 0.07509578544003759 0.09406952965138989
0 0.5659003831374261 0.4744376278070099 0.06666666666615582 0.08793456032629925
0 0.6314176245162344 0.4657464212631315 0.06590038314125747 0.08486707566375393
0 0.6735632183856433 0.44836400817537464 0.05670498084247737 0.08077709611369349
0 0.7256704980787306 0.4212678936562243 0.05823754789227405 0.07770961145114817
0 0.7881226053579455 0.3737218813867718 0.049808429118392276 0.0685071574635122
0 0.80919540229265 0.3614519427365905 0.03831417624491714 0.058282208588361126
0 0.44789272030308136 0.7796523517302695 0.16015325670375363 0.23415132924095963
0 0.6053639846696908 0.7254601226919688 0.15325670497966856 0.19734151329041574
0 0.7302681992281207 0.6262781186030033 0.13333333333231165 0.16666666666496252
0 0.7272030651285273 0.5322085889516135 0.1164750957845481 0.12576687116435822
0 0.7873563218330472 0.4928425357822818 0.08659003831351274 0.1083844580766014
0 0.8298850574649053 0.48108384457585807 0.05977011494207073 0.1094069529641165
0 0.9325670498012831 0.466257668706889 0.09348659003759782 0.10429447852654096
