0 0.029166666666180556 0.26285714284963263 0.038333333332694446 0.07428571428359183
0 0.12249999999795833 0.3842857142747347 0.08499999999858333 0.1514285714242449
0 0.1441666666642639 0.26999999999228574 0.04499999999925 0.08857142856889796
0 0.10749999999820833 0.20999999999400001 0.04499999999925 0.08285714285477551
0 0.18999999999683334 0.2085714285654694 0.04333333333261111 0.07999999999771429
0 0.26166666666230554 0.21571428570812246 0.03999999999933333 0.06571428571240816
0 0.2841666666619306 0.1757142857092653 0.02833333333286111 0.07142857142653061
0 0.37499999999375 0.22571428570783675 0.04666666666588889 0.07428571428359183
0 0.40499999999325 0.2928571428487755 0.05666666666572222 0.1057142857112653
0 0.4591666666590139 0.2328571428504898 0.04499999999925 0.08857142856889796
0 0.41666666665972224 0.1514285714242449 0.03999999999933333 0.08571428571183673
0 0.2416666666626389 0.4814285714148163 0.09333333333177778 0.1857142857089796
0 0.4183333333263611 0.4514285714156735 0.06333333333227778 0.12571428571069387
0 0.44583333332590275 0.5328571428419183 0.10166666666497222 0.17999999999485713
0 0.5408333333243195 0.7028571428370612 0.19499999999675 0.3257142857049796
0 0.5366666666577222 0.3328571428476327 0.05666666666572222 0.11714285713951021
0 0.5124999999914583 0.1742857142807347 0.038333333332694446 0.08571428571183673
0 0.5874999999902083 0.16999999999514287 0.04499999999925 0.07714285714065307
0 0.6041666666565972 0.23714285713608163 0.051666666665805557 0.09714285714008164
0 0.6574999999890416 0.3628571428467755 0.07833333333202777 0.11428571428244898
0 0.6991666666550139 0.17999999999485713 0.048333333332527775 0.09714285714008164
0 0.7958333333200694 0.23857142856461225 0.061666666665638886 0.11714285713951021
0 0.9324999999844583 0.4328571428447755 0.10166666666497222 0.19142857142310205
0 0.9391666666510139 0.26571428570669386 0.06499999999891666 0.10857142856832654
0 0.9566666666507222 0.16857142856661225 0.059999999999 0.10857142856832654
