0 0.12124999999848438 0.33833333332769444 0.22999999999712498 0.539999999991
0 0.26062499999674216 0.322499999994625 0.028749999999640622 0.03166666666613889
0 0.25749999999678125 0.2891666666618472 0.029999999999625 0.034999999999416664
0 0.3887499999951406 0.2291666666628472 0.024999999999687498 0.034999999999416664
0 0.3537499999955781 0.277499999995375 0.01749999999978125 0.021666666666305553
0 0.36187499999547657 0.2916666666618056 0.018749999999765624 0.026666666666222222
0 0.5049999999936875 0.2874999999952083 0.047499999999406246 0.05833333333236111
0 0.5549999999930625 0.3058333333282361 0.0649999999991875 0.07499999999875
0 0.6049999999924375 0.2833333333286111 0.054999999999312495 0.06333333333227778
0 0.7412499999907344 0.2883333333285278 0.06749999999915625 0.06999999999883333
0 0.7493749999906327 0.2566666666623889 0.04624999999942187 0.053333333332444444
0 0.8606249999892421 0.2741666666620972 0.05874999999926562 0.07833333333202777
0 0.926874999988414 0.2816666666619722 0.09624999999879687 0.12333333333127777
0 0.8224999999897187 0.2683333333288611 0.029999999999625 0.03666666666605556
0 0.7899999999901249 0.2758333333287361 0.027499999999656247 0.03166666666613889
0 0.4637499999942031 0.307499999994875 0.03249999999959375 0.04499999999925
0 0.44124999999448433 0.2874999999952083 0.024999999999687498 0.03166666666613889
0 0.4056249999949297 0.2824999999952917 0.016249999999796875 0.021666666666305553
