0 0.07333333333211112 0.754444444427679 0.06666666666555555 0.09999999999777777
0 0.09166666666513888 0.8711111110917531 0.08333333333194444 0.10222222221995061
0 0.18499999999691666 0.8177777777596049 0.07333333333211112 0.11111111110864197
0 0.17416666666376387 0.7355555555392098 0.06499999999891666 0.08444444444256789
0 0.2758333333287361 0.7999999999822222 0.06499999999891666 0.07999999999822222
0 0.2608333333289861 0.7766666666494074 0.061666666665638886 0.09111111110908642
0 0.3208333333279861 0.9011111110910864 0.12833333333119445 0.1533333333299259
0 0.42166666665963887 0.8544444444254568 0.08333333333194444 0.10888888888646914
0 0.36499999999391664 0.7811111110937531 0.053333333332444444 0.09999999999777777
0 0.5599999999906666 0.8777777777582716 0.06333333333227778 0.08888888888691357
0 0.6116666666564722 0.8533333333143703 0.06999999999883333 0.10666666666429629
0 0.6483333333225277 0.802222222204395 0.053333333332444444 0.07999999999822222
0 0.6791666666553472 0.7777777777604938 0.04499999999925 0.06222222222083951
0 0.7133333333214444 0.8466666666478518 0.08666666666522221 0.11999999999733332
0 0.7449999999875834 0.7811111110937531 0.05666666666572222 0.07777777777604938
0 0.8008333333199861 0.8411111110924198 0.07166666666547222 0.10888888888646914
0 0.8524999999857916 0.8422222222035062 0.06499999999891666 0.10666666666429629
0 0.8583333333190277 0.7711111110939752 0.05666666666572222 0.07999999999822222
0 0.907499999984875 0.8044444444265678 0.051666666665805557 0.07999999999822222
0 0.7208333333213194 0.579999999987111 0.048333333332527775 0.07999999999822222
