0 0.08857142857016327 0.45238095237233555 0.07142857142755102 0.10095238095045804
0 0.0421428571422551 0.4066666666589206 0.044285714285081636 0.06285714285594557
0 0.020714285713989797 0.36285714285023124 0.03857142857087755 0.06285714285594557
0 0.1828571428545306 0.5314285714184489 0.08857142857016327 0.12571428571189114
0 0.3621428571376837 0.5266666666566349 0.08142857142740817 0.10857142856936054
0 0.24214285713939795 0.4476190476105215 0.061428571427693875 0.09142857142682992
0 0.18642857142590816 0.42095238094436277 0.04999999999928571 0.07619047618902494
0 0.14428571428365305 0.37428571427858504 0.05428571428493877 0.07047619047484807
0 0.28285714285310204 0.38285714284985034 0.03999999999942857 0.053333333332317455
0 0.313571428566949 0.419999999992 0.05857142857059184 0.059047619046494325
0 0.38571428570877553 0.45714285713414965 0.05999999999914286 0.07619047618902494
0 0.35999999999485716 0.39333333332584125 0.03999999999942857 0.06285714285594557
0 0.4292857142795816 0.4285714285632653 0.044285714285081636 0.0647619047606712
0 0.5107142857069898 0.5104761904664671 0.069999999999 0.08761904761737868
0 0.6407142857051327 0.5180952380853696 0.06714285714189797 0.08761904761737868
0 0.5228571428496734 0.4599999999912381 0.04285714285653061 0.06666666666539682
0 0.4657142857076327 0.3980952380876553 0.03142857142812245 0.06095238095121995
0 0.522142857135398 0.4133333333254603 0.03857142857087755 0.053333333332317455
0 0.5442857142779388 0.43333333332507934 0.03428571428522449 0.047619047618140585
0 0.6078571428484592 0.4371428571345306 0.03857142857087755 0.05523809523704308
0 0.6057142857056327 0.4009523809447437 0.03999999999942857 0.051428571427591836
0 0.6464285714193367 0.45238095237233555 0.0557142857134898 0.07047619047484807
0 0.6799999999902857 0.43142857142035373 0.03142857142812245 0.047619047618140585
0 0.6835714285616633 0.41047619046837186 0.024285714285367348 0.047619047618140585
0 0.7242857142753674 0.45714285713414965 0.037142857142326534 0.06095238095121995
0 0.7678571428461735 0.5066666666570159 0.05857142857059184 0.07999999999847618
0 0.7614285714176939 0.44857142856288434 0.03142857142812245 0.05523809523704308
0 0.7514285714178367 0.4114285714207347 0.03142857142812245 0.053333333332317455
0 0.8164285714169082 0.3990476190400181 0.041428571427979594 0.059047619046494325
0 0.8257142857024898 0.4495238095152471 0.048571428570734695 0.06857142857012244
0 0.8749999999875 0.5095238095141043 0.061428571427693875 0.10476190475990929
0 0.9442857142722245 0.5276190476089977 0.048571428570734695 0.08761904761737868
0 0.9599999999862857 0.48285714284794556 0.037142857142326534 0.07047619047484807
0 0.9192857142725817 0.45238095237233555 0.04714285714218367 0.07428571428429931
0 0.8814285714159796 0.44190476189634464 0.037142857142326534 0.057142857141768706
