0 0.07578124999940797 0.24305555555217978 0.0656249999994873 0.15833333333113425
0 0.054296874999575806 0.15486111110896028 0.0445312499996521 0.08472222222104553
0 0.0113281249999115 0.2236111111080054 0.019531249999847414 0.1138888888873071
0 0.1781249999986084 0.19166666666400464 0.040624999999682616 0.08333333333217594
0 0.19492187499847718 0.2541666666631366 0.03828124999970093 0.08611111110991512
0 0.2785156249978241 0.238888888885571 0.055468749999566656 0.1166666666650463
0 0.30078124999765016 0.19722222221948305 0.04999999999960938 0.09444444444313271
0 0.3914062499969422 0.22569444444130982 0.04218749999967041 0.09027777777652392
0 0.48359374999622196 0.21180555555261382 0.03593749999971924 0.07361111111008874
0 0.5191406249959443 0.21180555555261382 0.052343749999591065 0.1152777777761767
0 0.5597656249956269 0.18749999999739583 0.03359374999973755 0.10277777777635032
0 0.5941406249953584 0.17986111110861305 0.03203124999974976 0.07083333333234954
0 0.6624999999948242 0.20555555555270064 0.03749999999970703 0.09722222222087192
0 0.6968749999945557 0.20347222221939623 0.03593749999971924 0.07916666666556713
0 0.792578124993808 0.18819444444183064 0.035156249999725345 0.09583333333200232
0 0.9273437499927552 0.41805555554974927 0.10937499999914552 0.2361111111078318
