0 0.04099999999918 0.3318181818081267 0.07799999999844 0.19696969696372818
0 0.12299999999754 0.29696969696069786 0.06599999999868 0.12121212120844811
0 0.18799999999623998 0.3545454545347107 0.051999999998959996 0.08484848484591367
0 0.28399999999431996 0.3303030302930211 0.07199999999856 0.12121212120844811
0 0.32899999999342 0.3803030302915059 0.04199999999916 0.08787878787612488
0 0.3949999999921 0.37272727271597794 0.053999999998919995 0.09090909090633609
0 0.42899999999141997 0.40909090907851237 0.04599999999908 0.06666666666464646
0 0.44899999999101997 0.38181818180661153 0.0299999999994 0.05454545454380165
0 0.54299999998914 0.38636363635192833 0.04599999999908 0.07575757575528007
0 0.61699999998766 0.36666666665555553 0.04599999999908 0.07878787878549127
0 0.71099999998578 0.39242424241235074 0.03399999999932 0.06969696969485767
0 0.9399999999812 0.37424242423108356 0.10399999999791999 0.16666666666161614
