0 5050000000.0 8700000000.0 2700000000.0 2800000000.0
0 3700000000.0 14300000000.0 2200000000.0 2600000000.0
0 3600000000.0 18150000000.0 3800000000.0 4300000000.0
0 8150000000.0 15150000000.0 3100000000.0 3100000000.0
0 6350000000.0 14700000000.0 2100000000.0 2800000000.0
0 6950000000.0 23200000000.0 5500000000.0 5800000000.0
0 12200000000.0 16550000000.0 3800000000.0 3900000000.0
0 21150000000.0 20600000000.0 5500000000.0 5600000000.0
0 17650000000.0 13550000000.0 2100000000.0 2500000000.0
0 14700000000.0 13200000000.0 1800000000.0 2000000000.0
0 12400000000.0 12350000000.0 1800000000.0 1700000000.0
0 20250000000.0 13200000000.0 1700000000.0 2000000000.0
0 22700000000.0 14850000000.0 2400000000.0 2900000000.0
0 23500000000.0 13200000000.0 1800000000.0 2000000000.0
0 24650000000.0 12400000000.0 1500000000.0 1800000000.0
0 27400000000.0 13650000000.0 2000000000.0 2500000000.0
0 27450000000.0 12250000000.0 1700000000.0 1900000000.0
0 29100000000.0 15450000000.0 2800000000.0 3700000000.0
0 32000000000.0 12500000000.0 1800000000.0 2200000000.0
0 33550000000.0 13600000000.0 2100000000.0 2600000000.0
0 35150000000.0 14750000000.0 3100000000.0 3100000000.0
0 38150000000.0 13650000000.0 2100000000.0 2500000000.0
0 40350000000.0 15100000000.0 2500000000.0 2600000000.0
0 40400000000.0 18450000000.0 3800000000.0 4500000000.0
0 45850000000.0 17300000000.0 3300000000.0 4000000000.0
0 44150000000.0 14650000000.0 2100000000.0 2700000000.0
0 41800000000.0 12400000000.0 1800000000.0 2200000000.0
0 45100000000.0 12950000000.0 2200000000.0 2700000000.0
0 48800000000.0 12650000000.0 2400000000.0 2700000000.0
0 52450000000.0 15600000000.0 2900000000.0 3400000000.0
0 52700000000.0 13850000000.0 2400000000.0 2100000000.0
0 54350000000.0 13300000000.0 1500000000.0 2800000000.0
