0 0.4391666666593472 0.3886255924078525 0.10499999999825 0.1279620853050246
0 0.5108333333248194 0.4182464454877193 0.07166666666547222 0.09715639810196312
0 0.5591666666573473 0.3791469194222951 0.034999999999416664 0.04739336492778689
0 0.24833333332919444 0.35900473932798566 0.04333333333261111 0.054502369666954924
0 0.2891666666618472 0.3518957345888176 0.034999999999416664 0.054502369666954924
0 0.034166666666097224 0.30094786729144674 0.05499999999908333 0.07109004739168033
0 0.8666666666522223 0.4135071089949406 0.15999999999733333 0.18246445497197952
0 0.64499999998925 0.4206161137341086 0.06999999999883333 0.08767772511640574
0 0.6916666666551389 0.38033175354548976 0.04999999999916667 0.059241706159733606
0 0.9816666666503056 0.41706161136452463 0.0299999999995 0.06635071089890164
