0 0.06690140844913377 0.69799999997208 0.05868544600801207 0.07599999999696
0 0.22183098591028563 0.7259999999709599 0.05399061032737111 0.09999999999599998
0 0.1666666666627543 0.49199999998031996 0.042253521125768696 0.06399999999744
0 0.25821596243525313 0.36399999998543997 0.042253521125768696 0.07199999999711999
0 0.23239436619172782 0.19999999999199997 0.03286384976448676 0.06399999999744
0 0.34389671360695073 0.19199999999231998 0.03051643192416628 0.06399999999744
0 0.4354460093794496 0.21599999999136 0.025821596243525313 0.055999999997759994
0 0.3626760563295146 0.35999999998559995 0.03990610328544821 0.06399999999744
0 0.3180751173634254 0.54599999997816 0.03990610328544821 0.06799999999727999
0 0.49295774646730145 0.49999999997999994 0.03286384976448676 0.06399999999744
0 0.5751173708785183 0.7059999999717599 0.042253521125768696 0.08399999999663998
0 0.7734741783855992 0.7699999999691999 0.06338028168865303 0.11599999999535998
0 0.6971830985751835 0.57399999997704 0.042253521125768696 0.07599999999696
0 0.72887323941951 0.49399999998023997 0.03990610328544821 0.07599999999696
0 0.7828638497468811 0.39999999998399993 0.03990610328544821 0.06399999999744
0 0.7699530516251184 0.31599999998735995 0.03755868544512773 0.06399999999744
0 0.7652582159444774 0.25599999998976 0.03286384976448676 0.055999999997759994
0 0.7230046948187088 0.21199999999151997 0.028169014083845798 0.047999999998079995
0 0.6420187793276521 0.24999999998999997 0.03051643192416628 0.059999999997599994
0 0.5962441314414026 0.40199999998391994 0.042253521125768696 0.06799999999727999
0 0.5938967136010822 0.18199999999271999 0.028169014083845798 0.051999999997919995
0 0.5328638497527496 0.12199999999511998 0.028169014083845798 0.051999999997919995
