0 0.03684210526267313 0.14806866952471956 0.06315789473601108 0.12017167381716369
0 0.032236842104838986 0.507510729602843 0.06184210526234418 0.16952789699207022
0 0.1756578947345308 0.39699570814598717 0.056578947367676595 0.10300429184328316
0 0.14276315789285837 0.30686695278311443 0.03289473684167244 0.06437768240205198
0 0.20197368420786876 0.3208154506368924 0.040789473683673826 0.06223175965531691
0 0.25986842104921226 0.2832618025690287 0.03552631578900623 0.06437768240205198
0 0.3223684210483899 0.2929184549293365 0.03684210526267313 0.05793991416184678
0 0.35526315789006235 0.2693133047152508 0.028947368420671745 0.04935622317490652
0 0.39605263157373616 0.2886266094358664 0.02631578947333795 0.053648068668376646
0 0.43684210525740996 0.24892703862126764 0.02631578947333795 0.03862660944123118
0 0.4776315789410838 0.2628755364750456 0.02105263157867036 0.027896995707555855
0 0.4888157894672524 0.24463519312779752 0.019736842105003462 0.03862660944123118
0 0.5124999999932566 0.24141630900769492 0.017105263157669668 0.027896995707555855
0 0.538157894729761 0.24570815450116504 0.02105263157867036 0.040772532187966254
0 0.2717105263122143 0.44849785406762877 0.056578947367676595 0.11158798283022342
0 0.3499999999953947 0.36051502145149106 0.04473684210467452 0.07725321888246237
0 0.4664473684149152 0.33047210299720015 0.043421052631007616 0.0944206008563429
0 0.4855263157830852 0.3015021459162768 0.028947368420671745 0.06223175965531691
0 0.5565789473610977 0.3272532188770976 0.028947368420671745 0.07081545064225718
0 0.5486842105190962 0.3015021459162768 0.034210526315339336 0.040772532187966254
0 0.6124999999919408 0.2693133047152508 0.024999999999671053 0.053648068668376646
0 0.6282894736759436 0.30042918454290923 0.03289473684167244 0.060085836908581845
0 0.6730263157806181 0.2821888411956612 0.02236842105233726 0.053648068668376646
0 0.6605263157807826 0.2639484978484131 0.018421052631336567 0.03862660944123118
0 0.4072368420999048 0.6298283261667419 0.11710526315635388 0.20815450643330138
0 0.6124999999919408 0.4645922746681418 0.07763157894634695 0.16094420600512993
0 0.7328947368324619 0.3680257510650638 0.0526315789466759 0.10944206008348836
0 0.7934210526211392 0.3379828326107729 0.034210526315339336 0.08369098712266757
0 0.8197368420944772 0.3015021459162768 0.034210526315339336 0.06652360514878704
0 0.8486842105151489 0.3015021459162768 0.03157894736800554 0.06652360514878704
0 0.7677631578846347 0.6824034334617509 0.13026315789302287 0.2703862660886183
0 0.8407894736731475 0.5418454935506042 0.08421052631468144 0.15665236051165982
0 0.9052631578828255 0.440987124454056 0.06315789473601108 0.13090128755083902
0 0.9059210526196589 0.3508583690911833 0.051315789473009 0.09227467810960784
0 0.9447368420928324 0.307939914156482 0.03157894736800554 0.05793991416184678
0 0.9868421052501731 0.15236051501818967 0.02631578947333795 0.05579399141511171
