0 0.10083333333165277 0.5025125628014444 0.07499999999875 0.12060301507234666
0 0.14499999999758334 0.4723618090333578 0.04999999999916667 0.08542713567624555
0 0.10083333333165277 0.39824120602014473 0.034999999999416664 0.05276381909415166
0 0.026666666666222222 0.3957286432061375 0.0299999999995 0.04271356783812277
0 0.14749999999754165 0.3894472361711194 0.024999999999583335 0.040201005024115555
0 0.1908333333301528 0.37939698491509055 0.024999999999583335 0.03517587939610111
0 0.24833333332919444 0.37814070350808693 0.026666666666222222 0.04271356783812277
0 0.2858333333285694 0.3768844221010833 0.024999999999583335 0.04522613065213
0 0.2749999999954167 0.43341708541624585 0.04333333333261111 0.07788944723422389
0 0.31749999999470835 0.4346733668232494 0.034999999999416664 0.06030150753617333
0 0.31499999999475 0.3806532663220942 0.019999999999666666 0.037688442210108336
0 0.34583333332756944 0.36683417084505443 0.021666666666305553 0.03517587939610111
0 0.3633333333272778 0.3693467336590617 0.01666666666638889 0.040201005024115555
0 0.3866666666602222 0.35678391958902556 0.01666666666638889 0.03517587939610111
0 0.3858333333269028 0.4221105527532133 0.03166666666613889 0.05527638190815889
0 0.4591666666590139 0.41708542712519886 0.024999999999583335 0.05527638190815889
0 0.5083333333248611 0.41331658290418805 0.03333333333277778 0.05276381909415166
0 0.5408333333243195 0.3919597989851267 0.021666666666305553 0.040201005024115555
0 0.5741666666570973 0.37814070350808693 0.01833333333302778 0.037688442210108336
0 0.5874999999902083 0.3919597989851267 0.021666666666305553 0.040201005024115555
0 0.6391666666560138 0.3731155778800725 0.021666666666305553 0.037688442210108336
0 0.7066666666548889 0.3768844221010833 0.026666666666222222 0.03517587939610111
0 0.7608333333206527 0.3856783919501086 0.01833333333302778 0.032663316582093885
0 0.4641666666589305 0.594221105512708 0.11499999999808333 0.17336683416649834
0 0.6474999999892084 0.526381909534513 0.07833333333202777 0.14321608039841166
0 0.839999999986 0.49246231154541553 0.05666666666572222 0.10552763818830332
0 0.892499999985125 0.4648241205913361 0.04499999999925 0.07035175879220222
0 0.8833333333186111 0.42839195978823136 0.03666666666605556 0.05778894472216611
0 0.8599999999856667 0.40954773868317723 0.0299999999995 0.05025125628014444
0 0.8633333333189445 0.384422110543105 0.023333333332944444 0.040201005024115555
0 0.8283333333195277 0.39070351757812305 0.026666666666222222 0.04271356783812277
0 0.7999999999866667 0.38693467335711224 0.023333333332944444 0.040201005024115555
