0 0.63199999998736 0.29772079771231563 0.04399999999912 0.08262108261872873
0 0.6479999999870399 0.4515669515540864 0.051999999998959996 0.08831908831657209
0 0.7189999999856199 0.49715099713683325 0.06199999999876 0.09401709401441546
0 0.82599999998348 0.552706552690806 0.08399999999832 0.11396011395686723
0 0.91399999998172 0.472934472920999 0.051999999998959996 0.08547008546765042
0 0.95099999998098 0.5740740740577186 0.08599999999828 0.133903133899319
0 0.84099999998318 0.8005698005469922 0.20599999999587998 0.3247863247770716
0 0.69899999998602 0.7293447293239502 0.11799999999763999 0.21652421651804774
0 0.5879999999882399 0.5470085469929626 0.08399999999832 0.11965811965471058
0 0.49399999999011995 0.5341880341728151 0.06799999999864 0.10541310541010218
0 0.44699999999106 0.49572649571237243 0.06199999999876 0.10826210825902387
0 0.39899999999201996 0.4985754985612941 0.049999999999 0.06837606837412033
0 0.13299999999734 0.48005698004330316 0.06599999999868 0.08831908831657209
0 0.11899999999762 0.5897435897267879 0.06599999999868 0.1025641025611805
0 0.053999999998919995 0.6182336182160046 0.099999999998 0.13105413105039732
