0 0.059999999999600005 0.2008333333299861 0.04799999999968001 0.10833333333152778
0 0.2063333333319578 0.2566666666623889 0.021999999999853335 0.04333333333261111
0 0.23266666666511557 0.24499999999591665 0.010666666666595557 0.03999999999933333
0 0.24333333333171114 0.25416666666243054 0.01733333333321778 0.04166666666597222
0 0.2723333333315178 0.25249999999579165 0.019333333333204448 0.05499999999908333
0 0.2873333333314178 0.247499999995875 0.013333333333244445 0.04166666666597222
0 0.32366666666450894 0.26166666666230554 0.015333333333231112 0.04666666666588889
0 0.3406666666643956 0.2666666666622222 0.015999999999893336 0.04999999999916667
0 0.3426666666643823 0.23916666666268055 0.011999999999920002 0.02833333333286111
0 0.35966666666426894 0.24833333332919444 0.015333333333231112 0.03666666666605556
0 0.3653333333308978 0.2733333333287778 0.021333333333191113 0.05666666666572222
0 0.38533333333076447 0.2458333333292361 0.015999999999893336 0.034999999999416664
0 0.4056666666639623 0.2341666666627639 0.013999999999906669 0.038333333332694446
0 0.4299999999971334 0.2291666666628472 0.013333333333244445 0.038333333332694446
0 0.4479999999970134 0.22249999999629166 0.013333333333244445 0.04166666666597222
0 0.4279999999971467 0.2724999999954583 0.01999999999986667 0.051666666665805557
0 0.4196666666638689 0.2566666666623889 0.012666666666582223 0.04333333333261111
0 0.4459999999970267 0.2816666666619722 0.025333333333164447 0.07333333333211112
0 0.4556666666636289 0.31833333332802777 0.029999999999800003 0.08666666666522221
0 0.47933333333013783 0.2716666666621389 0.01733333333321778 0.053333333332444444
0 0.4729999999968467 0.23166666666280555 0.013999999999906669 0.04333333333261111
0 0.4853333333300978 0.2308333333294861 0.013333333333244445 0.04166666666597222
0 0.4849999999967667 0.3758333333270694 0.03799999999974667 0.11166666666480556
0 0.4976666666633489 0.31749999999470835 0.03133333333312445 0.08499999999858333
0 0.5079999999966134 0.2516666666624722 0.018666666666542223 0.06333333333227778
0 0.5409999999963934 0.22583333332956945 0.013999999999906669 0.04499999999925
0 0.5543333333296379 0.2383333333293611 0.016666666666555557 0.04999999999916667
0 0.5313333333297912 0.3841666666602639 0.05333333333297778 0.17166666666380556
0 0.5506666666629956 0.43583333332606944 0.0626666666662489 0.16833333333052777
0 0.5723333333295179 0.22666666666288887 0.015333333333231112 0.03999999999933333
0 0.5663333333295578 0.20499999999658333 0.011333333333257778 0.03333333333277778
0 0.5906666666627289 0.25083333332915275 0.018666666666542223 0.048333333332527775
0 0.6013333333293245 0.19999999999666668 0.010666666666595557 0.03666666666605556
0 0.6289999999958067 0.22166666666297222 0.01799999999988 0.04666666666588889
0 0.6253333333291645 0.19499999999675 0.013333333333244445 0.03999999999933333
0 0.6223333333291845 0.2983333333283611 0.024666666666502225 0.06666666666555555
0 0.6443333333290379 0.31416666666143056 0.02866666666647556 0.07499999999875
0 0.6566666666622889 0.5183333333246944 0.10666666666595556 0.2666666666622222
0 0.7359999999950934 0.3683333333271944 0.04133333333305778 0.12999999999783332
0 0.7173333333285512 0.2733333333287778 0.023999999999840003 0.06333333333227778
0 0.7429999999950467 0.26333333332894443 0.027333333333151112 0.06333333333227778
0 0.7086666666619423 0.22749999999620832 0.01733333333321778 0.048333333332527775
0 0.6859999999954267 0.23916666666268055 0.015999999999893336 0.048333333332527775
0 0.6696666666622023 0.21083333332981943 0.013999999999906669 0.04166666666597222
0 0.7156666666618956 0.21083333332981943 0.016666666666555557 0.04499999999925
0 0.7473333333283512 0.20833333332986112 0.018666666666542223 0.04999999999916667
0 0.7713333333281912 0.22583333332956945 0.018666666666542223 0.051666666665805557
0 0.7943333333280379 0.28499999999525 0.027333333333151112 0.0899999999985
0 0.8159999999945601 0.22166666666297222 0.013333333333244445 0.04999999999916667
0 0.8353333333277645 0.2716666666621389 0.02933333333313778 0.07666666666538889
0 0.8376666666610822 0.21999999999633332 0.019333333333204448 0.053333333332444444
0 0.8759999999941601 0.26333333332894443 0.02666666666648889 0.07999999999866667
0 0.9059999999939601 0.29333333332844447 0.03999999999973334 0.09999999999833334
0 0.9816666666601224 0.26916666666218053 0.036666666666422223 0.08833333333186111
0 0.9879999999934134 0.21499999999641667 0.018666666666542223 0.06999999999883333
0 0.9726666666601823 0.44749999999254164 0.054666666666302224 0.23499999999608334
