0 0.11276595744560887 0.1015503875953248 0.11914893616894523 0.17209302325314585
0 0.3015957446776426 0.23100775193440298 0.09893617021171344 0.1271317829437654
0 0.2079787234020428 0.23255813953127816 0.02234042553167723 0.040310077518754886
0 0.43031914893159234 0.27209302325159546 0.06489361702058624 0.09767441860313683
0 0.47340425531411273 0.27441860464690826 0.04042553191446356 0.08062015503750977
0 0.5170212765902444 0.29534883720472327 0.04255319148890901 0.07906976744063458
0 0.5579787233983193 0.31550387596410073 0.02872340425501358 0.05736434108438195
0 0.6005319148872283 0.330232558134415 0.03085106382945903 0.06511627906875789
0 0.6670212765886487 0.34031007751410375 0.027659574467790857 0.054263565890631575
0 0.6978723404181078 0.3813953488312962 0.021276595744454504 0.03720930232500451
0 0.727659574460344 0.387596899218797 0.019148936170009054 0.031007751937503755
0 0.7515957446728554 0.39302325580786013 0.01808510638278633 0.03565891472812932
0 0.7691489361620304 0.3968992248000481 0.017021276595563604 0.027906976743753382
0 0.7882978723320394 0.3999999999937984 0.017021276595563604 0.027906976743753382
0 0.9308510638198846 0.2542635658875308 0.05319148936113626 0.06821705426250826
