0 0.09374999999908448 0.5195312499932353 0.05664062499944687 0.07812499999898274
0 0.029785156249709132 0.6406249999916586 0.05175781249949456 0.13020833333163792
0 0.20898437499795916 0.6022135416588253 0.07226562499929429 0.09765624999872843
0 0.2172851562478781 0.53580729165969 0.04394531249957085 0.08203124999893188
0 0.3173828124969006 0.5429687499929301 0.048828124999523166 0.08072916666561551
0 0.379394531246295 0.6484374999915569 0.0986328124990368 0.1380208333315362
0 0.5703124999944306 0.7174479166573249 0.10546874999897005 0.1562499999979655
0 0.5830078124943067 0.5651041666593085 0.06835937499933244 0.10937499999857585
0 0.794433593742242 0.6686197916579607 0.10644531249896051 0.11848958333179051
0 0.7680664062424994 0.5305989583264245 0.055664062499456414 0.09765624999872843
0 0.9516601562407065 0.6100260416587237 0.08886718749913217 0.12109374999842326
