0 0.08203124999893188 0.49777777776671606 0.08072916666561551 0.12888888888602468
0 0.052734374999313355 0.39222222221350617 0.0559895833326043 0.09111111110908642
0 0.06380208333250258 0.3266666666594074 0.04687499999938965 0.08444444444256789
0 0.1868489583309004 0.32777777777049383 0.04296874999944051 0.07777777777604938
0 0.24153645833018833 0.3677777777696049 0.050781249999338786 0.08666666666474074
0 0.25325520833003573 0.4055555555465432 0.05338541666597155 0.09555555555343209
0 0.35416666666205515 0.4833333333225926 0.07291666666571724 0.10444444444212345
0 0.34505208332884046 0.32999999999266666 0.044270833332756894 0.07777777777604938
0 0.3710937499951681 0.28555555554920986 0.03385416666622586 0.05999999999866666
0 0.4576822916607073 0.36222222221417283 0.04296874999944051 0.07555555555387654
0 0.35611979166202967 0.7644444444274567 0.10807291666525946 0.19555555555120988
0 0.5227864583265263 0.5411111110990864 0.06640624999913533 0.1399999999968889
0 0.5429687499929301 0.39111111110241975 0.04947916666602241 0.09333333333125926
0 0.6959635416576047 0.44111111110130863 0.0559895833326043 0.11333333333081481
0 0.7285156249905141 0.6411111110968641 0.08203124999893188 0.1755555555516543
0 0.7200520833239576 0.22111111110619752 0.028645833332960342 0.05111111110997531
0 0.9667968749874115 0.4299999999904444 0.06640624999913533 0.10444444444212345
