0 0.05725190839585397 0.6454849498111879 0.0725190839680817 0.1337792642095726
0 0.03530534351077662 0.5150501672068545 0.04770992366321165 0.09364548494670083
0 0.10114503816600869 0.46153846152302547 0.04580152671668318 0.08026755852574356
0 0.1593511450351269 0.44314381269420927 0.043893129770154714 0.08361204013098288
0 0.20515267175181007 0.5317725752330511 0.055343511449325505 0.10033444815717946
0 0.20801526717160276 0.4414715718915896 0.04580152671668318 0.08026755852574356
0 0.24141221373585092 0.40635451503657677 0.04007633587709778 0.07692307692050425
0 0.2986641221317049 0.42307692306277334 0.04007633587709778 0.06354515049954698
0 0.30629770991781874 0.4749163879439827 0.043893129770154714 0.07357859531526494
0 0.3158396946504611 0.5418060200487691 0.06297709923543937 0.10702341136765808
0 0.18606870228652542 0.9113712374277134 0.17366412213409038 0.1772575250776837
0 0.36450381678693694 0.673913043455722 0.10305343511253715 0.18394648828816232
0 0.4122137404501486 0.4732441471413631 0.04961832060974011 0.08361204013098288
0 0.36641221373346544 0.4799331103518417 0.04198473282362625 0.07692307692050425
0 0.3625954198404085 0.40802675583919645 0.03435114503751238 0.0668896321047863
0 0.43606870228175443 0.31270903008987594 0.028625954197926986 0.056856187289068355
0 0.44370229006786827 0.4565217391151665 0.032442748090983915 0.07023411371002562
0 0.4007633587709778 0.43311036787849133 0.038167938930569315 0.06354515049954698
0 0.5248091602953281 0.45484949831254684 0.04198473282362625 0.08695652173622219
0 0.499999999990458 0.5234113712199528 0.04961832060974011 0.09698996655194014
0 0.5458015267071412 0.7525083611788459 0.13740458015004953 0.21404682273531617
0 0.5620229007526332 0.6036789297456964 0.07442748091461017 0.14381270902529056
0 0.6116412213623733 0.5066889631937562 0.05152671755626857 0.11705685618337602
0 0.635496183193979 0.4515050167073075 0.04198473282362625 0.08026755852574356
0 0.7328244274669309 0.43143812707587165 0.04580152671668318 0.08026755852574356
0 0.7576335877718009 0.5418060200487691 0.06488549618196783 0.1337792642095726
0 0.7280534351006097 0.6822742474688203 0.10114503816600869 0.21404682273531617
0 0.8625954198308665 0.5133779264042349 0.06488549618196783 0.13043478260433328
0 0.9360687022722125 0.5284280936278117 0.07061068702155324 0.1337792642095726
