0 0.461290322573205 0.25322997415366333 0.012903225806243496 0.020671834624788842
0 0.5370967741848856 0.24289405684126888 0.009677419354682623 0.020671834624788842
0 0.2346774193510536 0.5064599483073267 0.06290322580543704 0.10335917312394421
0 0.26209677418932104 0.42894056846436845 0.05322580645075442 0.08268733849915537
0 0.2911290322533689 0.379844961230495 0.024193548386706554 0.041343669249577684
0 0.3024193548338319 0.31653746769207913 0.017741935483584808 0.03875968992147908
0 0.3411290322525624 0.29974160205943823 0.017741935483584808 0.03100775193718326
0 0.3185483870916363 0.2894056847470438 0.01129032258046306 0.025839793280986054
0 0.3741935483810614 0.31782945735612844 0.012903225806243496 0.03100775193718326
0 0.39435483870331683 0.31007751937183264 0.014516129032023933 0.03100775193718326
0 0.4435483870896202 0.31912144702017775 0.01612903225780437 0.028423772609084658
0 0.4161290322513528 0.3423772609730652 0.01612903225780437 0.028423772609084658
0 0.3887096774130853 0.37080103358214983 0.025806451612486993 0.04392764857767629
0 0.42419354838025497 0.392764857870988 0.025806451612486993 0.041343669249577684
0 0.3741935483810614 0.6834625322820811 0.0870967741921436 0.1472868217016205
0 0.47661290321811917 0.516795865619721 0.05322580645075442 0.10852713178014142
0 0.5241935483786421 0.3875968992147908 0.02258064516092612 0.056847545218169315
0 0.4887096774114724 0.37080103358214983 0.02258064516092612 0.03875968992147908
0 0.4919354838630333 0.3359173126528187 0.01612903225780437 0.03100775193718326
0 0.4774193548310094 0.32687338500447355 0.009677419354682623 0.033591731265281866
0 0.45967741934742457 0.31266149869993126 0.009677419354682623 0.020671834624788842
0 0.5217741935399713 0.31912144702017775 0.014516129032023933 0.023255813952887446
0 0.5282258064430931 0.3385012919809173 0.017741935483584808 0.03100775193718326
0 0.5419354838622269 0.32816537466852286 0.012903225806243496 0.03100775193718326
0 0.557258064507141 0.3346253229887694 0.01129032258046306 0.028423772609084658
0 0.5693548387004943 0.32687338500447355 0.012903225806243496 0.023255813952887446
0 0.5935483870872008 0.3514211886214103 0.01612903225780437 0.03100775193718326
0 0.5870967741840791 0.37467700257429776 0.019354838709365246 0.03100775193718326
0 0.5887096774098596 0.41214470283172755 0.03225806451560874 0.05426356589007071
0 0.5766129032165063 0.8333333333118002 0.08548387096636316 0.1989664082635926
0 0.04838709677341311 0.4263565891362699 0.05483870967653486 0.08785529715535258
0 0.12338709677220343 0.3385012919809173 0.0435483870960718 0.06201550387436652
0 0.1790322580616285 0.3152454780280298 0.029032258064047866 0.041343669249577684
0 0.2096774193514568 0.307493540043734 0.019354838709365246 0.036175710593380477
0 0.2258064516092612 0.3062015503796847 0.02258064516092612 0.033591731265281866
0 0.26774193547955255 0.2919896640751424 0.012903225806243496 0.020671834624788842
0 0.0524193548378642 0.3410852713090159 0.04032258064451093 0.05167958656197211
0 0.08629032257925338 0.324289405676375 0.02741935483826743 0.04392764857767629
0 0.09435483870815557 0.2932816537391917 0.024193548386706554 0.04392764857767629
0 0.024999999999596775 0.2971576227313396 0.030645161289828304 0.04651162790577489
0 0.01129032258046306 0.2687338501222549 0.019354838709365246 0.03100775193718326
0 0.06451612903121748 0.2687338501222549 0.019354838709365246 0.025839793280986054
0 0.10806451612728928 0.251937984489614 0.01612903225780437 0.033591731265281866
0 0.14032258064289801 0.26356589146605774 0.01612903225780437 0.03100775193718326
0 0.15725806451359262 0.26744186045820567 0.014516129032023933 0.028423772609084658
0 0.1999999999967742 0.28165374676274796 0.012903225806243496 0.020671834624788842
0 0.7314516128914282 0.3527131782854596 0.017741935483584808 0.028423772609084658
0 0.756451612891025 0.37596899223834707 0.019354838709365246 0.033591731265281866
0 0.7943548386968653 0.37080103358214983 0.02096774193514568 0.028423772609084658
0 0.8298387096640348 0.36434108526190334 0.014516129032023933 0.03100775193718326
0 0.8153225806320109 0.3888888888788401 0.02096774193514568 0.04392764857767629
0 0.8733870967601066 0.41085271316767824 0.03387096774138918 0.056847545218169315
0 0.8419354838573881 0.46382428939369963 0.03870967741873049 0.06459948320246513
0 0.9096774193401665 0.41472868215982617 0.025806451612486993 0.05943152454626792
0 0.9701612903069329 0.5284237725961648 0.04999999999919355 0.08010335917105676
0 0.9645161290167014 0.4534883720813052 0.03870967741873049 0.05426356589007071
0 0.9846774193389568 0.4082687338395796 0.030645161289828304 0.06718346253056373
