0 0.4710144927467969 0.34302325580730575 0.02898550724595673 0.038759689921729464
0 0.9166666666533816 0.5852713178181149 0.04492753623123293 0.05813953488259419
0 0.9094202898418925 0.6463178294448388 0.056521739129615625 0.07558139534737245
0 0.8999999999869565 0.7635658914580704 0.08985507246246587 0.12015503875736133
0 0.8869565217262759 0.7131782945598221 0.05507246376731779 0.06976744185911303
0 0.8347826086835539 0.9040697674243398 0.14202898550518797 0.1647286821673502
0 0.5014492753550515 0.8352713178132699 0.10144927536084856 0.17054263565560965
0 0.6260869565126654 0.6986434108391736 0.08695652173787019 0.12596899224562075
0 0.708695652163642 0.6405038759565793 0.06956521739029616 0.11046511627692897
0 0.7492753623079815 0.5959302325465905 0.04637681159353077 0.07558139534737245
0 0.779710144916236 0.5765503875857257 0.04637681159353077 0.06782945736302656
0 0.6565217391209199 0.5552325581287746 0.04637681159353077 0.06395348837085361
0 0.6057971014404957 0.6027131782828932 0.04637681159353077 0.06589147286694008
0 0.5485507246297311 0.6056201550270228 0.056521739129615625 0.0794573643395454
0 0.549999999992029 0.5368217054159531 0.036231884057445915 0.06589147286694008
0 0.4869565217320731 0.5755813953376825 0.049275362318126445 0.07364341085128598
0 0.4673913043410523 0.6705426356459196 0.06521739130340265 0.0930232558121507
0 0.40434782608109643 0.6007751937868067 0.05217391304272212 0.08527131782780482
0 0.27608695651773785 0.7713178294424163 0.09710144927395505 0.14728682170257196
0 0.3115942028940349 0.6249999999878876 0.07826086956408318 0.10658914728475602
0 0.34347826086458727 0.5261627906874775 0.03768115941974375 0.05620155038650772
0 0.2586956521701638 0.5281007751835639 0.03913043478204159 0.060077519378680666
0 0.2630434782570573 0.5009689922383533 0.036231884057445915 0.04457364340998888
0 0.09057971014361478 0.6850775193665682 0.08260869565097669 0.12209302325344781
0 0.031159420289403487 0.5436046511522558 0.05072463768042428 0.07558139534737245
0 0.04202898550663726 0.48352713177357504 0.03768115941974375 0.04844961240216183
0 0.10652173912889099 0.5096899224707424 0.03333333333285024 0.05426356589042125
0 0.1471014492732304 0.5387596899120395 0.036231884057445915 0.05813953488259419
0 0.14275362318633691 0.48643410851770474 0.03333333333285024 0.0503875968982483
0 0.18478260869297417 0.5116279069668289 0.036231884057445915 0.05813953488259419
