0 0.14333333333174075 0.4703557312160009 0.05333333333274075 0.10671936758682372
0 0.17555555555360494 0.42490118576235375 0.0355555555551605 0.07509881422776485
0 0.24833333333057409 0.4466403161967067 0.05222222222164198 0.098814229247059
0 0.26611111110815433 0.41798418971505963 0.03444444444406173 0.07312252964282366
0 0.34333333332951854 0.482213438725648 0.055555555554938275 0.12252964426635317
0 0.38499999999572226 0.48320158101811855 0.0322222222218642 0.07312252964282366
0 0.3561111111071543 0.40513833991294196 0.0322222222218642 0.059288537548235404
0 0.43277777777296916 0.4140316205451772 0.036666666666259264 0.07707509881270602
0 0.45888888888379015 0.4891304347729421 0.04444444444395062 0.11660079051152963
0 0.4766666666613704 0.46245059287623613 0.031111111110765435 0.07905138339764721
0 0.5077777777721358 0.4239130434698831 0.026666666666370374 0.061264822133176584
0 0.5377777777718025 0.4683794466310597 0.028888888888567905 0.06324110671811776
0 0.5727777777714136 0.45652173912141264 0.04777777777724692 0.11462450592658845
0 0.599444444437784 0.4752964426783538 0.025555555555271607 0.05335968379341186
0 0.6105555555487716 0.421936758884942 0.025555555555271607 0.061264822133176584
0 0.6583333333260186 0.4703557312160009 0.05222222222164198 0.10276679841694136
0 0.7655555555470495 0.45454545453647144 0.04888888888834568 0.11462450592658845
0 0.8205555555464383 0.3270750988077653 0.03444444444406173 0.0691699604729413
0 0.7516666666583148 0.33399209485505943 0.025555555555271607 0.059288537548235404
0 0.7099999999921112 0.339920948609883 0.026666666666370374 0.06324110671811776
0 0.6666666666592593 0.33794466402494183 0.028888888888567905 0.07114624505788249
0 0.6311111111040988 0.3300395256851771 0.02444444444417284 0.059288537548235404
0 0.6022222222155309 0.33399209485505943 0.028888888888567905 0.06324110671811776
0 0.5455555555494939 0.30138339920352997 0.026666666666370374 0.05731225296329422
0 0.49111111110565436 0.2954545454487064 0.031111111110765435 0.07707509881270602
0 0.44666666666170374 0.3152173912981182 0.031111111110765435 0.061264822133176584
0 0.3927777777734136 0.3092885375432947 0.0322222222218642 0.06521739130305894
0 0.3138888888854013 0.30632411066588294 0.03444444444406173 0.06719367588800013
0 0.24277777777508028 0.2737154150143534 0.03444444444406173 0.06521739130305894
0 0.15055555555388273 0.2934782608637653 0.04999999999944445 0.0889328063223531
0 0.09555555555449384 0.1709486165974121 0.03777777777735803 0.08498023715247074
0 0.18277777777574694 0.15810276679529442 0.03888888888845679 0.07114624505788249
0 0.24611111110837655 0.17391304347482386 0.03444444444406173 0.07114624505788249
0 0.31611111110759876 0.16304347825764737 0.03444444444406173 0.08102766798258838
0 0.38388888888462347 0.20454545454141215 0.025555555555271607 0.0691699604729413
0 0.4472222222172531 0.2084980237112945 0.03444444444406173 0.0691699604729413
0 0.49833333332779634 0.20553359683388273 0.0322222222218642 0.06324110671811776
0 0.542777777771747 0.22628458497576512 0.027777777777469138 0.06521739130305894
0 0.5799999999935556 0.22529644268329455 0.026666666666370374 0.06324110671811776
0 0.6383333333262408 0.20553359683388273 0.02999999999966667 0.06324110671811776
0 0.6755555555480495 0.21541501975858865 0.028888888888567905 0.059288537548235404
0 0.719999999992 0.21640316205105922 0.028888888888567905 0.06521739130305894
0 0.7994444444355618 0.2094861660037651 0.0322222222218642 0.059288537548235404
