0 0.04973958333307427 0.6032407407351552 0.08802083333287489 0.14907407407269377
0 0.1210937499993693 0.5736111111058 0.06510416666632758 0.11388888888783437
0 0.1716145833324395 0.5115740740693373 0.05989583333302138 0.09166666666581791
0 0.05026041666640489 0.8615740740660967 0.09843749999948731 0.2657407407382802
0 0.19739583333230523 0.6717592592530394 0.08958333333286675 0.1657407407392061
0 0.25312499999868165 0.6069444444388247 0.07395833333294813 0.13611111110985083
0 0.317187499998348 0.5337962962913538 0.052083333333062067 0.09537037036948733
0 0.44531249999768063 0.35787037036705677 0.036458333333143446 0.06203703703646263
0 0.554687499997111 0.5976851851796511 0.07499999999960938 0.13796296296168553
0 0.5455729166638251 0.49212962962507295 0.060937499999682614 0.13981481481352026
0 0.5802083333303114 0.49953703703241176 0.042708333333110894 0.09351851851765261
0 0.6513020833299411 0.5055555555508745 0.04947916666640896 0.1055555555545782
0 0.6867187499964233 0.480555555551106 0.03072916666650662 0.08518518518439644
0 0.7182291666629259 0.47268518518080854 0.040624999999788414 0.07685185185114027
0 0.7398437499961467 0.540740740735734 0.050520833333070204 0.12777777777659466
0 0.6955729166630439 0.7587962962892705 0.13072916666598577 0.2675925925901149
0 0.8200520833290622 0.5370370370320645 0.05364583333305393 0.09444444444356997
0 0.8026041666624865 0.4694444444400978 0.05104166666640082 0.0722222222215535
0 0.8716145833287937 0.4736111111067259 0.05156249999973144 0.08611111111031379
0 0.9572916666616808 0.5518518518467421 0.08541666666622179 0.13148148148026406
0 0.9554687499950236 0.45648148147725487 0.03906249999979655 0.07962962962889232
