0 0.08361774743741919 0.4227272727080578 0.05802047781371944 0.0818181818144628
0 0.17064846415799834 0.343181818166219 0.08191126279583921 0.10454545454070248
0 0.25938566552015746 0.3636363636198347 0.0614334470968794 0.0818181818144628
0 0.3412969283159967 0.3840909090734504 0.04778156996423954 0.068181818178719
0 0.36689419793969646 0.44999999997954543 0.06484641638003937 0.09090909090495868
0 0.33788395903283674 0.29545454544111566 0.040955631397919606 0.06363636363347107
0 0.3805460750723363 0.2931818181684917 0.0307167235484397 0.04999999999772727
0 0.4232081911118359 0.2818181818053719 0.03412969283159967 0.0545454545429752
0 0.46075085322659554 0.31136363634948344 0.04778156996423954 0.068181818178719
0 0.517064846398735 0.33181818180309913 0.03754266211475964 0.07272727272396694
0 0.5443686006640147 0.30681818180423553 0.03754266211475964 0.059090909088223134
0 0.520477815681895 0.42954545452592974 0.0511945392473995 0.08636363635971074
0 0.5614334470798146 0.5704545454286156 0.05802047781371944 0.09545454545020661
0 0.6348122866677538 0.38181818180082644 0.04778156996423954 0.0818181818144628
0 0.617747440251954 0.6659090908788222 0.05460750853055947 0.08636363635971074
0 0.718430034105173 0.615909090881095 0.05802047781371944 0.08636363635971074
0 0.7423208190872927 0.5727272727012397 0.04436860068107957 0.07272727272396694
0 0.7883959044099523 0.1499999999931818 0.0614334470968794 0.09999999999545454
