0 0.04599999999908 0.38983050846356415 0.02799999999944 0.04519774011171758
0 0.07699999999846 0.4025423728699847 0.02199999999956 0.03672316384077053
0 0.099999999998 0.40536723162696703 0.02399999999952 0.04237288135473523
0 0.12899999999741998 0.3997175141130023 0.025999999999479998 0.04802259886869993
0 0.14399999999712 0.41101694914093173 0.03199999999936 0.05367231638266463
0 0.1949999999961 0.4364406779537729 0.037999999999239996 0.05932203389662932
0 0.22699999999546 0.388418079085073 0.02199999999956 0.04237288135473523
0 0.25599999999488 0.388418079085073 0.02799999999944 0.04237288135473523
0 0.28399999999431996 0.3940677965990376 0.02399999999952 0.04237288135473523
0 0.32099999999358 0.388418079085073 0.0299999999994 0.05367231638266463
0 0.35799999999284 0.40536723162696703 0.03199999999936 0.05932203389662932
0 0.399999999992 0.39689265535602 0.03199999999936 0.04237288135473523
0 0.38599999999227996 0.36581920902921417 0.01599999999968 0.031073446326805837
0 0.43199999999135996 0.3912429378420553 0.02799999999944 0.04237288135473523
0 0.46699999999066 0.388418079085073 0.025999999999479998 0.04802259886869993
0 0.40199999999196 0.45056497173868465 0.04799999999904 0.08757062146645281
0 0.44699999999106 0.4562146892526493 0.049999999999 0.09322033898041751
0 0.51099999998978 0.3912429378420553 0.025999999999479998 0.03672316384077053
0 0.50599999998988 0.37146892654317887 0.01599999999968 0.025423728812841138
0 0.5679999999886399 0.3940677965990376 0.02799999999944 0.04802259886869993
0 0.57599999998848 0.3629943502722318 0.019999999999599997 0.031073446326805837
0 0.599999999988 0.37711864405714357 0.02399999999952 0.04237288135473523
0 0.6299999999874 0.3912429378420553 0.02399999999952 0.03672316384077053
0 0.6399999999871999 0.3686440677861965 0.01599999999968 0.025423728812841138
0 0.6549999999869 0.3799435028141259 0.02199999999956 0.03672316384077053
0 0.67899999998642 0.388418079085073 0.0299999999994 0.04237288135473523
0 0.6729999999865399 0.36158192089374064 0.01799999999964 0.02259887005585879
0 0.69699999998606 0.37853107343563475 0.01799999999964 0.03389830508378819
0 0.7099999999858 0.364406779650723 0.01599999999968 0.028248587569823486
0 0.73699999998526 0.3827683615711083 0.02199999999956 0.04237288135473523
0 0.7519999999849599 0.36581920902921417 0.01599999999968 0.025423728812841138
0 0.78199999998436 0.388418079085073 0.019999999999599997 0.04237288135473523
0 0.78399999998432 0.36581920902921417 0.019999999999599997 0.025423728812841138
0 0.8239999999835199 0.36723163840770534 0.02399999999952 0.04519774011171758
0 0.8829999999823399 0.37711864405714357 0.025999999999479998 0.03672316384077053
0 0.57899999998842 0.485875706200964 0.06199999999876 0.10169491525136455
0 0.7149999999857 0.45197740111717577 0.049999999999 0.07909604519550577
0 0.81699999998366 0.4491525423601935 0.049999999999 0.07909604519550577
0 0.79699999998406 0.4124293785194229 0.0299999999994 0.04519774011171758
0 0.8799999999824 0.42655367230433466 0.039999999999199995 0.050847457625682276
0 0.9049999999819 0.4025423728699847 0.0299999999994 0.04802259886869993
0 0.93299999998134 0.485875706200964 0.04599999999908 0.09039548022343516
0 0.96099999998078 0.4491525423601935 0.04199999999916 0.06779661016757638
0 0.9889999999802199 0.40960451976244056 0.02199999999956 0.062146892653611674
