0 0.08506944444423345 0.5719246031727119 0.08035714285694355 0.10615079365044262
0 0.10119047619022521 0.5228174603157314 0.06150793650778395 0.07605820105794954
0 0.07415674603156211 0.42212301587162 0.05109126984114312 0.07109788359764849
0 0.3784722222212835 0.4196428571414694 0.03918650793641074 0.06216931216910658
0 0.6629464285697844 0.43716931216786653 0.03373015873007507 0.05291005290987794
0 0.6603422619031241 0.5213293650776412 0.041914682539578585 0.06911375661352806
0 0.7115575396807748 0.5262896825379422 0.046626984126868484 0.07705026455000975
0 0.7591765872997044 0.5672949735430975 0.042658730158624356 0.07903439153413018
0 0.8031994047599127 0.5699404761885914 0.05877976190461612 0.0962301587298405
0 0.8154761904741679 0.6299603174582342 0.07886904761885201 0.1183862433858519
0 0.920386904759622 0.6635251322729381 0.11111111111083553 0.19742063491998207
0 0.9782986111086847 0.5372023809506045 0.034474206349120844 0.06911375661352806
