0 0.12292358803782519 0.592723004680922 0.18936877076097394 0.27934272299813745
0 0.1287375415261007 0.3004694835610218 0.10132890365280184 0.15962441314179285
0 0.047342192690243486 0.18309859154499766 0.08139534883585722 0.14553990609986994
0 0.2616279069723982 0.14319248825954947 0.0714285714273849 0.12676056337730607
0 0.2574750830522014 0.2734741783973363 0.10299003322088056 0.15727699530147235
0 0.41112956809948287 0.18779342722563863 0.08139534883585722 0.12676056337730607
0 0.4102990033154435 0.35211267604807245 0.12292358803782519 0.1924882629062796
0 0.4518272425174115 0.30516431924166276 0.09966777408472312 0.1784037558643567
0 0.6245847175975983 0.21713615022964466 0.0797342192677785 0.14788732394019044
0 0.7267441860344395 0.4589201877826544 0.12126245846974647 0.23239436619172782
0 0.8405315614478317 0.3333333333255086 0.11295681062935288 0.18309859154499766
0 0.7940199335416276 0.22300469483044588 0.08305647840393594 0.1502347417805109
0 0.7707641195885255 0.11971830985634463 0.06312292358699131 0.09859154929346028
0 0.8820598006497996 0.08568075117169763 0.06976744185930618 0.1244131455369856
0 0.9651162790537355 0.11619718309586391 0.059800664450833874 0.13380281689826753
