0 0.7416666666543056 0.31874999999203124 0.06333333333227778 0.11749999999706251
0 0.16999999999716667 0.70999999998225 0.07666666666538889 0.119999999997
0 0.397499999993375 0.7487499999812813 0.10499999999825 0.1474999999963125
0 0.41749999999304166 0.6674999999833126 0.09166666666513888 0.124999999996875
0 0.5133333333247778 0.744999999981375 0.08333333333194444 0.159999999996
0 0.5949999999900834 0.7687499999807813 0.09333333333177778 0.15249999999618752
0 0.6041666666565972 0.6862499999828438 0.08833333333186111 0.1124999999971875
0 0.6758333333220694 0.7924999999801875 0.13166666666447222 0.159999999996
0 0.6608333333223194 0.8924999999776876 0.13166666666447222 0.184999999995375
0 0.8066666666532222 0.7324999999816876 0.09666666666505555 0.12999999999675
0 0.8441666666525972 0.6887499999827813 0.06833333333219445 0.11749999999706251
