0 0.6111111110972537 0.6079136690428808 0.06575963718671747 0.0935251798527509
0 0.3560090702867118 0.45323741005563895 0.03174603174531188 0.05755395683246209
0 0.4795918367238188 0.6294964028550541 0.05668934240234265 0.10791366906086641
0 0.4115646258410076 0.7553956834260649 0.09297052153984194 0.15107913668521297
0 0.34240362811014957 0.5827338129286787 0.049886621314061526 0.08633093524869313
0 0.21882086167304263 0.7014388488956317 0.0793650793632797 0.13669064747709747
0 0.2018140589523398 0.5593525179654909 0.03628117913749929 0.053956834530433206
0 0.25623582765858877 0.5917266186837509 0.045351473921874115 0.06834532373854874
0 0.1009070294761699 0.6996402877446173 0.07482993197109229 0.12589928057101082
0 0.045351473921874115 0.6474820143651985 0.058956916098436354 0.08633093524869313
0 0.020408163264843352 0.5935251798347653 0.03628117913749929 0.06474820143651985
0 0.1326530612214818 0.5665467625695487 0.029478458049218177 0.04676258992637545
