0 0.0907142857129898 0.6326335877741864 0.04999999999928571 0.0667938931284963
0 0.12499999999821429 0.6154580152554302 0.03857142857087755 0.05916030534238244
0 0.2371428571394694 0.7776717557103499 0.2028571428542449 0.3377862595355384
0 0.3371428571380408 0.6221374045682798 0.05142857142783674 0.0725190839680817
0 0.34071428570941836 0.532442748081442 0.03857142857087755 0.05725190839585397
0 0.18857142856873468 0.6068702289960521 0.04571428571363265 0.06870229007502476
0 0.419999999994 0.6536259541859996 0.03142857142812245 0.04770992366321165
0 0.47928571427886735 0.6202290076217514 0.03285714285667347 0.04580152671668318
0 0.4814285714216939 0.6937022900630974 0.08285714285595919 0.139312977096578
0 0.5714285714204081 0.6622137404453776 0.06571428571334693 0.10687022900559408
0 0.6264285714196225 0.6564885496057922 0.044285714285081636 0.06870229007502476
0 0.6592857142762959 0.6612595419721133 0.03571428571377551 0.055343511449325505
0 0.8135714285598061 0.635496183193979 0.13857142856944898 0.18320610686673272
0 0.9757142857003469 0.6736641221245484 0.048571428570734695 0.12213740457782181
0 0.9342857142723674 0.6822519083839265 0.0628571428562449 0.10496183205906562
