0 0.07899999999842 0.44133333332156444 0.053999999998919995 0.07733333333127111
0 0.099999999998 0.5439999999854933 0.09199999999816 0.12799999999658668
0 0.17199999999656 0.4973333333200711 0.07599999999847999 0.07733333333127111
0 0.2199999999956 0.4373333333216711 0.039999999999199995 0.06399999999829334
0 0.5149999999897 0.4239999999886933 0.04599999999908 0.07466666666467556
0 0.57199999998856 0.4546666666545422 0.05599999999888 0.08799999999765333
0 0.6279999999874399 0.43466666665507553 0.039999999999199995 0.06399999999829334
0 0.73599999998528 0.5199999999861333 0.07999999999839999 0.1333333333297778
0 0.7519999999849599 0.4653333333209244 0.0599999999988 0.07733333333127111
0 0.6149999999876999 0.35733333332380446 0.03399999999932 0.04799999999872
0 0.8149999999837 0.4253333333219911 0.037999999999239996 0.06133333333169778
0 0.93199999998136 0.4973333333200711 0.08799999999824 0.13066666666318222
0 0.92099999998158 0.4239999999886933 0.037999999999239996 0.06399999999829334
