0 0.7899999999901249 0.6724999999887916 0.08749999999890624 0.12833333333119445
0 0.7556249999905547 0.6058333333232361 0.05874999999926562 0.09833333333169444
0 0.7187499999910156 0.5266666666578889 0.0399999999995 0.06666666666555555
0 0.706874999991164 0.48833333332519446 0.04124999999948437 0.06333333333227778
0 0.6762499999915469 0.5016666666583055 0.03749999999953125 0.04666666666588889
0 0.7606249999904922 0.4891666666585139 0.031249999999609375 0.051666666665805557
0 0.8224999999897187 0.4966666666583889 0.04249999999946875 0.053333333332444444
0 0.8424999999894687 0.5508333333241527 0.049999999999374996 0.07166666666547222
0 0.8987499999887656 0.5341666666577639 0.0449999999994375 0.06499999999891666
0 0.9243749999884453 0.6116666666564722 0.07624999999904687 0.08666666666522221
0 0.9556249999880546 0.5483333333241944 0.061249999999234375 0.07666666666538889
0 0.6331249999920859 0.3924999999934583 0.028749999999640622 0.038333333332694446
0 0.22562499999717966 0.6008333333233195 0.08124999999898437 0.1183333333313611
0 0.18187499999772655 0.5241666666579305 0.04624999999942187 0.07166666666547222
0 0.1743749999978203 0.4916666666584722 0.04874999999939062 0.04666666666588889
0 0.23249999999709373 0.4683333333255278 0.0349999999995625 0.053333333332444444
0 0.25249999999684375 0.5066666666582222 0.0349999999995625 0.053333333332444444
0 0.2881249999963984 0.4641666666589305 0.033749999999578124 0.048333333332527775
0 0.31749999999603123 0.4791666666586806 0.03749999999953125 0.04499999999925
0 0.3537499999955781 0.5041666666582639 0.03749999999953125 0.051666666665805557
0 0.3937499999950781 0.5108333333248194 0.047499999999406246 0.06833333333219445
0 0.40812499999489843 0.4666666666588889 0.033749999999578124 0.04333333333261111
0 0.44624999999442183 0.4933333333251111 0.0399999999995 0.06333333333227778
0 0.07562499999905468 0.5216666666579722 0.05124999999935937 0.06666666666555555
0 0.06874999999914062 0.4616666666589722 0.0349999999995625 0.04333333333261111
0 0.040624999999492185 0.45083333332581943 0.033749999999578124 0.04499999999925
