0 0.03302752293517381 0.3188153309993444 0.025688073394024073 0.0662020905900278
0 0.07155963302620992 0.3449477351796185 0.03302752293517381 0.055749128917918146
0 0.0651376146777039 0.4268292682778108 0.031192660549886373 0.07317073170476757
0 0.11100917430988974 0.3275261323927691 0.027522935779311506 0.06271777003265791
0 0.14036697247448868 0.3135888501632896 0.027522935779311506 0.055749128917918146
0 0.13944954128184497 0.41463414632701623 0.02935779816459894 0.06271777003265791
0 0.17706422018023735 0.3292682926714541 0.027522935779311506 0.0662020905900278
0 0.21100917430805488 0.31010452960591967 0.01834862385287434 0.055749128917918146
0 0.21651376146391718 0.40243902437622164 0.03302752293517381 0.08013937281950734
0 0.2834862385269085 0.42508710799912586 0.031192660549886373 0.07665505226213745
0 0.26972477063725275 0.3222996515567143 0.02935779816459894 0.05923344947528803
0 0.33669724770024406 0.331010452950139 0.02385321100873664 0.055749128917918146
0 0.3642201834795556 0.32578397211408416 0.02385321100873664 0.05923344947528803
0 0.3981651376073731 0.34320557490093356 0.025688073394024073 0.05923344947528803
0 0.39449541283679823 0.41637630660570113 0.03302752293517381 0.07317073170476757
0 0.4403669724689841 0.31707317072065944 0.02935779816459894 0.06271777003265791
0 0.4825688073305951 0.3397212543435637 0.02935779816459894 0.05923344947528803
0 0.5082568807246192 0.31707317072065944 0.025688073394024073 0.06271777003265791
0 0.5073394495319754 0.43205574911386563 0.031192660549886373 0.06271777003265791
0 0.5596330275126673 0.40940766549096136 0.03302752293517381 0.07317073170476757
0 0.5495412843935864 0.3275261323927691 0.027522935779311506 0.06271777003265791
0 0.5871559632919788 0.32578397211408416 0.022018348623449206 0.05923344947528803
0 0.6128440366860028 0.3275261323927691 0.022018348623449206 0.055749128917918146
0 0.6119266054933592 0.4268292682778108 0.027522935779311506 0.05226480836054826
0 0.6623853210887636 0.42508710799912586 0.03302752293517381 0.06271777003265791
0 0.6587155963181887 0.3362369337861938 0.02935779816459894 0.0662020905900278
0 0.6899082568680751 0.31533101044197454 0.022018348623449206 0.05226480836054826
0 0.7036697247577308 0.4111498257696463 0.031192660549886373 0.06271777003265791
0 0.7385321100781921 0.3344947735075089 0.02385321100873664 0.06271777003265791
0 0.7623853210869287 0.3240418118353992 0.02385321100873664 0.055749128917918146
0 0.7513761467752041 0.4006968640975367 0.031192660549886373 0.06271777003265791
0 0.7862385320956653 0.41463414632701623 0.031192660549886373 0.06271777003265791
0 0.7954128440221025 0.3275261323927691 0.02385321100873664 0.06271777003265791
0 0.8302752293425638 0.3135888501632896 0.034862385320461244 0.06271777003265791
0 0.839449541269001 0.40940766549096136 0.031192660549886373 0.0662020905900278
0 0.9018348623687736 0.35365853657304325 0.027522935779311506 0.07317073170476757
0 0.9256880733775104 0.4111498257696463 0.034862385320461244 0.06968641114739768
