0 1050000000.0 18650000000.0 1900000000.0 2500000000.0
0 7150000000.0 19250000000.0 2700000000.0 2700000000.0
0 9900000000.0 19150000000.0 2600000000.0 3500000000.0
0 13950000000.0 17900000000.0 2500000000.0 2400000000.0
0 15650000000.0 20400000000.0 3100000000.0 3400000000.0
0 18600000000.0 20400000000.0 2800000000.0 3400000000.0
0 17700000000.0 17250000000.0 2000000000.0 1900000000.0
0 20900000000.0 18400000000.0 2600000000.0 2800000000.0
0 25500000000.0 18750000000.0 2200000000.0 2700000000.0
0 28550000000.0 16400000000.0 1300000000.0 1800000000.0
0 27250000000.0 16050000000.0 1300000000.0 1700000000.0
0 30000000000.0 18600000000.0 2200000000.0 3000000000.0
0 29650000000.0 16500000000.0 1300000000.0 1400000000.0
0 31500000000.0 15900000000.0 1400000000.0 1400000000.0
0 32450000000.0 18100000000.0 1900000000.0 2200000000.0
0 33800000000.0 17300000000.0 1600000000.0 2200000000.0
0 35300000000.0 19900000000.0 2800000000.0 3600000000.0
0 38000000000.0 18050000000.0 2000000000.0 2100000000.0
0 37700000000.0 16500000000.0 1600000000.0 1600000000.0
0 35600000000.0 16100000000.0 1400000000.0 1600000000.0
0 37950000000.0 15200000000.0 1300000000.0 1200000000.0
0 40850000000.0 15900000000.0 1300000000.0 1600000000.0
0 42350000000.0 16400000000.0 1900000000.0 2400000000.0
0 41700000000.0 15050000000.0 1200000000.0 1300000000.0
0 45850000000.0 16300000000.0 1500000000.0 1800000000.0
0 45450000000.0 19100000000.0 2700000000.0 3200000000.0
0 46450000000.0 20900000000.0 3300000000.0 3800000000.0
0 48850000000.0 17450000000.0 2500000000.0 2700000000.0
0 49400000000.0 15550000000.0 1800000000.0 1300000000.0
0 52550000000.0 17100000000.0 2300000000.0 2600000000.0
0 52800000000.0 15100000000.0 1400000000.0 1400000000.0
0 53550000000.0 14800000000.0 1100000000.0 1400000000.0
0 54650000000.0 18200000000.0 2900000000.0 3800000000.0
0 56700000000.0 16100000000.0 1800000000.0 2000000000.0
0 59100000000.0 16700000000.0 1600000000.0 2200000000.0
