0 0.03113553113496089 0.40956072350362893 0.054945054944048624 0.11111111110824003
0 0.3260073260013552 0.28294573642679727 0.13186813186571672 0.20930232557598702
0 0.39468864468141596 0.43023255812841776 0.07875457875313636 0.1576227390140149
0 0.4386446886366549 0.47416020670609405 0.03846153846083404 0.08527131782725397
0 0.4862637362548304 0.45994832040155176 0.05677655677551691 0.06718346253056373
0 0.4597069596985402 0.3979328165271852 0.02197802197761945 0.04651162790577489
0 0.5576923076820935 0.4715762273779955 0.03846153846083404 0.08010335917105676
0 0.579670329659713 0.43927648577676287 0.03846153846083404 0.06201550387436652
0 0.5183150183055254 0.41860465115197404 0.0293040293034926 0.04651162790577489
0 0.5357142857044741 0.2777777777706001 0.11538461538250212 0.1576227390140149
0 0.7793040292897564 0.5051679586432773 0.06410256410139006 0.11111111110824003
0 0.7463369963233272 0.4457364340970094 0.04945054944964376 0.09043927648345118
0 0.7985347985201734 0.4431524547689108 0.04029304029230232 0.07493540051485956
0 0.8287545787394002 0.47803617569824197 0.05311355311258034 0.09302325581154978
0 0.8617216117058293 0.4444444444329601 0.05677655677551691 0.08785529715535258
0 0.9212454212285487 0.4844961240184885 0.04761904761817548 0.07493540051485956
0 0.9386446886274974 0.46382428939369963 0.03479853479789746 0.05426356589007071
