0 0.38499999999037504 0.3449999999885 0.254999999993625 0.30999999998966665
0 0.21624999999459377 0.13166666666227778 0.0924999999976875 0.11666666666277778
0 0.1224999999969375 0.06166666666461111 0.06999999999825 0.08333333333055556
0 0.2512499999937188 0.07666666666411111 0.0724999999981875 0.09999999999666667
0 0.3237499999919063 0.06999999999766666 0.047499999998812506 0.09999999999666667
0 0.4199999999895 0.1033333333298889 0.06999999999825 0.119999999996
0 0.47249999998818754 0.05666666666477778 0.04999999999875 0.07999999999733334
0 0.5912499999852188 0.06999999999766666 0.06749999999831251 0.09333333333022223
0 0.7187499999820313 0.05333333333155556 0.0624999999984375 0.08666666666377779
0 0.8812499999779688 0.21999999999266667 0.1374999999965625 0.2066666666597778
