0 0.19249999999679165 0.38999999999025003 0.08833333333186111 0.1799999999955
0 0.31416666666143056 0.37874999999053127 0.061666666665638886 0.1024999999974375
0 0.3758333333270694 0.364999999990875 0.04499999999925 0.09499999999762501
0 0.4066666666598889 0.34874999999128126 0.0299999999995 0.06749999999831251
0 0.43666666665938886 0.374999999990625 0.03333333333277778 0.064999999998375
0 0.43499999999275 0.3374999999915625 0.0299999999995 0.04999999999875
0 0.49749999999170835 0.31624999999209374 0.02833333333286111 0.037499999999062505
0 0.5191666666580139 0.3337499999916563 0.02833333333286111 0.0524999999986875
0 0.5674999999905417 0.3274999999918125 0.024999999999583335 0.044999999998875
0 0.5816666666569722 0.3374999999915625 0.019999999999666666 0.034999999999125
0 0.6274999999895416 0.34624999999134376 0.02833333333286111 0.047499999998812506
0 0.6599999999889999 0.3224999999919375 0.04333333333261111 0.064999999998375
0 0.6724999999887916 0.3662499999908438 0.04166666666597222 0.07749999999806251
0 0.7291666666545139 0.39874999999003125 0.061666666665638886 0.1274999999968125
0 0.6908333333218194 0.334999999991625 0.024999999999583335 0.044999999998875
0 0.7216666666546389 0.30874999999228125 0.019999999999666666 0.047499999998812506
0 0.748333333320861 0.34999999999125003 0.026666666666222222 0.04999999999875
0 0.8108333333198194 0.4887499999877813 0.08499999999858333 0.1624999999959375
0 0.8274999999862083 0.34124999999146877 0.03166666666613889 0.05749999999856251
0 0.8708333333188194 0.3662499999908438 0.03166666666613889 0.0624999999984375
0 0.8983333333183611 0.34624999999134376 0.023333333332944444 0.0524999999986875
0 0.9416666666509722 0.364999999990875 0.03666666666605556 0.06999999999825
0 0.9591666666506805 0.3224999999919375 0.024999999999583335 0.044999999998875
