0 0.11755952380777442 0.40453686199613353 0.03273809523760807 0.05293005670977448
0 0.1316964285694688 0.4385633270238457 0.028273809523388784 0.05671077504618694
0 0.15922619047382103 0.4158790170053709 0.03869047618990044 0.060491493382599404
0 0.19419642856853875 0.4111531190848553 0.037202380951827346 0.0661625708872181
0 0.229910714282293 0.40642722116433977 0.04315476190411972 0.06805293005542433
0 0.27455357142448583 0.4120982986689584 0.04613095238026591 0.07939508506466172
0 0.3340773809474096 0.4404536861920519 0.05208333333255828 0.08695652173748664
0 0.40476190475588153 0.4508506616171862 0.05357142857063138 0.10396975425134272
0 0.46577380951687836 0.43100189035102077 0.05059523809448519 0.10207939508313649
0 0.5491071428489717 0.41304347825306154 0.03273809523760807 0.051039697541568244
0 0.5848214285627259 0.41398865783716465 0.03273809523760807 0.05293005670977448
0 0.6443452380856496 0.41304347825306154 0.03571428571375425 0.06238185255080564
0 0.689732142846879 0.39508506615510236 0.03124999999953497 0.04536862003694955
0 0.7514880952269124 0.4215500945099896 0.03571428571375425 0.06427221171901187
0 0.7924107142739225 0.40642722116433977 0.04613095238026591 0.06427221171901187
0 0.8660714285585406 0.44423440452846435 0.047619047618339 0.07561436672824925
