0 0.10799999999783999 0.6246246246058671 0.04799999999904 0.07207207206990773
0 0.060999999998779995 0.5765765765592619 0.037999999999239996 0.04804804804660516
0 0.11299999999773999 0.5750750750578055 0.03399999999932 0.04504504504369234
0 0.18099999999638 0.5555555555388721 0.0299999999994 0.04204204204077951
0 0.19799999999603998 0.6291291291102363 0.04399999999912 0.07507507507282056
0 0.17499999999649998 0.8153153152908313 0.08199999999836 0.12912912912525137
0 0.24899999999501998 0.591591591573826 0.037999999999239996 0.0660660660640821
0 0.22599999999547998 0.5600600600432414 0.02799999999944 0.039039039037866693
0 0.25599999999488 0.5450450450286772 0.02399999999952 0.04504504504369234
0 0.30399999999391997 0.5555555555388721 0.02799999999944 0.04204204204077951
0 0.32799999999344 0.6171171170985851 0.03599999999928 0.06906906906699492
0 0.37299999999253997 0.5780780780607183 0.03399999999932 0.05105105104951798
0 0.43299999999134 0.6846846846641236 0.06199999999876 0.10810810810486161
0 0.43899999999121997 0.5855855855680004 0.03399999999932 0.05405405405243081
0 0.45399999999092 0.5540540540374157 0.02799999999944 0.04504504504369234
0 0.5219999999895599 0.5645645645476106 0.02799999999944 0.03603603603495387
0 0.46199999999075997 0.4429429429296413 0.02799999999944 0.04504504504369234
0 0.54799999998904 0.693693693672862 0.06399999999872 0.12012012011651291
0 0.5819999999883599 0.6276276276087799 0.04799999999904 0.08408408408155903
0 0.70199999998596 0.635135135116062 0.051999999998959996 0.08108108107864621
0 0.69799999998604 0.5930930930752825 0.039999999999199995 0.05105105104951798
0 0.72199999998556 0.5705705705534363 0.02799999999944 0.05405405405243081
0 0.76699999998466 0.6006006005825645 0.04199999999916 0.0660660660640821
0 0.8099999999838 0.5750750750578055 0.03199999999936 0.05705705705534363
