0 0.45899999999082 0.3413333333242311 0.03399999999932 0.053333333331911106
0 0.88199999998236 0.39599999998943997 0.07199999999856 0.09866666666403555
0 0.95799999998084 0.6626666666489955 0.08399999999832 0.14666666666275555
0 0.6999999999859999 0.6999999999813333 0.08799999999824 0.14133333332956444
0 0.6349999999873 0.8893333333096177 0.16199999999675999 0.19999999999466667
0 0.6899999999862 0.5786666666512356 0.07599999999847999 0.1013333333306311
0 0.71699999998566 0.52799999998592 0.049999999999 0.05866666666510222
0 0.74199999998516 0.48133333332049777 0.039999999999199995 0.06133333333169778
0 0.82099999998358 0.47866666665390223 0.04199999999916 0.0666666666648889
0 0.81299999998374 0.42266666665539554 0.04599999999908 0.05066666666531555
0 0.4899999999902 0.4799999999872 0.04399999999912 0.06399999999829334
0 0.44799999999104 0.50399999998656 0.03599999999928 0.04799999999872
0 0.42299999999154 0.47733333332060446 0.03399999999932 0.04799999999872
0 0.36199999999276 0.5426666666521955 0.05599999999888 0.07733333333127111
0 0.3549999999929 0.49199999998688 0.04599999999908 0.05599999999850667
0 0.26599999999468 0.6093333333170844 0.07199999999856 0.09333333333084444
0 0.26299999999474 0.5186666666528356 0.049999999999 0.07733333333127111
0 0.19099999999618 0.4853333333203911 0.04599999999908 0.04799999999872
0 0.16999999999659998 0.6813333333151644 0.09599999999808 0.13066666666318222
0 0.14099999999718 0.5706666666514488 0.07399999999852 0.09066666666424888
0 0.12699999999746 0.4653333333209244 0.04599999999908 0.05066666666531555
0 0.10699999999786 0.49199999998688 0.04199999999916 0.05599999999850667
0 0.02399999999952 0.49999999998666667 0.03199999999936 0.05599999999850667
