0 0.10416666666493056 0.5612499999859688 0.10833333333152778 0.2224999999944375
0 0.1916666666634722 0.39624999999009375 0.05666666666572222 0.08749999999781251
0 0.2891666666618472 0.479999999988 0.10166666666497222 0.1799999999955
0 0.2724999999954583 0.7074999999823125 0.13833333333102776 0.224999999994375
0 0.3491666666608472 0.454999999988625 0.06833333333219445 0.14999999999625002
0 0.49416666665843056 0.2512499999937188 0.13833333333102776 0.26249999999343754
0 0.7249999999879166 0.38749999999031254 0.06666666666555555 0.11499999999712501
0 0.8366666666527222 0.574999999985625 0.119999999998 0.224999999994375
0 0.7783333333203611 0.5412499999864688 0.10999999999816666 0.1824999999954375
0 0.8899999999851667 0.5012499999874688 0.09333333333177778 0.1624999999959375
0 0.9491666666508473 0.4174999999895625 0.07166666666547222 0.119999999997
