0 0.34999999999363635 0.6331719128175987 0.04181818181742149 0.07506053268583388
0 0.6954545454419008 0.6549636803715505 0.03818181818112396 0.06053268764986603
0 0.028181818181305784 0.4685230024099631 0.04181818181742149 0.05569007263787675
0 0.07454545454409917 0.5181598062828532 0.032727272726677685 0.04358353510790354
0 0.10272727272540495 0.4733656174219524 0.030909090908528922 0.0411622276019089
0 0.1454545454519008 0.4697336561629604 0.029090909090380163 0.048426150119892826
0 0.1499999999972727 0.4346246973260381 0.023636363635933882 0.03631961258991962
0 0.17181818181505784 0.4527845036209979 0.027272727272231404 0.03874092009591426
0 0.21181818181433057 0.47215496366895504 0.034545454544826444 0.048426150119892826
0 0.22636363635952064 0.4394673123380274 0.027272727272231404 0.0411622276019089
0 0.2618181818134215 0.49515738497590417 0.032727272726677685 0.050847457625887466
0 0.27090909090416526 0.4467312348560113 0.02545454545408264 0.0411622276019089
0 0.310909090903438 0.47215496366895504 0.0363636363629752 0.05326876513188211
0 0.3236363636304793 0.43704600483203276 0.029090909090380163 0.046004842613898186
0 0.36090909090252893 0.475786924927947 0.034545454544826444 0.046004842613898186
0 0.3699999999932727 0.4285714285610515 0.030909090908528922 0.048426150119892826
0 0.37999999999309086 0.3983050847361185 0.02545454545408264 0.03631961258991962
0 0.3427272727210413 0.40072639224211315 0.023636363635933882 0.03631961258991962
0 0.2881818181765785 0.3970944309831212 0.027272727272231404 0.03874092009591426
0 0.2372727272684132 0.39346246972412924 0.027272727272231404 0.03631961258991962
0 0.23545454545026445 0.3607748183932016 0.023636363635933882 0.03389830508392498
0 0.23090909090489253 0.31961259079129267 0.029090909090380163 0.03389830508392498
0 0.18727272726932231 0.3559322033812123 0.02545454545408264 0.029055690071935696
0 0.17090909090598347 0.3292978208152712 0.029090909090380163 0.03874092009591426
0 0.14363636363375207 0.3704600484171801 0.02545454545408264 0.03874092009591426
0 0.09454545454373553 0.36440677965219354 0.02545454545408264 0.0411622276019089
0 0.10999999999799999 0.3365617433332551 0.030909090908528922 0.03874092009591426
0 0.272727272722314 0.34987893461622566 0.02545454545408264 0.0411622276019089
0 0.2963636363582479 0.3401937045922471 0.021818181817785123 0.0411622276019089
0 0.32636363635770244 0.3414043583452444 0.027272727272231404 0.03874092009591426
0 0.3481818181754876 0.3244552058032819 0.023636363635933882 0.03389830508392498
0 0.3790909090840165 0.34261501209824174 0.023636363635933882 0.0411622276019089
0 0.40454545453809915 0.32324455205028463 0.01999999999963636 0.0411622276019089
0 0.4309090909012562 0.3389830508392498 0.029090909090380163 0.03874092009591426
0 0.4527272727190413 0.317191283285298 0.021818181817785123 0.03874092009591426
0 0.4299999999921818 0.3874092009591426 0.023636363635933882 0.03874092009591426
0 0.41272727271976856 0.44309927359701934 0.02545454545408264 0.04358353510790354
0 0.4254545454468099 0.47094430991595776 0.0363636363629752 0.05569007263787675
0 0.48272727271849586 0.48426150119892825 0.034545454544826444 0.05326876513188211
0 0.46909090908238016 0.4273607748080542 0.029090909090380163 0.046004842613898186
0 0.4890909090820165 0.39104116221813456 0.02545454545408264 0.046004842613898186
0 0.4763636363549752 0.3607748183932016 0.02545454545408264 0.03874092009591426
0 0.4990909090818347 0.3389830508392498 0.023636363635933882 0.03874092009591426
0 0.5309090908994379 0.3559322033812123 0.021818181817785123 0.03874092009591426
0 0.5390909090811074 0.37893462468816136 0.023636363635933882 0.03631961258991962
0 0.5254545454449917 0.4273607748080542 0.0363636363629752 0.050847457625887466
0 0.542727272717405 0.4866828087049229 0.034545454544826444 0.05811138014387139
0 0.6163636363524297 0.49515738497590417 0.0363636363629752 0.06537530266185532
0 0.6881818181693058 0.4927360774699095 0.034545454544826444 0.06053268764986603
0 0.7663636363497024 0.4866828087049229 0.034545454544826444 0.05811138014387139
0 0.7854545454402644 0.4225181597960649 0.032727272726677685 0.05569007263787675
0 0.8463636363482478 0.47941888618693895 0.030909090908528922 0.05326876513188211
0 0.8554545454389917 0.43704600483203276 0.030909090908528922 0.05569007263787675
0 0.925454545437719 0.4987893462348961 0.032727272726677685 0.05811138014387139
0 0.913636363619752 0.44309927359701934 0.030909090908528922 0.04358353510790354
0 0.9172727272560495 0.40556900725410244 0.023636363635933882 0.0411622276019089
0 0.9736363636186611 0.4261501210550569 0.034545454544826444 0.06295399515586067
0 0.9809090908912561 0.3535108958752176 0.030909090908528922 0.05811138014387139
0 0.9509090908918015 0.3341404358272605 0.032727272726677685 0.05811138014387139
0 0.8772727272567769 0.39588377723012386 0.01999999999963636 0.03631961258991962
0 0.8527272727117685 0.38377723970015065 0.02545454545408264 0.050847457625887466
0 0.89454545452919 0.3607748183932016 0.029090909090380163 0.03874092009591426
0 0.8836363636202974 0.3414043583452444 0.02545454545408264 0.03874092009591426
0 0.8199999999850909 0.381355932194156 0.029090909090380163 0.046004842613898186
0 0.8254545454395371 0.3365617433332551 0.02545454545408264 0.03389830508392498
0 0.7990909090763801 0.3583535108872069 0.01999999999963636 0.03389830508392498
0 0.7818181818039669 0.3414043583452444 0.02545454545408264 0.03874092009591426
0 0.7609090908952562 0.37893462468816136 0.023636363635933882 0.0411622276019089
0 0.7481818181682148 0.35472154962821495 0.023636363635933882 0.03631961258991962
0 0.7263636363504297 0.3220338982972873 0.027272727272231404 0.03874092009591426
0 0.7136363636233883 0.3462469733572337 0.027272727272231404 0.04358353510790354
0 0.7090909090780165 0.4237288135490622 0.032727272726677685 0.05326876513188211
0 0.6945454545328263 0.39346246972412924 0.021818181817785123 0.031476997577930335
0 0.6709090908968925 0.3583535108872069 0.029090909090380163 0.03874092009591426
0 0.6618181818061487 0.33777239708625245 0.021818181817785123 0.02179176755395177
0 0.6463636363518842 0.4382566585850301 0.023636363635933882 0.04358353510790354
0 0.640909090897438 0.3983050847361185 0.027272727272231404 0.03631961258991962
0 0.5981818181709421 0.43099273606704613 0.029090909090380163 0.048426150119892826
0 0.5881818181711239 0.3922518159711319 0.027272727272231404 0.03389830508392498
0 0.5827272727166777 0.3559322033812123 0.023636363635933882 0.03874092009591426
0 0.6072727272616859 0.3401937045922471 0.02545454545408264 0.0411622276019089
0 0.6318181818066941 0.34987893461622566 0.023636363635933882 0.046004842613898186
0 0.5527272727172231 0.33050847456826854 0.02545454545408264 0.03631961258991962
