0 0.10476190475990929 0.5626666666516622 0.06857142857012244 0.1013333333306311
0 0.19714285713910204 0.3933333333228444 0.028571428570884353 0.05599999999850667
0 0.18952380952019954 0.5306666666525155 0.047619047618140585 0.08533333333105778
0 0.24666666666196824 0.6039999999838933 0.08571428571265305 0.14133333332956444
0 0.3009523809466485 0.5319999999858133 0.04571428571341496 0.08266666666446222
0 0.3657142857073197 0.5439999999854933 0.053333333332317455 0.1013333333306311
0 0.5047619047522902 0.6453333333161244 0.07619047618902494 0.1333333333297778
0 0.5085714285617414 0.5386666666523022 0.0647619047606712 0.09599999999744
0 0.5085714285617414 0.36933333332348445 0.03428571428506122 0.06133333333169778
0 0.7038095237961178 0.47866666665390223 0.0323809523803356 0.0666666666648889
0 0.7342857142717278 0.5359999999857067 0.047619047618140585 0.09066666666424888
0 0.7999999999847619 0.48266666665379554 0.04571428571341496 0.06399999999829334
0 0.08190476190320181 0.8373333333110045 0.15619047618750112 0.2666666666595556
