0 0.038749999999031254 0.5471698113001068 0.06749999999831251 0.12075471697657529
0 0.0174999999995625 0.3943396226266287 0.02999999999925 0.05660377358276967
0 0.07499999999812501 0.4018867924376646 0.039999999999 0.06415094339380563
0 0.10374999999740625 0.36226415092972586 0.0324999999991875 0.05283018867725169
0 0.17249999999568752 0.41132075470145957 0.039999999999 0.0679245282993236
0 0.17124999999571877 0.3679245282880028 0.037499999999062505 0.04905660377173371
0 0.1574999999960625 0.5943396226190815 0.08999999999775 0.13962264150416517
0 0.2862499999928438 0.4584905660204343 0.0524999999986875 0.07924528301587754
0 0.25874999999353127 0.4018867924376646 0.037499999999062505 0.06415094339380563
0 0.364999999990875 0.43396226413456745 0.039999999999 0.0679245282993236
0 0.4612499999884688 0.516981132055963 0.0624999999984375 0.10566037735450338
0 0.5299999999867501 0.4264150943235315 0.04999999999875 0.09056603773243146
0 0.7937499999801563 0.4169811320597365 0.0724999999981875 0.11698113207105731
0 0.894999999977625 0.2924528301776433 0.12999999999675 0.21509433961452473
