0 0.06953124999891358 0.3325842696554475 0.0671874999989502 0.10337078651453098
0 0.16640624999739992 0.30337078651003657 0.08281249999870606 0.13033707864875646
0 0.20234374999683838 0.24943820224158564 0.05468749999914551 0.08539325842504733
0 0.271874999995752 0.3404494381945966 0.0781249999987793 0.11910112359282918
0 0.37421874999415283 0.3573033707784875 0.06406249999899903 0.11235955055927281
0 0.4140624999935303 0.2730337078590329 0.06249999999902344 0.10112359550334553
0 0.47421874999259034 0.3449438202169675 0.051562499999194336 0.0921348314586037
0 0.6296874999901612 0.24157303370243655 0.10624999999833985 0.1685393258389092
0 0.7749999999878907 0.2741573033646256 0.08124999999873048 0.1438202247158692
0 0.8703124999864014 0.30112359549885115 0.06249999999902344 0.11685393258164373
0 0.5757812499910034 0.23820224718565836 0.08593749999865723 0.1483146067382401
