0 0.19358178053429437 0.4340974211910001 0.05590062111685506 0.11174785099966339
0 0.29399585920716365 0.3997134670372575 0.04554865424336338 0.08309455587154457
0 0.3250517598276387 0.4312320916781882 0.049689440992760056 0.10028653294841586
0 0.35817805382281204 0.34957020056304955 0.04554865424336338 0.06876790830748516
0 0.36024844719751037 0.290830945550406 0.03312629399517337 0.05444126074342575
0 0.37370600413304955 0.25071633237103963 0.031055900620475033 0.04871060171780199
0 0.40890269150292125 0.25787965615306935 0.03519668736987171 0.051575931230613874
0 0.4171842650017146 0.3008595988452476 0.03933747411926838 0.06876790830748516
0 0.43892339543604714 0.412607449844911 0.04554865424336338 0.08022922635873268
0 0.46687370599447464 0.36962750715273274 0.04761904761806172 0.06876790830748516
0 0.456521739120983 0.28939828079400004 0.03933747411926838 0.0630372492818614
0 0.4306418219372538 0.2349570200505743 0.028985507245776698 0.051575931230613874
0 0.4792960662426647 0.28939828079400004 0.01863354037228502 0.051575931230613874
0 0.49792960661494967 0.290830945550406 0.031055900620475033 0.04871060171780199
0 0.4886128364288072 0.24068767907619806 0.028985507245776698 0.04584527220499011
0 0.5103519668631397 0.23638968480698025 0.02277432712168169 0.04871060171780199
0 0.5341614906721706 0.23925501431979213 0.028985507245776698 0.05444126074342575
0 0.536231884046869 0.2951289398196238 0.04140786749396671 0.051575931230613874
0 0.5351966873595198 0.3424068767810199 0.03933747411926838 0.060171919769049516
0 0.5507246376697572 0.3739255014219506 0.04140786749396671 0.07736389684592081
0 0.6304347825956431 0.4068767908192872 0.05175983436745839 0.09169054440998022
0 0.6055900620992631 0.35530085958867336 0.04347826086866505 0.06876790830748516
0 0.5745341614787881 0.28510028652478225 0.031055900620475033 0.060171919769049516
0 0.6138716355980565 0.3022922636016535 0.03933747411926838 0.05444126074342575
0 0.6501035196552774 0.28653295128118816 0.03312629399517337 0.05730659025623763
0 0.6842650103377999 0.3366762177553961 0.04761904761806172 0.07163323782029704
0 0.6563146997793724 0.38681948422960405 0.049689440992760056 0.08022922635873268
0 0.7236024844570683 0.363896848127109 0.03933747411926838 0.07449856733310893
0 0.7826086956359708 0.36962750715273274 0.057971014491553396 0.10315186246122775
0 0.6335403726576907 0.2636103151786931 0.03726708074457004 0.051575931230613874
0 0.6055900620992631 0.23065902578135647 0.026915113871078363 0.05444126074342575
0 0.5786749482281848 0.23065902578135647 0.031055900620475033 0.04871060171780199
