0 0.26091954022688596 0.30893682588121824 0.14482758620523187 0.22650231124458395
0 0.11379310344696789 0.3428351309654417 0.11494252873431099 0.17719568566753166
0 0.4563218390752147 0.3998459167889084 0.0804597701140177 0.1155624036962163
0 0.47298850574168977 0.3667180277293264 0.05402298850512617 0.08320493066127574
0 0.5091954022929978 0.4291217257252832 0.04827586206841062 0.07550077041486132
0 0.5885057471196723 0.3705701078525336 0.0804597701140177 0.10323574730195323
0 0.7706896551635553 0.41602465330637867 0.04252873563169507 0.07087827426701267
0 0.8413793103351564 0.4090909090846057 0.059770114941841715 0.06009244992203248
0 0.8850574712541946 0.41602465330637867 0.04137931034435196 0.058551617872749595
0 0.8994252873459836 0.37904468412358944 0.03563218390763641 0.04930662557705229
0 0.7413793103363059 0.43682588597169764 0.03678160919497952 0.057010785823466706
