0 0.17124999999571877 0.5799999999806666 0.1424999999964375 0.1933333333268889
0 0.09374999999765625 0.42666666665244446 0.1024999999974375 0.14666666666177777
0 0.38124999999046877 0.7033333333098889 0.1424999999964375 0.21333333332622223
0 0.294999999992625 0.3449999999885 0.064999999998375 0.09666666666344445
0 0.4112499999897188 0.37666666665411114 0.0924999999976875 0.119999999996
0 0.5274999999868125 0.3366666666554445 0.044999999998875 0.07333333333088889
0 0.6174999999845625 0.35166666665494445 0.064999999998375 0.08999999999700001
0 0.679999999983 0.4133333333195556 0.09499999999762501 0.1333333333288889
0 0.7424999999814376 0.15666666666144444 0.079999999998 0.119999999996
0 0.8787499999780313 0.36499999998783333 0.0724999999981875 0.11666666666277778
0 0.9312499999767188 0.4833333333172222 0.0824999999979375 0.13999999999533333
