0 0.0349999999993 0.5158730158566389 0.06599999999868 0.14285714285260773
0 0.02399999999952 0.3571428571315193 0.039999999999199995 0.06666666666455026
0 0.06799999999864 0.3809523809402872 0.04799999999904 0.08253968253706223
0 0.1049999999979 0.3603174603060217 0.025999999999479998 0.053968253966540695
0 0.12899999999741998 0.38253968252753845 0.049999999999 0.07301587301355505
0 0.16799999999664 0.44126984125583274 0.07599999999847999 0.11428571428208617
0 0.25099999999498 0.41587301585981357 0.06199999999876 0.11428571428208617
0 0.32099999999358 0.4095238095108088 0.049999999999 0.08888888888606702
0 0.39599999999207997 0.37460317459128245 0.04399999999912 0.07619047618805745
0 0.4249999999915 0.3650793650677753 0.04199999999916 0.08253968253706223
0 0.50599999998988 0.3587301587187705 0.03199999999936 0.0507936507920383
0 0.7729999999845399 0.2682539682454523 0.06599999999868 0.11746031745658857
0 0.28299999999434 0.3492063491952633 0.0299999999994 0.04444444444303351
0 0.31199999999376 0.3555555555442681 0.02799999999944 0.04444444444303351
0 0.23599999999527999 0.3380952380845049 0.02399999999952 0.0476190476175359
0 0.20799999999583998 0.3523809523697657 0.02799999999944 0.04444444444303351
