0 0.8763157894506233 0.18661971830328802 0.09999999999736843 0.14788732393845466
0 0.7394736841910665 0.36091549294503816 0.042105263156786706 0.06690140844834853
0 0.7026315789288782 0.37323943660657605 0.042105263156786706 0.07042253520878794
0 0.6657894736666898 0.35563380280437906 0.04736842105138504 0.06338028168790914
0 0.6289473684045014 0.39612676054943213 0.05263157894598338 0.07394366196922733
0 0.5697368420902701 0.4242957746329473 0.06052631578788089 0.08802816901098491
0 0.5368421052490305 0.37147887322635637 0.03157894736759003 0.05281690140659095
0 0.48026315788209833 0.36795774646591695 0.03947368420948753 0.05281690140659095
0 0.43815789472531164 0.3820422535076745 0.04473684210408588 0.06690140844834853
0 0.3052631578867036 0.4242957746329473 0.08421052631357341 0.12323943661537888
0 0.19078947367918975 0.4929577464615155 0.09736842105006925 0.14788732393845466
0 0.07763157894532549 0.5316901408263489 0.11315789473386427 0.18309859154284863
0 0.034210526314889196 0.4102112675911897 0.03684210526218837 0.08098591549010613
0 0.06842105262977839 0.40140845069009123 0.05789473684058172 0.09154929577142432
0 0.09473684210277009 0.3591549295648185 0.05263157894598338 0.07746478872966672
0 0.04342105263043629 0.3538732394241594 0.04473684210408588 0.07394366196922733
0 0.15131578946970223 0.3926056337889927 0.03947368420948753 0.059859154927469745
0 0.19342105262648893 0.37676056336701547 0.03947368420948753 0.06338028168790914
0 0.21842105262583103 0.4119718309714094 0.05263157894598338 0.06338028168790914
0 0.24210526315152356 0.35739436618459874 0.042105263156786706 0.06690140844834853
