0 0.07666666666538889 0.3662162162063185 0.04999999999916667 0.08918918918677866
0 0.1841666666635972 0.39999999998918917 0.04499999999925 0.08648648648414901
0 0.25749999999570833 0.3770270270168371 0.038333333332694446 0.08918918918677866
0 0.3508333333274861 0.3716216216115778 0.048333333332527775 0.08918918918677866
0 0.43249999999279165 0.39324324323261506 0.048333333332527775 0.07837837837626005
0 0.5099999999915 0.40135135134050404 0.03999999999933333 0.08378378378151936
0 0.5916666666568056 0.4162162162049671 0.04666666666588889 0.0810810810788897
0 0.6608333333223194 0.39324324323261506 0.04499999999925 0.08918918918677866
0 0.7341666666544305 0.3581081080984295 0.04499999999925 0.09459459459203798
0 0.8283333333195277 0.3851351351247261 0.04999999999916667 0.09999999999729729
0 0.9083333333181944 0.4189189189075968 0.04666666666588889 0.08648648648414901
