0 0.106097560973022 0.4633699633529901 0.04634146341350387 0.09157509157173717
0 0.16585365853254014 0.49084249082451126 0.05365853658405711 0.08058608058312872
0 0.27195121950556217 0.4084249084099478 0.041463414633135035 0.06959706959452025
0 0.347560975601279 0.43772893771290367 0.041463414633135035 0.06959706959452025
0 0.4195121951117192 0.5128205128017281 0.06829268292516359 0.11721611721182358
0 0.42560975608718027 0.3864468864327309 0.03658536585276621 0.06959706959452025
0 0.4926829268172516 0.3901098900956004 0.04390243902331945 0.07692307692025922
0 0.6378048780332243 0.5805860805648136 0.08048780487608566 0.15750915750338793
0 0.6158536585215645 0.4468864468700774 0.06585365853497918 0.10989010988608461
0 0.759756097542445 0.31501831500677585 0.1048780487779298 0.17582417581773538
