0 0.1318181818157851 0.4658469945227911 0.059999999998909086 0.1010928961721013
0 0.12727272727041322 0.331967213105684 0.03999999999927272 0.07923497267543074
0 0.2909090909038016 0.44808743168174625 0.06909090908965289 0.12021857923168802
0 0.27181818181323963 0.35109289616527073 0.049090909090016524 0.08469945354959837
0 0.3327272727212231 0.286885245893801 0.0363636363629752 0.07650273223834693
0 0.37272727272049583 0.3551912568208964 0.05454545454446281 0.0874316939866822
0 0.39363636362920656 0.42213114752944997 0.06727272727150413 0.10655737704626893
0 0.42363636362866114 0.22677595627795696 0.0363636363629752 0.07103825136417928
0 0.44999999999181817 0.3237704917944325 0.049090909090016524 0.07923497267543074
0 0.5390909090811074 0.37158469944339934 0.06363636363520661 0.10928961748335275
0 0.6545454545335537 0.3524590163838126 0.061818181817057845 0.10928961748335275
0 0.8518181818026942 0.5081967212975903 0.20909090908710742 0.3333333333242259
