0 0.051666666665805557 0.7218045112601051 0.09333333333177778 0.19548872179961183
0 0.18999999999683334 0.7669172932138617 0.16666666666388888 0.2205513784405877
0 0.1499999999975 0.6077694235436649 0.07999999999866667 0.1177944862125866
0 0.1816666666636389 0.5764411027424451 0.07333333333211112 0.13032581453307454
0 0.24916666666251389 0.6353383458487384 0.09833333333169444 0.157894736838148
0 0.42083333332631945 0.7706766917100081 0.10166666666497222 0.157894736838148
0 0.4466666666592222 0.650375939833324 0.07999999999866667 0.1378446115253673
0 0.4033333333266111 0.6328320801846408 0.053333333332444444 0.09273182957161073
0 0.553333333324111 0.7919799498548377 0.1333333333311111 0.2506265664097587
0 0.5666666666572222 0.6203007518641529 0.05666666666572222 0.09774436089980591
0 0.6199999999896667 0.6340852130166896 0.06666666666555555 0.10526315789209867
0 0.6999999999883333 0.7456140350690322 0.10999999999816666 0.18295739347912388
0 0.7249999999879166 0.6278195488564456 0.06666666666555555 0.08771929824341555
0 0.7999999999866667 0.6365914786807872 0.07333333333211112 0.13032581453307454
0 0.9091666666515139 0.7243107769242028 0.14499999999758334 0.2355889724251732
0 0.8599999999856667 0.3872180451030773 0.04999999999916667 0.0776942355870252
