0 0.0410583941598347 0.4545454545329326 0.04927007299180164 0.07162534435064392
0 0.08394160583788428 0.48071625343028324 0.05109489051001652 0.0688705234140807
0 0.11678832116575204 0.43526170797699 0.040145985400727266 0.06060606060439101
0 0.15237226277094212 0.4834710743668465 0.05291970802823139 0.07438016528720715
0 0.19434306568988424 0.6267217630681343 0.17335766423041318 0.21212121211536855
0 0.2536496350318677 0.4462809917232429 0.047445255473586766 0.06611570247751747
0 0.2527372262727603 0.556473829185772 0.07846715328323965 0.1377410468281614
0 0.3330291970742148 0.4559228650012142 0.056569343064661146 0.08539944903346006
0 0.3740875912340495 0.46005509640605907 0.047445255473586766 0.08264462809689684
0 0.36770072992029745 0.5550964187174904 0.09671532846538841 0.11845730027221879
0 0.506386861304628 0.36225895315806445 0.038321167882512386 0.057851239667827785
0 0.5282846715232065 0.4765840220254384 0.04927007299180164 0.06611570247751747
0 0.6049270072882312 0.4848484848351281 0.04562043795537189 0.07713498622377038
0 0.7034671532718345 0.6225895316632895 0.10036496350181816 0.1873278236862995
0 0.7262773722495205 0.4944903581130994 0.040145985400727266 0.0688705234140807
0 0.770985401445785 0.48898071623997297 0.03467153284608264 0.0688705234140807
0 0.8348540145833055 0.48071625343028324 0.06021897810109089 0.07988980716033361
0 0.910583941589223 0.556473829185772 0.06569343065573552 0.13223140495503494
0 0.9826642335587105 0.5578512396540536 0.03467153284608264 0.1404958677647246
0 0.9616788320992394 0.46831955921574875 0.047445255473586766 0.07713498622377038
0 0.9051094890345783 0.47107438015231196 0.047445255473586766 0.06611570247751747
