0 0.3221428571382551 0.46428571427675125 0.02999999999957143 0.04826254826161656
0 0.2092857142827245 0.6322393822271769 0.04999999999928571 0.07528957528812183
0 0.26928571428186737 0.6148648648529949 0.052857142856387755 0.06756756756626317
0 0.34857142856644896 0.6081081080963686 0.03999999999942857 0.054054054053010545
0 0.4071428571370408 0.6457528957404295 0.05142857142783674 0.0714285714271925
0 0.418571428565449 0.6003861003745099 0.03428571428522449 0.05791505791393987
0 0.4692857142790102 0.6196911196791566 0.04714285714218367 0.06177606177486919
0 0.4821428571359694 0.6747104246973994 0.061428571427693875 0.09459459459276845
0 0.523571428563949 0.6592664092536822 0.04714285714218367 0.07528957528812183
0 0.5414285714208368 0.6187258687139242 0.03428571428522449 0.0559845559834752
0 0.5749999999917857 0.5646718146609137 0.024285714285367348 0.04440154440068723
0 0.6092857142770102 0.559845559834752 0.03285714285667347 0.04247104247022257
0 0.6564285714191939 0.5434362934258024 0.024285714285367348 0.04440154440068723
0 0.628571428562449 0.6438223938099649 0.057142857142040815 0.07915057914905115
0 0.6878571428473164 0.6245173745053182 0.05857142857059184 0.06370656370533385
0 0.6757142857046327 0.5752895752784694 0.028571428571020407 0.04247104247022257
0 0.7085714285613062 0.5694980694870754 0.03428571428522449 0.04633204633115189
0 0.7399999999894286 0.5694980694870754 0.028571428571020407 0.03861003860929324
0 0.7585714285605918 0.5559845559738227 0.028571428571020407 0.04247104247022257
0 0.6964285714186225 0.7625482625335416 0.07857142857030612 0.11583011582787973
0 0.7542857142749387 0.7046332046196017 0.06857142857044898 0.11583011582787973
0 0.8285714285595919 0.6602316602189144 0.0628571428562449 0.08494208494044514
0 0.873571428558949 0.6293436293314799 0.04999999999928571 0.07335907335765716
0 0.8078571428456021 0.5965250965135807 0.04714285714218367 0.06563706563579852
0 0.837142857130898 0.5888030887917219 0.03999999999942857 0.05791505791393987
0 0.8542857142735102 0.5762548262437016 0.03999999999942857 0.04826254826161656
0 0.879285714273153 0.5646718146609137 0.041428571427979594 0.0559845559834752
0 0.9078571428441735 0.5453667953562671 0.03857142857087755 0.059845559844404525
0 0.9535714285578061 0.6052123552006716 0.04714285714218367 0.06756756756626317
0 0.9792857142717245 0.585907335896025 0.03285714285667347 0.05212355212254588
