0 0.18165680473157803 0.30106571935522086 0.34674556212607405 0.5808170514994526
0 0.3715976331316971 0.275310834808609 0.03076923076886664 0.04973357015897453
0 0.4337278106457547 0.36234458258681446 0.031952662721515354 0.04262877442197817
0 0.41893491123764576 0.333925399638829 0.028402366863569204 0.039076376553479994
0 0.510059171591597 0.29928952042097173 0.02366863905297434 0.0373001776192309
0 0.5508875739579777 0.31261101242783995 0.01538461538443332 0.03197158081648363
0 0.5674556212950598 0.2593250444003672 0.024852071005623054 0.03197158081648363
0 0.6325443786907391 0.2966252220195981 0.010650887573838452 0.024866785079487266
0 0.6556213017673891 0.2957371225524736 0.014201183431784602 0.026642984013736357
0 0.729585798807934 0.2602131438674918 0.020118343195028185 0.03374777975073272
0 0.7147928993998249 0.2415630550578763 0.01893491124237947 0.04262877442197817
0 0.7798816567955044 0.24866785079487266 0.021301775147676904 0.039076376553479994
0 0.8307692307593992 0.27353463587435994 0.01893491124237947 0.039076376553479994
0 0.9408284023557298 0.39786856127179626 0.04497041420065124 0.07104795736996362
0 0.9514792899295683 0.3650088809881881 0.03313609467416407 0.05150976909322363
0 0.9360946745451351 0.3072824156250927 0.021301775147676904 0.03552397868498181
0 0.9207100591607017 0.28330373001272996 0.016568047337082035 0.026642984013736357
0 0.8698224851968068 0.2930728241510999 0.021301775147676904 0.024866785079487266
0 0.89467455620243 0.28330373001272996 0.01183431952648717 0.026642984013736357
0 0.9668639053140017 0.28596802841410357 0.016568047337082035 0.039076376553479994
0 0.6816568047256609 0.29129662521685085 0.01183431952648717 0.021314387210989084
