0 0.0499999999995 0.4850074962446026 0.07199999999928 0.14242878560506103
0 0.20699999999793 0.4955022488681334 0.06799999999932 0.10344827586051802
0 0.27499999999725 0.3950524737571956 0.10799999999892 0.2143928035949866
0 0.336499999996635 0.5239880059891456 0.06299999999937 0.11844077960841917
0 0.448499999995515 0.39955022488156594 0.09299999999907 0.19040479759834475
0 0.55099999999449 0.30134932533281333 0.12199999999878 0.24287856071599884
0 0.7374999999926249 0.24962518740255435 0.13899999999860999 0.24437781109078893
0 0.9309999999906899 0.6694152923437868 0.0399999999996 0.07946026986387617
0 0.964499999990355 0.6889055472160583 0.03299999999967 0.06446776611597499
0 0.988499999990115 0.6866566716538732 0.02299999999977 0.07496251873950581
