0 0.2224999999944375 0.35227272725938363 0.024999999999375 0.053030303028294305
0 0.0424999999989375 0.6420454545211347 0.0599999999985 0.09469696969338269
0 0.024999999999375 0.8200757575446941 0.044999999998875 0.11742424241979454
0 0.1124999999971875 0.8693181817852531 0.09499999999762501 0.15530303029714762
0 0.10124999999746875 0.7708333333041352 0.0624999999984375 0.08712121211791207
0 0.1474999999963125 0.683712121186223 0.054999999998625 0.07954545454244147
0 0.1474999999963125 0.640151515127267 0.04999999999875 0.06818181817923553
0 0.20124999999496876 0.6231060605824581 0.047499999998812506 0.06439393939150023
0 0.19374999999515627 0.5833333333112374 0.0424999999989375 0.06818181817923553
0 0.2724999999931875 0.7537878787593262 0.064999999998375 0.098484848481118
0 0.26749999999331253 0.6988636363371643 0.0599999999985 0.07196969696697085
0 0.31124999999221875 0.6212121211885905 0.0424999999989375 0.06818181817923553
0 0.2862499999928438 0.5681818181602961 0.0424999999989375 0.06818181817923553
0 0.31124999999221875 0.8617424242097825 0.08749999999781251 0.13257575757073578
0 0.5124999999871875 0.886363636330062 0.084999999997875 0.13636363635847107
0 0.5924999999851875 0.941287878752224 0.104999999997375 0.11742424241979454
0 0.5562499999860938 0.7670454545163998 0.0624999999984375 0.09469696969338269
0 0.4137499999896563 0.7196969696697084 0.0524999999986875 0.07575757575470615
0 0.42624999998934376 0.6761363636107525 0.0424999999989375 0.07196969696697085
0 0.38249999999043754 0.5662878787664285 0.039999999999 0.06439393939150023
0 0.47874999998803125 0.5776515151296344 0.037499999999062505 0.07196969696697085
0 0.46874999998828126 0.541666666646149 0.0324999999991875 0.06060606060376492
0 0.5387499999865313 0.6382575757333994 0.0424999999989375 0.08712121211791207
0 0.5687499999857812 0.5814393939173698 0.037499999999062505 0.06439393939150023
0 0.6524999999836876 0.5984848484621786 0.039999999999 0.06818181817923553
0 0.6737499999831563 0.6685606060352818 0.0624999999984375 0.08712121211791207
0 0.7049999999823751 0.7840909090612087 0.06999999999825 0.12121212120752985
0 0.724999999981875 0.6098484848253846 0.04999999999875 0.08333333333017677
0 0.794999999980125 0.6874999999739584 0.0599999999985 0.10227272726885331
0 0.8649999999783751 0.8617424242097825 0.084999999997875 0.147727272721677
0 0.8824999999779376 0.6477272727027377 0.064999999998375 0.09090909090564739
0 0.9437499999764063 0.6874999999739584 0.0724999999981875 0.09469696969338269
