0 0.010325292397641949 0.5612664473668825 0.020285087719261175 0.04248903508760283
0 0.06460160818701645 0.5686677631563359 0.024671052631533862 0.03371710526306547
0 0.11366959064306713 0.5663377192966932 0.02631578947363612 0.04385964912268679
0 0.12216739766059545 0.5829221491212091 0.02649853801164748 0.041940789473569245
0 0.1440972222219589 0.5426260964897406 0.020285087719261175 0.03207236842096472
0 0.16529605263127686 0.5481085526300765 0.020650584795283897 0.03152412280693113
0 0.20239400584758335 0.5537280701739207 0.01991959064323845 0.030701754385880752
0 0.22551169590602063 0.5385142543844887 0.017178362573068023 0.03042763157886396
0 0.23327850877150352 0.5597587719282902 0.02540204678357931 0.03837719298235094
0 0.2605994152042021 0.5671600877177435 0.023391812865454328 0.04385964912268679
0 0.29504751461934386 0.6440515350859538 0.044042397660738225 0.06441885964894623
0 0.27229532163692927 0.538925438595014 0.01973684210522709 0.027412280701679243
0 0.2888340643269575 0.5467379385949925 0.017361111111079384 0.028782894736763206
0 0.3164290935666732 0.534813596489762 0.012975146198806697 0.025219298245544905
0 0.31999269005789477 0.5549616228054963 0.020102339181249814 0.03207236842096472
0 0.3380847953210196 0.5474232456125345 0.018274853801136193 0.03782894736831736
0 0.34722222222158766 0.5561951754370719 0.017543859649090745 0.03453947368411585
0 0.35590277777712737 0.5342653508757285 0.016264619883011214 0.025219298245544905
0 0.3303179824555367 0.5316611842090689 0.01334064327482942 0.022203947368360188
0 0.38304093567181463 0.5467379385949925 0.021198830409317984 0.03207236842096472
0 0.3968384502916724 0.5379660087704552 0.014802631578920316 0.028234649122729622
0 0.38340643274783737 0.5937499999983724 0.03728070175431784 0.054824561403358486
0 0.36878654970692837 0.5990953947351999 0.022295321637386158 0.04248903508760283
0 0.4319261695898539 0.5997807017527419 0.03527046783619285 0.05537280701739207
0 0.4245248538003938 0.6899671052612666 0.06944444444431754 0.09374999999974301
0 0.4287280701746551 0.545504385963417 0.014254385964886231 0.02686403508764566
0 0.44508406432667197 0.551398026314278 0.021381578947329345 0.03536184210516623
0 0.44234283625650156 0.5319353070160857 0.011878654970738525 0.018366228070125095
0 0.46308479532079116 0.5334429824546781 0.01608187134499985 0.02576754385957849
0 0.43174342105184255 0.5272752192968002 0.012244152046761249 0.017269736842057924
0 0.5075840643265578 0.49163925438461725 0.022112573099374793 0.03591008771919981
0 0.549342105262154 0.5139802631564858 0.01133040935670444 0.02138157894730981
0 0.5629568713440004 0.5183662280687545 0.010051169590624907 0.02247807017537698
0 0.5766630116948526 0.5317982456125774 0.01334064327482942 0.026315789473612072
0 0.5986842105252217 0.5224780701740064 0.01315789473681806 0.02576754385957849
0 0.5971308479521251 0.5408442982441315 0.011878654970738525 0.02686403508764566
0 0.5421235380107052 0.5435855263142993 0.01699561403505666 0.02796052631571283
0 0.5227521929815008 0.572505482454571 0.02649853801164748 0.043585526315669997
0 0.502649853800251 0.6240405701737279 0.046600877192897294 0.07209429824541641
0 0.4974415204669272 0.7938596491206309 0.0950292397659082 0.14418859649083282
0 0.5770285087708753 0.5808662280685831 0.027595029239715654 0.042214912280586034
0 0.6178728070164147 0.5727796052615878 0.025219298245567946 0.04248903508760283
0 0.632675438595335 0.6348684210508913 0.04568713450284048 0.08114035087697057
0 0.7168311403495672 0.6733826754367507 0.05537280701744267 0.08963815789449113
0 0.6641081871332892 0.5937499999983724 0.03106725146193153 0.052631578947224145
0 0.6958150584782605 0.579769736840516 0.03782894736835192 0.06249999999982868
0 0.6527777777765849 0.564555921051084 0.025219298245567946 0.04248903508760283
0 0.630391081870193 0.5429002192967575 0.021016081871306623 0.036458333333233395
0 0.6141264619871818 0.5186403508757713 0.012244152046761249 0.023026315789410563
0 0.6402595029228065 0.5167214912266538 0.012244152046761249 0.021929824561343396
0 0.6577119883028916 0.5270010964897834 0.014254385964886231 0.026589912280628868
0 0.6636513157882609 0.5186403508757713 0.013706140350852145 0.018640350877141887
0 0.6764437134490562 0.536869517542388 0.02247807017539752 0.03207236842096472
0 0.6823830409344255 0.5138432017529774 0.014619883040908955 0.021107456140293017
0 0.6508589181274655 0.4845120614021806 0.010782163742670355 0.017269736842057924
0 0.6302997076011874 0.47656249999869366 0.010233918128636268 0.013980263157856415
0 0.7033077485367264 0.5241228070161071 0.012244152046761249 0.02028508771924264
0 0.7086988304080616 0.5152138157880614 0.013523391812840783 0.021107456140293017
0 0.7274305555542262 0.5256304824546995 0.017361111111079384 0.029879385964830377
0 0.7301717836243966 0.5715460526300122 0.02357456140346569 0.04495614035075396
0 0.745522660817351 0.540707236840623 0.017361111111079384 0.028782894736763206
0 0.7461622807003908 0.515762061402095 0.012061403508749888 0.02001096491222585
0 0.7642543859635156 0.5338541666652032 0.018274853801136193 0.03536184210516623
0 0.7796966374254757 0.5581140350861894 0.022112573099374793 0.042214912280586034
0 0.7998903508757312 0.5782620614019236 0.031432748537954254 0.05126096491214019
0 0.7745796783611576 0.5263157894722414 0.016264619883011214 0.027412280701679243
0 0.7949561403494244 0.5193256578933133 0.01133040935670444 0.02275219298239377
0 0.8061038011681175 0.5367324561388795 0.01790935672511347 0.029605263157813585
0 0.813961988302606 0.5206962719283972 0.010599415204658992 0.020559210526259433
0 0.8206323099400208 0.5319353070160857 0.011878654970738525 0.02275219298239377
0 0.8311403508756741 0.538925438595014 0.017543859649090745 0.03453947368411585
0 0.8462171052616114 0.5307017543845102 0.014071637426874868 0.027412280701679243
0 0.8491410818697932 0.5202850877178721 0.011147660818693079 0.019736842105209054
0 0.860380116957492 0.5371436403494048 0.015350877192954403 0.026589912280628868
0 0.8765533625714975 0.542077850875707 0.016264619883011214 0.028234649122729622
0 0.8712536549691681 0.5707236842089618 0.021016081871306623 0.042214912280586034
0 0.8259320175423502 0.6229440789456608 0.044042397660738225 0.08141447368398735
0 0.9032346491211564 0.5756578947352641 0.029788011695851994 0.04879385964898905
0 0.9077119883024347 0.5315241228055605 0.01608187134499985 0.026315789473612072
0 0.8972953216357871 0.5356359649108124 0.01133040935670444 0.023026315789410563
0 0.93256578947198 0.5683936403493192 0.024488304093522498 0.04632675438583792
0 0.9637244152029172 0.5519462719283116 0.025767543859602032 0.036458333333233395
0 0.9830043859631159 0.5485197368406016 0.018274853801136193 0.03289473684201509
0 0.9489217836239968 0.5464638157879758 0.015899122806988488 0.03152412280693113
0 0.9390533625713833 0.5237116228055819 0.01699561403505666 0.028234649122729622
0 0.9490131578930026 0.5252192982441743 0.010964912280681716 0.02247807017537698
0 0.9723135964894511 0.5307017543845102 0.016630116959033936 0.021929824561343396
