0 0.243499999997565 0.5886666666588178 0.10099999999899 0.12666666666497778
0 0.47599999999524 0.5599999999925334 0.1199999999988 0.15733333333123556
0 0.713499999992865 0.7006666666573245 0.17899999999821 0.23866666666348446
0 0.667499999993325 0.5059999999932534 0.06499999999935 0.10533333333192889
0 0.77799999999222 0.4573333333272356 0.05199999999948 0.07199999999904
0 0.892499999991075 0.5179999999930933 0.08499999999915 0.11866666666508445
0 0.814499999991855 0.4173333333277689 0.03299999999967 0.053333333332622225
0 0.84499999999155 0.3993333333280089 0.02599999999974 0.041333333332782225
0 0.854499999991455 0.38066666666159116 0.02099999999979 0.03066666666625778
0 0.880499999991195 0.38599999999485335 0.01899999999981 0.027999999999626667
0 0.898499999991015 0.36199999999517335 0.01699999999983 0.027999999999626667
0 0.932499999990675 0.45466666666060446 0.05299999999947 0.06933333333240889
0 0.950499999990495 0.4219999999943734 0.03699999999963 0.043999999999413335
0 0.93599999999064 0.40466666666127116 0.02799999999972 0.03066666666625778
0 0.92599999999074 0.3993333333280089 0.02199999999978 0.03066666666625778
0 0.938499999990615 0.36999999999506666 0.01699999999983 0.025333333332995558
0 0.952499999990475 0.3866666666615111 0.02499999999975 0.029333333332942226
0 0.959499999990405 0.3606666666618578 0.02099999999979 0.03066666666625778
0 0.836499999991635 0.37133333332838225 0.01899999999981 0.025333333332995558
0 0.823499999991765 0.38399999999488 0.02499999999975 0.031999999999573335
0 0.79399999999206 0.3886666666614845 0.0199999999998 0.03599999999952
0 0.798499999992015 0.36533333332846224 0.01899999999981 0.026666666666311113
0 0.765499999992345 0.39533333332806225 0.02099999999979 0.03333333333288889
0 0.767499999992325 0.3786666666616178 0.01699999999983 0.02399999999968
0 0.767499999992325 0.3453333333287289 0.01699999999983 0.026666666666311113
0 0.743499999992565 0.34466666666207113 0.01499999999985 0.019999999999733335
0 0.73699999999263 0.40066666666132444 0.02799999999972 0.041333333332782225
0 0.709499999992905 0.4233333333276889 0.03299999999967 0.046666666666044444
0 0.65099999999349 0.42599999999432003 0.04399999999956 0.05466666666593778
0 0.633499999993665 0.4026666666612978 0.02499999999975 0.03733333333283556
0 0.686499999993135 0.3886666666614845 0.02299999999977 0.03599999999952
0 0.7124999999928749 0.3739999999950134 0.01499999999985 0.022666666666364445
0 0.6799999999932 0.3706666666617245 0.011999999999879999 0.01866666666641778
0 0.673499999993265 0.3706666666617245 0.01299999999987 0.01866666666641778
0 0.62899999999371 0.3819999999949067 0.011999999999879999 0.017333333333102222
0 0.607499999993925 0.37733333332830227 0.01499999999985 0.02133333333304889
0 0.615499999993845 0.3726666666616978 0.01099999999989 0.017333333333102222
0 0.585499999994145 0.3819999999949067 0.01499999999985 0.022666666666364445
0 0.57499999999425 0.3759999999949867 0.01599999999984 0.01866666666641778
0 0.10099999999899 0.4666666666604445 0.05399999999946 0.05866666666588445
0 0.08299999999917 0.4413333333274489 0.03799999999962 0.050666666665991116
0 0.04399999999956 0.43733333332750224 0.0399999999996 0.04799999999936
0 0.0499999999995 0.4026666666612978 0.02599999999974 0.031999999999573335
0 0.079499999999205 0.40333333332795557 0.02499999999975 0.03066666666625778
0 0.1299999999987 0.3933333333280889 0.023999999999759998 0.031999999999573335
0 0.18599999999814 0.40199999999464003 0.03199999999968 0.038666666666151116
0 0.225499999997745 0.40199999999464003 0.01899999999981 0.03333333333288889
0 0.246499999997535 0.4793333333269422 0.06699999999933 0.08399999999888
0 0.2499999999975 0.4153333333277956 0.02799999999972 0.041333333332782225
0 0.24599999999754 0.38599999999485335 0.02199999999978 0.027999999999626667
0 0.30299999999696997 0.4266666666609778 0.03399999999966 0.050666666665991116
0 0.28499999999715 0.42266666666103114 0.023999999999759998 0.03999999999946667
0 0.29299999999707 0.3886666666614845 0.01799999999982 0.025333333332995558
0 0.308499999996915 0.39399999999474666 0.02299999999977 0.03066666666625778
0 0.33299999999667 0.40133333332798227 0.02599999999974 0.031999999999573335
0 0.324499999996755 0.3819999999949067 0.01499999999985 0.022666666666364445
0 0.358499999996415 0.38599999999485335 0.01499999999985 0.022666666666364445
0 0.375499999996245 0.39733333332803555 0.02499999999975 0.031999999999573335
0 0.41199999999588 0.4359999999941867 0.05199999999948 0.07733333333230223
0 0.408499999995915 0.3853333333281956 0.02299999999977 0.029333333332942226
0 0.384499999996155 0.38066666666159116 0.01499999999985 0.019999999999733335
0 0.422499999995775 0.37999999999493334 0.01299999999987 0.02133333333304889
0 0.43699999999563 0.3966666666613778 0.02599999999974 0.038666666666151116
0 0.46199999999538 0.3966666666613778 0.0199999999998 0.03066666666625778
0 0.47899999999521 0.3879999999948267 0.01799999999982 0.029333333332942226
0 0.47399999999526 0.35066666666199114 0.01599999999984 0.01866666666641778
0 0.515499999994845 0.40066666666132444 0.02099999999979 0.03066666666625778
0 0.503499999994965 0.45933333332720894 0.05099999999949 0.07333333333235556
0 0.5559999999944399 0.4206666666610578 0.03199999999968 0.04933333333267556
0 0.54199999999458 0.3846666666615378 0.011999999999879999 0.022666666666364445
0 0.56399999999436 0.3933333333280889 0.01799999999982 0.02399999999968
0 0.54799999999452 0.37199999999504 0.01399999999986 0.02133333333304889
0 0.51399999999486 0.3853333333281956 0.01599999999984 0.01866666666641778
0 0.50199999999498 0.37933333332827557 0.01399999999986 0.022666666666364445
0 0.51699999999483 0.3759999999949867 0.0099999999999 0.01866666666641778
