0 0.21583333332973612 0.5428994082679616 0.17166666666380556 0.3224852070910507
0 0.09083333333181945 0.07100591715766255 0.07499999999875 0.13609467455218655
0 0.23583333332940276 0.178994082834941 0.08833333333186111 0.19230769230200273
0 0.30999999999483335 0.08727810650629354 0.06666666666555555 0.14497041419689435
0 0.42499999999291665 0.18047337277572564 0.06999999999883333 0.17751479289415636
0 0.4908333333251528 0.3757396449592976 0.11499999999808333 0.2544378698149575
0 0.4841666666585972 0.1257396449666941 0.04166666666597222 0.11538461538120164
0 0.5491666666575139 0.09467455621021673 0.04166666666597222 0.09467455621021673
0 0.5883333333235278 0.17603550295337173 0.06333333333227778 0.14497041419689435
0 0.7366666666543888 0.19822485206514126 0.053333333332444444 0.130177514789048
0 0.6966666666550555 0.39349112424871324 0.0899999999985 0.195266272183572
0 0.8258333333195694 0.3239644970318354 0.07499999999875 0.16272189348631
0 0.9508333333174861 0.3372781064988971 0.07833333333202777 0.14792899407846363
