0 0.5877499999970613 0.48274568641798393 0.017499999999912502 0.029257314328362663
0 0.8202499999958989 0.7216804200996124 0.05149999999974251 0.0735183795943472
0 0.802999999995985 0.6792948237008306 0.03599999999982 0.05326331582855767
0 0.7084999999964576 0.818079519873833 0.08699999999956501 0.13728432107924018
0 0.6959999999965201 0.6774193548336278 0.04399999999978001 0.06301575393801188
0 0.6792499999966038 0.6485371342787057 0.022499999999887502 0.04276069017222235
0 0.5934999999970325 0.6841710427555576 0.044999999999775005 0.07051762940682282
0 0.6074999999969626 0.6447861965443002 0.024999999999875004 0.04126031507846017
0 0.5594999999972026 0.8334583645848954 0.12599999999937 0.2115528882204685
0 0.4944999999975276 0.6650412603100898 0.044999999999775005 0.07576894223499049
0 0.37199999999814004 0.7846961740376243 0.06999999999965001 0.11852963240721284
0 0.3324999999983375 0.691297824450928 0.04999999999975001 0.0862715678913258
0 0.37549999999812256 0.643285821450538 0.032999999999835 0.06376594148489298
0 0.4167499999979163 0.6365341335286082 0.030499999999847503 0.05026256564103329
0 0.30924999999845376 0.6331582895676433 0.026499999999867505 0.051012753187914386
0 0.2897499999985513 0.6117779444815321 0.028499999999857504 0.05176294073479548
0 0.2884999999985575 0.5720180044968342 0.021999999999890003 0.029257314328362663
0 0.32499999999837503 0.5753938484577991 0.020999999999895002 0.03000750187524376
0 0.28499999999857506 0.5581395348795339 0.01799999999991 0.02850712678148157
0 0.18574999999907127 0.5480120029966391 0.027499999999862502 0.04576144035974673
0 0.19924999999900378 0.6534133533334329 0.046499999999767505 0.0855213803444447
0 0.11624999999941876 0.9193548387027807 0.15349999999923253 0.1612903225794352
0 0.17499999999912502 0.6054013503330428 0.033999999999830006 0.051012753187914386
0 0.15224999999923877 0.5397599399809471 0.022499999999887502 0.03525881470341141
0 0.12599999999937 0.5753938484577991 0.032999999999835 0.04201050262534126
0 0.074999999999625 0.5153788447073115 0.0199999999999 0.03900975243781688
0 0.021749999999891252 0.5817704426062883 0.03549999999982251 0.05776444110984423
0 0.0077499999999612506 0.5018754688634518 0.014499999999927501 0.02850712678148157
0 0.018499999999907504 0.49737434358216526 0.014999999999925002 0.02700675168771938
