0 0.06506849314845656 0.479545454523657 0.05479452054606868 0.068181818178719
0 0.12499999999571919 0.4727272727057851 0.05136986301193939 0.07272727272396694
0 0.21746575341721008 0.4659090908879132 0.05136986301193939 0.068181818178719
0 0.19178082191124038 0.4318181817985537 0.041095890409551514 0.0545454545429752
0 0.32705479450934744 0.37045454543770656 0.05136986301193939 0.068181818178719
0 0.30650684930457167 0.45454545452479334 0.05136986301193939 0.0818181818144628
0 0.3578767123165111 0.23409090908026858 0.05136986301193939 0.068181818178719
0 0.4708904109427777 0.39318181816394626 0.03767123287542222 0.04999999999772727
0 0.4691780821757131 0.5613636363381198 0.08904109588736162 0.13181818181219007
0 0.5428082191594928 0.7227272726944215 0.12671232876278382 0.1999999999909091
0 0.7568493150425737 0.8977272726864669 0.13013698629691312 0.17727272726466942
0 0.7123287670988929 0.5590909090654959 0.07534246575084444 0.11818181817644627
0 0.585616438336109 0.479545454523657 0.06164383561432727 0.10454545454070248
0 0.6780821917576 0.3749999999829545 0.06164383561432727 0.09545454545020661
0 0.7260273972354101 0.4363636363438016 0.05479452054606868 0.09999999999545454
0 0.8219178081910302 0.4727272727057851 0.06849315068258585 0.09090909090495868
0 0.871575342435905 0.3681818181650826 0.05821917808019798 0.09090909090495868
0 0.9195205479137151 0.3636363636198347 0.04452054794368081 0.07272727272396694
0 0.7825342465485434 0.3636363636198347 0.030821917807163635 0.0545454545429752
0 0.7465753424401858 0.19545454544566115 0.047945205477810095 0.06363636363347107
