0 0.0987179487166831 0.36634615383910873 0.07179487179395135 0.09807692307503699
0 0.03717948717901052 0.5134615384516642 0.03333333333290599 0.05769230769119822
0 0.17628205127979127 0.5221153846053439 0.03974358974308021 0.07499999999855769
0 0.1852564102540352 0.4932692307597448 0.03205128205087114 0.04807692307599852
0 0.22115384615101086 0.5230769230668639 0.026923076922731756 0.04999999999903846
0 0.23846153845848128 0.4903846153751849 0.02307692307662722 0.03846153846079882
0 0.2743589743554569 0.4826923076830251 0.028205128204766602 0.04615384615295858
0 0.2724358974324047 0.5711538461428625 0.04743589743528929 0.06923076922943787
0 0.30576923076531065 0.5086538461440644 0.02948717948680145 0.05961538461423817
0 0.35512820512365223 0.552884615373983 0.04615384615325444 0.08269230769071746
0 0.3205128205087114 0.46634615383718564 0.02051282051255753 0.03653846153775887
0 0.3564102564056871 0.48846153845214496 0.02051282051255753 0.030769230768639053
0 0.365384615379931 0.45096153845286613 0.017948717948487836 0.032692307691678996
0 0.4083333333280983 0.46249999999110575 0.016666666666452994 0.03653846153775887
0 0.4134615384562377 0.5451923076818233 0.03205128205087114 0.06346153846031805
0 0.3974358974308021 0.5153846153747041 0.028205128204766602 0.053846153845118344
0 0.4416666666610043 0.47692307691390534 0.019230769230522683 0.030769230768639053
0 0.46217948717356183 0.4586538461450259 0.021794871794592375 0.03653846153775887
0 0.4448717948660914 0.45384615383742605 0.012820512820348455 0.01923076923039941
0 0.46794871794271864 0.5048076922979845 0.03589743589697567 0.05576923076815828
0 0.4891025640962936 0.5663461538352625 0.044871794871219596 0.08653846153679734
0 0.5403846153776874 0.49230769229822485 0.026923076922731756 0.06153846153727811
0 0.5096153846088511 0.4673076922987056 0.019230769230522683 0.03846153846079882
0 0.5326923076854784 0.4480769230683062 0.019230769230522683 0.026923076922559172
0 0.5730769230695759 0.5134615384516642 0.03589743589697567 0.06923076922943787
0 0.5878205128129766 0.46634615383718564 0.021794871794592375 0.04038461538383876
0 0.6243589743509698 0.48076923075998523 0.02564102564069691 0.053846153845118344
0 0.6448717948635273 0.4596153846065459 0.017948717948487836 0.030769230768639053
0 0.5692307692234714 0.4682692307602256 0.015384615384418147 0.02499999999951923
0 0.668589743581172 0.4644230769141457 0.021794871794592375 0.051923076922078405
0 0.6858974358886424 0.4605769230680658 0.015384615384418147 0.04038461538383876
0 0.701923076914078 0.454807692298946 0.016666666666452994 0.032692307691678996
0 0.5878205128129766 0.6586538461411797 0.06025641025563774 0.10192307692111686
0 0.6570512820428583 0.5682692307583025 0.03205128205087114 0.05576923076815828
0 0.6858974358886424 0.553846153835503 0.028205128204766602 0.053846153845118344
0 0.7397435897341059 0.4980769230673447 0.02564102564069691 0.0423076923068787
0 0.7448717948622453 0.4749999999908654 0.02307692307662722 0.0423076923068787
0 0.7769230769131164 0.6644230769102996 0.06666666666581197 0.10576923076719674
0 0.7442307692212279 0.5923076922963018 0.034615384614940826 0.06923076922943787
0 0.7730769230670118 0.5461538461433432 0.03333333333290599 0.06538461538335799
0 0.7993589743487262 0.5057692307595044 0.026923076922731756 0.05769230769119822
0 0.8121794871690746 0.48461538460606507 0.021794871794592375 0.03846153846079882
0 0.9179487179369494 0.5644230769122226 0.06923076922988165 0.12115384615151627
0 0.8692307692196253 0.520192307682304 0.04871794871732413 0.0942307692289571
0 0.8538461538352071 0.45096153845286613 0.02307692307662722 0.03653846153775887
0 0.8833333333220086 0.47019230768326553 0.02564102564069691 0.044230769229918636
0 0.9410256410135767 0.4721153846063055 0.02307692307662722 0.044230769229918636
0 0.9852564102437787 0.5086538461440644 0.02948717948680145 0.07499999999855769
0 0.9788461538336046 0.46634615383718564 0.034615384614940826 0.06730769230639792
