0 0.06757812499947205 0.5018587360501513 0.07578124999940797 0.17472118958783045
0 0.14296874999888307 0.7239776951538294 0.08593749999932862 0.2323420074306256
0 0.3035156249976288 0.7360594795402219 0.08828124999931031 0.21561338289562057
0 0.30156249999764406 0.6459107806571391 0.08124999999936523 0.1951672862417255
0 0.25312499999802246 0.47490706318819875 0.08281249999935303 0.21375464683617557
0 0.18984374999851686 0.0762081784372452 0.05781249999954834 0.14498141263671038
0 0.3835937499970032 0.192379182152558 0.07812499999938965 0.20631970259839555
0 0.4144531249967621 0.07249070631835519 0.06328124999950561 0.13754646839893037
0 0.44726562499650574 0.4609665427423612 0.055468749999566656 0.17100371746894044
0 0.5531249999956788 0.43959107805874365 0.07187499999943849 0.1914498141228355
0 0.6335937499950501 0.5148698884662664 0.0687499999994629 0.17843866170672046
0 0.7011718749945222 0.5037174721095963 0.05859374999954224 0.16728624535005043
0 0.7535156249941132 0.4860594795448688 0.05390624999957886 0.1579925650528254
0 0.7511718749941315 0.3689591077998335 0.057031249999554445 0.12825278810170535
0 0.853515624993332 0.40241635686984356 0.06953124999945678 0.18401486988505547
0 0.9535156249925507 0.39126394051317354 0.06015624999953003 0.18773234200394548
