0 0.03199999999936 0.524350649333625 0.04399999999912 0.10714285713937848
0 0.044999999999099996 0.4837662337505271 0.04599999999908 0.09090909090613931
0 0.12099999999758 0.4983766233604423 0.049999999999 0.08766233765949148
0 0.15199999999695998 0.5308441558269207 0.07199999999856 0.10714285713937848
0 0.2299999999954 0.4886363636204988 0.039999999999199995 0.07467532467290015
0 0.28799999999424 0.4999999999837662 0.04399999999912 0.07792207791954799
0 0.33699999999325997 0.4594155844006683 0.049999999999 0.07467532467290015
0 0.4249999999915 0.3733766233645007 0.04199999999916 0.09090909090613931
0 0.73799999998524 0.5503246753068076 0.0599999999988 0.12662337661926548
0 0.7989999999840199 0.6055194804998207 0.10199999999796 0.1590909090857438
0 0.87299999998254 0.8019480519220147 0.1899999999962 0.3181818181714876
0 0.96699999998066 0.5762987012799903 0.06599999999868 0.1201298701259698
0 0.94699999998106 0.5146103895936814 0.053999999998919995 0.09415584415278715
0 0.85299999998294 0.5129870129703575 0.049999999999 0.08441558441284365
0 0.8749999999825 0.4870129869971749 0.053999999998919995 0.09740259739943498
0 0.75699999998486 0.4788961038805553 0.053999999998919995 0.08116883116619582
