0 0.024999999999609376 0.4594202898417559 0.04062499999936524 0.08405797101205628
0 0.0562499999991211 0.4173913043357278 0.037499999999414065 0.06376811594018063
0 0.10624999999833985 0.389855072452468 0.03437499999946289 0.0666666666647343
0 0.12968749999797363 0.389855072452468 0.024999999999609376 0.055072463766519635
0 0.15312499999760742 0.39420289853929846 0.018749999999707032 0.04637681159285864
0 0.1460937499977173 0.6289855072281453 0.11406249999821778 0.2144927536169712
0 0.20781249999675294 0.5144927536082755 0.05937499999907227 0.13043478260491492
0 0.2460937499961548 0.4753623188268011 0.03906249999938965 0.08695652173660995
0 0.26093749999592286 0.41159420288662046 0.03437499999946289 0.06376811594018063
0 0.3906249999938965 0.4101449275243436 0.021874999999658203 0.055072463766519635
0 0.41015624999359135 0.42608695650938877 0.03281249999948731 0.0579710144910733
0 0.4445312499930542 0.4420289854944339 0.03593749999943848 0.0666666666647343
0 0.48593749999240726 0.48405797100046205 0.043749999999316405 0.0753623188383953
0 0.5406249999915528 0.5492753623029195 0.0562499999991211 0.1072463768084856
0 0.6351562499900757 0.6492753623000209 0.07656249999880371 0.1507246376767906
0 0.43437499999321294 0.32028985506318 0.018749999999707032 0.043478260868304974
0 0.535937499991626 0.4318840579584961 0.024999999999609376 0.0579710144910733
0 0.5164062499919312 0.43043478259621926 0.02031249999968262 0.043478260868304974
0 0.49921874999219973 0.40579710143751313 0.02031249999968262 0.04057971014375131
0 0.5687499999911133 0.4507246376680949 0.02812499999956055 0.055072463766519635
0 0.5859374999908448 0.41594202897345095 0.021874999999658203 0.03768115941919765
0 0.6124999999904297 0.4072463767997899 0.024999999999609376 0.043478260868304974
0 0.6046874999905518 0.4710144927399706 0.03437499999946289 0.0666666666647343
0 0.649218749989856 0.43478260868304974 0.026562499999584963 0.052173913041965975
0 0.6851562499892945 0.5144927536082755 0.045312499999291996 0.07246376811384163
0 0.7179687499887818 0.46666666665314005 0.026562499999584963 0.04637681159285864
0 0.713281249988855 0.43043478259621926 0.02031249999968262 0.03768115941919765
0 0.690624999989209 0.4289855072339424 0.021874999999658203 0.04637681159285864
0 0.7851562499877319 0.5159420289705524 0.04843749999924317 0.11014492753303927
0 0.754687499988208 0.4536231883926486 0.02812499999956055 0.06086956521562697
0 0.8085937499873658 0.43768115940760344 0.02343749999963379 0.04057971014375131
0 0.8499999999867188 0.47971014491363156 0.043749999999316405 0.08405797101205628
0 0.9156249999856934 0.46521739129086326 0.03124999999951172 0.0666666666647343
0 0.9414062499852905 0.45507246375492544 0.03281249999948731 0.06376811594018063
0 0.8789062499862671 0.45217391303037174 0.02343749999963379 0.052173913041965975
0 0.9648437499849244 0.6304347825904222 0.07031249999890136 0.1594202898504516
