0 0.03206650831277751 0.3346007604435513 0.05938242280143984 0.12167300379765501
0 0.2565320665022201 0.49049429655929677 0.13776722089934043 0.2357414448579566
0 0.2660332541504505 0.28517110265075396 0.04275534441703669 0.08365019011088783
0 0.1983372921568091 0.2699619771760471 0.05463182897732466 0.07604562737353439
0 0.14608076009154203 0.24334600759531003 0.040380047504979096 0.06083650189882751
0 0.11401425177876451 0.20342205322420448 0.03325415676880631 0.05703422053015079
0 0.08907363420215976 0.17110266159045237 0.03087885985674872 0.04562737642412063
0 0.21971496436532742 0.1787072243278058 0.021377672208518345 0.04562737642412063
0 0.2624703087823641 0.17110266159045237 0.026128266032633532 0.04562737642412063
0 0.304038004743372 0.19201520911817432 0.028503562944691127 0.04182509505544391
0 0.30641330165542957 0.169201520906114 0.023752969120575937 0.034220532318090476
0 0.3491686460724663 0.169201520906114 0.028503562944691127 0.04942965779279735
0 0.35629453680863904 0.22243346006758807 0.023752969120575937 0.04182509505544391
0 0.3954869358575894 0.19011406843383596 0.026128266032633532 0.05323193916147407
0 0.4204275534341941 0.24524714827964839 0.0380047505929215 0.05703422053015079
0 0.3705463182809846 0.32699619770619787 0.057007125889382254 0.09125475284824126
0 0.5475059382292754 0.3707224334459801 0.08313539192201579 0.16349809885309893
0 0.5332541567569298 0.29847908744112245 0.04513064132909428 0.06463878326750423
0 0.5178147268285554 0.2547528517013402 0.04275534441703669 0.06844106463618095
0 0.4536817102030004 0.21102661596155792 0.028503562944691127 0.04942965779279735
0 0.4489311163788852 0.169201520906114 0.028503562944691127 0.034220532318090476
0 0.4893111638838643 0.1653992395374373 0.01900237529646075 0.04182509505544391
0 0.5451306413172178 0.19011406843383596 0.021377672208518345 0.038022813686767194
0 0.543942992861189 0.16159695816876057 0.01900237529646075 0.034220532318090476
0 0.5807600949980817 0.17110266159045237 0.016627078384403155 0.030418250949413753
0 0.5997624702945424 0.1749049429591291 0.016627078384403155 0.030418250949413753
0 0.6068883610307152 0.20152091253986612 0.021377672208518345 0.04562737642412063
0 0.6484560569917232 0.1977186311711894 0.023752969120575937 0.038022813686767194
0 0.6235154394151183 0.16159695816876057 0.016627078384403155 0.034220532318090476
0 0.6543942992718671 0.15779467680008386 0.016627078384403155 0.026615969580737035
0 0.6615201900080399 0.13878326995670026 0.016627078384403155 0.026615969580737035
0 0.7220902612655085 0.21863117869891135 0.01900237529646075 0.034220532318090476
0 0.6674584322881838 0.2300380228049415 0.028503562944691127 0.04182509505544391
0 0.6247030878711471 0.29467680607244573 0.04275534441703669 0.07224334600485767
0 0.6152019002229168 0.25665399238567854 0.028503562944691127 0.04942965779279735
0 0.7909738717151787 0.2699619771760471 0.057007125889382254 0.10646387832294814
0 0.7363420427378541 0.25855513307001693 0.03325415676880631 0.04562737642412063
0 0.76009501185843 0.22433460075192643 0.028503562944691127 0.05323193916147407
0 0.7399049881059404 0.18250950569648253 0.016627078384403155 0.022813688212060316
0 0.7980997624513515 0.19011406843383596 0.01900237529646075 0.030418250949413753
0 0.8610451306208777 0.20532319390854284 0.021377672208518345 0.038022813686767194
0 0.8871733966535112 0.2889733840194307 0.05463182897732466 0.09125475284824126
0 0.9216152018783463 0.2300380228049415 0.04275534441703669 0.07224334600485767
0 0.9845605700478727 0.24144486691097167 0.03087885985674872 0.06463878326750423
