0 0.049999999999 0.34799999999072 0.09199999999816 0.2693333333261511
0 0.23099999999537998 0.41599999998890663 0.09799999999804 0.15999999999573333
0 0.43399999999132 0.4973333333200711 0.099999999998 0.15199999999594666
0 0.53899999998922 0.5119999999863467 0.08199999999836 0.10666666666382221
0 0.48799999999023996 0.4626666666543289 0.05599999999888 0.07199999999808
0 0.58399999998832 0.4133333333223111 0.07599999999847999 0.09599999999744
0 0.66899999998662 0.41066666665571555 0.07799999999844 0.11199999999701334
0 0.75599999998488 0.5386666666523022 0.13199999999736 0.15466666666254222
0 0.8849999999823 0.6293333333165511 0.21799999999564 0.2933333333255111
0 0.90599999998188 0.41866666665550223 0.09199999999816 0.15466666666254222
0 0.36199999999276 0.47066666665411555 0.07599999999847999 0.09866666666403555
