0 0.10740740740541838 0.5806451612732949 0.08148148147997256 0.15835777125635314
0 0.06111111110997942 0.5278592375211771 0.048148148147256514 0.10557184750423543
0 0.0666666666654321 0.4472140762332195 0.03703703703635117 0.0674486803499282
0 0.17129629629312412 0.39149560116153975 0.024074074073628257 0.04398826979343143
0 0.20092592592220507 0.3929618768213208 0.027777777777263372 0.05865102639124191
0 0.24259259258810012 0.3973607038006639 0.03333333333271605 0.0674486803499282
0 0.2787037036985425 0.3709677419246051 0.024074074073628257 0.04398826979343143
0 0.32037037036443755 0.43695014661475223 0.044444444443621396 0.08797653958686286
0 0.3324074074012517 0.3724340175843861 0.027777777777263372 0.05865102639124191
0 0.38055555554850823 0.33577712608985993 0.024074074073628257 0.04398826979343143
0 0.39629629628895746 0.37976539588329133 0.03333333333271605 0.0674486803499282
0 0.4351851851771262 0.3416422287289841 0.022222222221810698 0.04398826979343143
0 0.46203703702848076 0.3299120234507357 0.02037037036999314 0.03812316715430724
0 0.48425925925029145 0.4970674486657752 0.07222222222088477 0.12023460410204591
0 0.5055555555461934 0.38856304984197765 0.03703703703635117 0.07331378298905239
0 0.5231481481384602 0.3533724340072325 0.031481481480898486 0.061583577710804
0 0.6046296296184327 0.3445747800485462 0.024074074073628257 0.061583577710804
0 0.620370370358882 0.37976539588329133 0.03333333333271605 0.0674486803499282
0 0.6499999999879629 0.44428152491365747 0.048148148147256514 0.09677419354554914
0 0.6907407407279492 0.36510263928548087 0.025925925925445813 0.04985337243255562
0 0.7435185185047496 0.38856304984197765 0.04629629629543895 0.07331378298905239
0 0.7907407407260973 0.38856304984197765 0.02962962962908093 0.05571847507167981
0 0.7203703703570301 0.5865102639124191 0.08888888888724279 0.18181818181284992
0 0.8490740740583504 0.5058651026244615 0.06111111110997942 0.12023460410204591
0 0.8888888888724279 0.4457478005734385 0.03703703703635117 0.07624633430861448
0 0.9314814814642317 0.4120234603984744 0.02962962962908093 0.061583577710804
