0 0.18150943396089428 0.4254032258007338 0.03396226415068708 0.07661290322477671
0 0.25735849056409543 0.493279569885843 0.05584905660335209 0.10215053763303561
0 0.23962264150762552 0.4274193548329648 0.038490566037445356 0.06720430107436554
0 0.30754716980899965 0.39852150537098757 0.026415094339423285 0.05779569892395436
0 0.318113207544769 0.44758064515527446 0.04301886792420363 0.07795698924626401
0 0.36792452829911004 0.4193548387040409 0.029433962263928803 0.06720430107436554
0 0.39094339622346463 0.3911290322528074 0.024150943396044146 0.053763440859492424
0 0.40037735848754435 0.534274193541206 0.05811320754673123 0.11155913978344678
0 0.43320754716654186 0.4388440860156069 0.03169811320730794 0.06854838709585284
0 0.44188679244949525 0.3891129032205764 0.029433962263928803 0.05779569892395436
0 0.48528301886426206 0.491263440853612 0.05584905660335209 0.11155913978344678
0 0.5158490565998805 0.44153225805858154 0.038490566037445356 0.07661290322477671
0 0.5735849056560485 0.41868279569329725 0.028679245282802423 0.05510752688097974
0 0.5837735849012546 0.45228494623048004 0.03396226415068708 0.07392473118180208
0 0.5599999999957737 0.3770161290271906 0.024150943396044146 0.04435483870908125
0 0.6162264150896889 0.3770161290271906 0.01886792452815949 0.04704301075205587
0 0.6290566037688374 0.40389784945693685 0.029433962263928803 0.04973118279503049
0 0.6516981132026287 0.45900537633791655 0.0369811320751926 0.07661290322477671
0 0.6781132075420521 0.5369623655841805 0.05509433962222571 0.11693548386939602
0 0.6230188679198263 0.5779569892395435 0.0701886792447533 0.14516129032062955
0 0.6652830188629036 0.42473118278999017 0.03094339622618156 0.051075268816517805
0 0.6649056603723404 0.3870967741883454 0.024150943396044146 0.04569892473056856
0 0.6932075471645797 0.38306451612388354 0.02188679245266501 0.04032258064461932
0 0.7037735849003489 0.41129032257511705 0.024905660377170527 0.053763440859492424
0 0.7241509433907612 0.40120967741396224 0.02188679245266501 0.05510752688097974
0 0.7528301886735637 0.3817204301023962 0.023396226414917766 0.04032258064461932
0 0.8030188679184679 0.39919354838173127 0.02264150943379139 0.04569892473056856
0 0.7728301886734127 0.49260752687509934 0.040754716980824494 0.08467741935370057
0 0.7418867924472311 0.4838709677354318 0.030188679245055184 0.05913978494544167
0 0.8196226415032483 0.6431451612816781 0.07094339622587968 0.13306451612724374
0 0.8550943396161881 0.5658602150461578 0.06490566037686864 0.12096774193385795
0 0.8358490565974653 0.4556451612841983 0.0369811320751926 0.08064516128923864
0 0.8581132075406935 0.43212365590817037 0.03622641509406622 0.0631720430099036
0 0.8833962264084273 0.4045698924676805 0.026415094339423285 0.04569892473056856
0 0.9037735848988395 0.4919354838643557 0.0369811320751926 0.08602150537518788
0 0.9362264150872739 0.45967741934866024 0.03094339622618156 0.07258064516031477
0 0.8233962264088801 0.39852150537098757 0.01811320754703311 0.04704301075205587
