0 0.1399999999972 0.21733333332753776 0.1399999999972 0.20533333332785778
0 0.28799999999424 0.42933333332188445 0.05599999999888 0.09066666666424888
0 0.31699999999365996 0.36933333332348445 0.03399999999932 0.05599999999850667
0 0.2949999999941 0.3413333333242311 0.025999999999479998 0.04266666666552889
0 0.38699999999226 0.3266666666579556 0.0299999999994 0.05066666666531555
0 0.39199999999216 0.4119999999890133 0.04799999999904 0.08266666666446222
0 0.44899999999101997 0.4253333333219911 0.053999999998919995 0.07733333333127111
0 0.45499999999089996 0.3346666666577422 0.025999999999479998 0.03999999999893333
0 0.52099999998958 0.47866666665390223 0.06599999999868 0.10933333333041778
0 0.5159999999896799 0.39866666665603556 0.039999999999199995 0.06133333333169778
0 0.55399999998892 0.38133333332316444 0.039999999999199995 0.053333333331911106
0 0.53399999998932 0.33599999999103997 0.02799999999944 0.04799999999872
0 0.6609999999867799 0.49199999998688 0.0699999999986 0.09333333333084444
0 0.6269999999874599 0.4199999999888 0.053999999998919995 0.08266666666446222
0 0.65599999998688 0.39866666665603556 0.04799999999904 0.07199999999808
0 0.65299999998694 0.32799999999125334 0.025999999999479998 0.04799999999872
0 0.72799999998544 0.33199999999114665 0.02399999999952 0.03999999999893333
0 0.76799999998464 0.41599999998890663 0.04399999999912 0.06399999999829334
0 0.76399999998472 0.5546666666518756 0.09599999999808 0.12799999999658668
0 0.89299999998214 0.4719999999874133 0.08199999999836 0.1013333333306311
0 0.78899999998422 0.3893333333229511 0.03399999999932 0.04799999999872
0 0.7699999999846 0.3519999999906133 0.03199999999936 0.04799999999872
0 0.8149999999837 0.3333333333244444 0.0299999999994 0.04799999999872
0 0.8769999999824599 0.37199999999008 0.04199999999916 0.06133333333169778
0 0.9549999999809 0.39599999998943997 0.049999999999 0.07199999999808
0 0.9169999999816599 0.3493333333240178 0.025999999999479998 0.04799999999872
