0 0.21249999999557292 0.4986111110972608 0.04166666666579861 0.0638888888871142
0 0.23749999999505209 0.5097222222080633 0.03333333333263889 0.05277777777631173
0 0.20729166666234808 0.413888888877392 0.03124999999934896 0.04444444444320988
0 0.3062499999936198 0.4944444444307099 0.03749999999921875 0.061111111109413585
0 0.36458333332573784 0.4958333333195602 0.03333333333263889 0.058333333331712964
0 0.4177083333246311 0.5055555555415123 0.03541666666592882 0.05555555555401235
0 0.4989583333229384 0.5180555555411651 0.03124999999934896 0.041666666665509264
0 0.5572916666550564 0.5166666666523149 0.027083333332769098 0.04444444444320988
0 0.6572916666529731 0.4583333333206019 0.03541666666592882 0.049999999998611114
0 0.6822916666524522 0.4986111110972608 0.03541666666592882 0.05277777777631173
0 0.7281249999848307 0.4888888888753087 0.04374999999908854 0.061111111109413585
