0 0.6205999999975176 0.35504201680459163 0.0291999999998832 0.05462184873916794
0 0.6441999999974232 0.5714285714251415 0.0515999999997936 0.08763505402108263
0 0.66499999999734 0.6269507803083617 0.0643999999997424 0.10384153661402257
0 0.716999999997132 0.5588235294084104 0.0387999999998448 0.06722689075589901
0 0.7611999999969552 0.5927370948343773 0.0495999999998016 0.0810324129646997
0 0.8001999999967992 0.7851140456135348 0.0947999999996208 0.14525810324042462
0 0.8311999999966753 0.6425570228052668 0.0583999999997664 0.09303721488539594
0 0.8145999999967416 0.5483193277278012 0.041999999999832 0.07022809123607307
0 0.33399999999866403 0.558523409360393 0.0407999999998368 0.06662665065986419
0 0.3043999999987824 0.5993397358907603 0.0431999999998272 0.08823529411711745
0 0.2777999999988888 0.619747899155944 0.0523999999997904 0.10144057622988331
0 0.198999999999204 0.5630252100806541 0.0523999999997904 0.08403361344487376
0 0.246999999999012 0.5420168067194358 0.0475999999998096 0.086434573829013
0 0.1067999999995728 0.6377551020369883 0.06639999999973441 0.09663865546160481
0 0.0455999999998176 0.5864345738260118 0.063999999999744 0.07442977190831675
0 0.1315999999994736 0.5369147659031398 0.043999999999824 0.0762304921964212
0 0.9095999999963617 0.5909363745462729 0.0511999999997952 0.08583433373297819
0 0.9129999999963481 0.5360144057590875 0.0411999999998352 0.06722689075589901
0 0.9667999999961329 0.7415966386510109 0.06639999999973441 0.12785114045541507
0 0.9787999999960848 0.6467587034775105 0.0423999999998304 0.07503001200435157
0 0.9823999999960704 0.5741296518572981 0.0351999999998592 0.0810324129646997
