0 0.2331249999970859 0.4015009380787711 0.16624999999792187 0.2701688555296403
0 0.4293749999946328 0.4202626641572183 0.16124999999798437 0.2439024390198142
0 0.609999999992375 0.4005628517748487 0.1449999999981875 0.21200750468645388
0 0.8549999999893124 0.3545966228826529 0.11249999999859374 0.21013133207860915
0 0.689999999991375 0.23452157598059056 0.08249999999896875 0.12757973733344127
0 0.6962499999912969 0.14634146341188853 0.05999999999925 0.09756097560792568
0 0.5918749999926015 0.23733583489235766 0.09874999999876562 0.12570356472559654
0 0.5062499999936718 0.30956848029437956 0.09999999999874999 0.183864915568783
0 0.42499999999468746 0.1688555347060252 0.0849999999989375 0.13883677298050962
0 0.47062499999411717 0.1022514071275375 0.07124999999910937 0.129455909941286
0 0.2893749999963828 0.1622889305785687 0.08874999999889062 0.14821763601973326
0 0.1843749999976953 0.17636022513740413 0.08624999999892187 0.13508442776482016
0 0.22124999999723435 0.05628517823534174 0.0649999999991875 0.09005628517654678
0 0.048124999999398434 0.19043151969623956 0.09124999999885937 0.18198874296093828
