0 3550000000.0 27650000000.0 5300000000.0 5500000000.0
0 4900000000.0 21650000000.0 3600000000.0 3500000000.0
0 5250000000.0 18900000000.0 2300000000.0 2200000000.0
0 4900000000.0 16050000000.0 1600000000.0 1500000000.0
0 9750000000.0 15900000000.0 1300000000.0 1000000000.0
0 10450000000.0 15200000000.0 1100000000.0 1200000000.0
0 11800000000.0 16750000000.0 1400000000.0 1500000000.0
0 14000000000.0 18100000000.0 2400000000.0 2400000000.0
0 17850000000.0 21200000000.0 3700000000.0 3600000000.0
0 23200000000.0 25250000000.0 4600000000.0 5700000000.0
0 27900000000.0 18200000000.0 1800000000.0 2000000000.0
0 23400000000.0 16800000000.0 1600000000.0 1600000000.0
0 24750000000.0 16050000000.0 1300000000.0 1500000000.0
0 22750000000.0 15300000000.0 1100000000.0 1200000000.0
0 20750000000.0 16150000000.0 1700000000.0 1500000000.0
0 18850000000.0 15250000000.0 1100000000.0 1100000000.0
0 35400000000.0 20550000000.0 3400000000.0 3500000000.0
0 36150000000.0 16800000000.0 1700000000.0 1600000000.0
0 36750000000.0 15750000000.0 1300000000.0 1300000000.0
0 31450000000.0 16150000000.0 1100000000.0 1500000000.0
0 32650000000.0 16100000000.0 1100000000.0 1200000000.0
0 42400000000.0 20100000000.0 2600000000.0 2800000000.0
0 39800000000.0 16750000000.0 1400000000.0 1500000000.0
0 46350000000.0 18200000000.0 2500000000.0 2200000000.0
0 51600000000.0 17700000000.0 2200000000.0 2000000000.0
0 52850000000.0 25400000000.0 4300000000.0 5400000000.0
