0 0.037280701753977186 0.33691406249341965 0.0460526315784424 0.08007812499843597
0 0.07949561403421605 0.38867187499240874 0.04934210526261686 0.09765624999809265
0 0.19846491227852558 0.37402343749269484 0.03508771929786088 0.06835937499866486
0 0.22478070175192125 0.4609374999909973 0.05263157894679132 0.10546874999794006
0 0.24232456140085168 0.3095703124939537 0.03070175438562827 0.06835937499866486
0 0.29605263157570116 0.29296874999427797 0.024122807017279355 0.05468749999893188
0 0.31853070175089326 0.34472656249326705 0.027412280701453812 0.05273437499897003
0 0.35087719297860875 0.3759765624926567 0.043859649122326094 0.07617187499851227
0 0.3760964912239463 0.45898437499103545 0.06798245613960545 0.12109374999763489
0 0.402960526311371 0.35253906249311445 0.033991228069802724 0.06835937499866486
0 0.42763157894267945 0.3124999999938965 0.02631578947339566 0.05859374999885559
0 0.4561403508721914 0.3828124999925232 0.0460526315784424 0.07812499999847412
0 0.5433114035028145 0.3710937499927521 0.04495614035038425 0.07812499999847412
0 0.5723684210463555 0.32226562499370576 0.03070175438562827 0.062499999998779296
0 0.6233552631510597 0.2832031249944687 0.029605263157570116 0.05468749999893188
0 0.6408991227999901 0.3535156249930954 0.05372807017484947 0.11718749999771118
0 0.6255482456071759 0.47265624999076844 0.08223684210436143 0.16015624999687195
0 0.748355263149689 0.3867187499924469 0.06030701754319839 0.11718749999771118
0 0.9462719298141855 0.24511718749521255 0.037280701753977186 0.08007812499843597
