0 0.16999999999716667 0.34987593051241 0.09333333333177778 0.16377171215474512
0 0.2699999999955 0.4789081885737243 0.04666666666588889 0.06947890818686156
0 0.2791666666620139 0.5397022332372282 0.051666666665805557 0.08188585607737256
0 0.32333333332794445 0.5024813895656952 0.04666666666588889 0.07196029776496377
0 0.34999999999416664 0.5607940446510968 0.053333333332444444 0.09429280396788355
0 0.40999999999316666 0.5471464019715347 0.06333333333227778 0.10173697270219015
0 0.4824999999919583 0.5397022332372282 0.061666666665638886 0.12158808932700774
0 0.5708333333238195 0.523573200979564 0.051666666665805557 0.07940446649927035
0 0.5958333333234027 0.5992555831116809 0.061666666665638886 0.12158808932700774
0 0.49999999999166667 0.7531017369540173 0.10666666666488889 0.20595533498248247
0 0.6833333333219445 0.7196029776496375 0.119999999998 0.19354838709197147
0 0.7091666666548472 0.6029776674788343 0.07833333333202777 0.12406947890510993
0 0.6758333333220694 0.46898263026131554 0.038333333332694446 0.06451612903065716
0 0.7374999999877083 0.4665012406832133 0.04499999999925 0.06451612903065716
0 0.7866666666535556 0.4962779156204397 0.04999999999916667 0.08436724565547475
0 0.7791666666536805 0.3759305210824831 0.024999999999583335 0.05707196029635057
0 0.8791666666520139 0.32754342430949024 0.09166666666513888 0.1538461538423363
0 0.59999999999 0.46898263026131554 0.03333333333277778 0.059553349874452766
