0 0.09751157407379192 0.5944010416640868 0.0931712962960267 0.16449652777706383
0 0.2434895833326288 0.5618489583308948 0.06568287037018032 0.11328124999950834
0 0.32132523148055175 0.5516493055531613 0.04774305555541741 0.0868055555551788
0 0.366174768517459 0.5245225694421679 0.04195601851839712 0.07421874999967787
0 0.4130497685173234 0.49739583333117454 0.03501157407397277 0.0651041666663841
0 0.5655381944428081 0.47569444444237985 0.03443287037027074 0.0651041666663841
0 0.6872106481461597 0.5230034722199522 0.0515046296294806 0.09635416666624846
0 0.704137731479444 0.47808159722014726 0.04832175925911944 0.0724826388885743
0 0.7157118055534847 0.43728298610921323 0.04137731481469509 0.06901041666636715
0 0.8376736111086873 0.5666232638864296 0.11979166666632005 0.2096354166657568
