0 0.17058975685418887 0.1956943366943534 0.25219865493985466 0.38595810705823913
0 0.2778065183645168 0.22827773467715953 0.07553026383839749 0.1695112490295985
0 0.39394723228040884 0.33533747090637966 0.061562338334036314 0.1446858029474605
0 0.44800827728802894 0.39856477889682485 0.09156751163970107 0.1749418153600662
0 0.3555354371434156 0.5527540729226038 0.1285566476975464 0.22963537625977645
0 0.46727884117830504 0.2744375484861349 0.0711329539573949 0.14235841737726007
0 0.6508018623883839 0.3110938712167918 0.07759958613533989 0.15283165244316205
0 0.724262803929839 0.4039953452272925 0.10967408173794704 0.16873545383953167
0 0.6396792550423185 0.5868890612855435 0.11691670977724543 0.20946470131803935
0 0.6809363683376075 0.19666408068193694 0.0763062596997509 0.14041892940209302
0 0.8836006207944035 0.3665632273065688 0.09311950336240787 0.1823118696657009
0 0.9677961717512473 0.5325833979808667 0.06440765649233211 0.22730799068957602
0 0.859803414379566 0.27851047323398564 0.09311950336240787 0.19937936384717078
