0 0.13799999999724 0.32749999998362495 0.06799999999864 0.16499999999175
0 0.05599999999888 0.559999999972 0.03599999999928 0.09999999999499999
0 0.21099999999577998 0.522499999973875 0.0299999999994 0.07499999999625
0 0.28099999999437997 0.559999999972 0.037999999999239996 0.09999999999499999
0 0.299999999994 0.47749999997612497 0.02399999999952 0.08499999999574999
0 0.32199999999356 0.51499999997425 0.03199999999936 0.08999999999549999
0 0.38299999999233997 0.5199999999739999 0.037999999999239996 0.1099999999945
0 0.39799999999204 0.42249999997887494 0.02799999999944 0.07499999999625
0 0.41599999999167997 0.49999999997499994 0.03199999999936 0.07999999999599999
0 0.51899999998962 0.457499999977125 0.03399999999932 0.09499999999525
0 0.7549999999849 0.299999999985 0.09799999999804 0.24999999998749997
0 0.8969999999820599 0.197499999990125 0.149999999997 0.37499999998124994
