0 0.09750566893202935 0.7014388488956317 0.077097505667186 0.12230215826898194
0 0.04761904761796782 0.6564748201202707 0.058956916098436354 0.10431654675883753
0 0.017006802720702794 0.5917266186837509 0.029478458049218177 0.06834532373854874
0 0.1303854875253881 0.5701438848715775 0.03401360544140559 0.06115107913449097
0 0.20294784580038666 0.5593525179654909 0.029478458049218177 0.06115107913449097
0 0.21768707482499577 0.6924460431405595 0.08616780045156082 0.1474820143831841
0 0.41043083899296073 0.7482014388220072 0.1133786848046853 0.15107913668521297
0 0.3446712018062433 0.5791366906266497 0.049886621314061526 0.08633093524869313
0 0.3571428571347587 0.4550359712066534 0.029478458049218177 0.053956834530433206
0 0.47845804987577195 0.6133093524959241 0.058956916098436354 0.1115107913628953
0 0.6122448979453006 0.6097122301938952 0.058956916098436354 0.11870503596695306
