0 0.057971014492053496 0.30117753622915605 0.05072463768054681 0.04076086956484819
0 0.11111111110976919 0.319746376808698 0.04106280193187122 0.04166666666628926
0 0.1491545893701793 0.33469202898247563 0.05676328502346904 0.04076086956484819
0 0.2149758454080317 0.34510869564904795 0.06038647342922239 0.05615942028934639
0 0.3043478260832808 0.37047101448939795 0.07246376811506687 0.0652173913037571
0 0.3592995169038732 0.40262681159055597 0.06642512077214463 0.06068840579655174
0 0.45893719806209016 0.4148550724600104 0.08212560386374244 0.07065217391240353
0 0.5241545893656503 0.44836956521333005 0.08695652173808024 0.07065217391240353
0 0.6304347826010818 0.47056159419863625 0.11352657004693809 0.09510869565131243
0 0.8242753623088857 0.587862318835255 0.1292270531385359 0.10507246376716421
