0 0.10541666666578821 0.27833333333024074 0.06416666666613195 0.06999999999922223
0 0.14624999999878127 0.25999999999711115 0.042499999999645835 0.05777777777713581
0 0.04708333333294098 0.3111111111076543 0.05249999999956251 0.07333333333251853
0 0.26791666666443403 0.303333333329963 0.062499999999479174 0.07999999999911112
0 0.3433333333304723 0.2638888888859568 0.06499999999945834 0.09888888888779013
0 0.34166666666381945 0.17166666666475927 0.03833333333301389 0.05666666666603704
0 0.42416666666313196 0.18166666666464817 0.03666666666636111 0.05666666666603704
0 0.47208333332939934 0.2572222222193642 0.042499999999645835 0.05222222222164198
0 0.44208333332964933 0.23333333333074077 0.03249999999972917 0.055555555554938275
0 0.5187499999956772 0.28777777777458025 0.05583333333286806 0.08888888888790124
0 0.5174999999956875 0.22999999999744447 0.05499999999954167 0.06666666666592592
0 0.5454166666621216 0.16555555555371607 0.044166666666298614 0.06666666666592592
0 0.6066666666616112 0.20166666666442595 0.04333333333297223 0.05888888888823457
0 0.6729166666610591 0.24944444444167285 0.044166666666298614 0.06999999999922223
0 0.7349999999938751 0.2744444444413951 0.06499999999945834 0.09777777777669136
0 0.9570833333253578 0.1616666666648704 0.05749999999952084 0.10777777777658025
0 0.6637499999944688 0.20166666666442595 0.03416666666638195 0.05222222222164198
