0 0.2509090909045289 0.47936893202719977 0.06909090908965289 0.08980582524053869
0 0.3927272727201322 0.547330097074094 0.06909090908965289 0.08980582524053869
0 0.6154545454433553 0.43932038833885145 0.059999999998909086 0.10194174757034122
0 0.6918181818056033 0.5606796116368767 0.05272727272631405 0.07766990291073617
0 0.8090909090761983 0.5509708737730347 0.05454545454446281 0.08737864077457819
0 0.2745454545404628 0.7487864077488159 0.05454545454446281 0.08980582524053869
0 0.3245454545395537 0.7645631067775591 0.07454545454409917 0.09708737863842021
0 0.34454545453919005 0.8665048543479004 0.08181818181669422 0.11165048543418324
0 0.375454545447719 0.936893203860755 0.1145454545433719 0.12621359222994627
0 0.5527272727172231 0.807038834931868 0.06545454545335537 0.0946601941724597
0 0.6372727272611405 0.7827669902722629 0.07454545454409917 0.11407766990014374
0 0.700909090896347 0.8531553397851176 0.10363636363447933 0.13349514562782777
0 0.7881818181674876 0.7317961164870923 0.07090909090780165 0.0946601941724597
0 0.8936363636201157 0.9223300970649919 0.1145454545433719 0.15533980582147233
0 0.9272727272558677 0.821601941727631 0.08363636363484298 0.11407766990014374
0 0.9763636363458842 0.7475728155158357 0.047272727271867765 0.09708737863842021
