0 0.08111111111020988 0.397499999993375 0.11999999999866667 0.16166666666397222
0 0.09777777777669136 0.3166666666613889 0.06666666666592592 0.07999999999866667
0 0.01999999999977778 0.3024999999949583 0.03777777777735803 0.08833333333186111
0 0.025555555555271607 0.2566666666623889 0.03777777777735803 0.059999999999
0 0.04666666666614815 0.2366666666627222 0.028888888888567905 0.04999999999916667
0 0.06666666666592592 0.2458333333292361 0.028888888888567905 0.05833333333236111
0 0.06944444444367284 0.21583333332973612 0.027777777777469138 0.038333333332694446
0 0.1033333333321852 0.2749999999954167 0.0355555555551605 0.059999999999
0 0.142222222220642 0.2741666666620972 0.03333333333296296 0.05499999999908333
0 0.1316666666652037 0.2458333333292361 0.023333333333074077 0.034999999999416664
0 0.1544444444427284 0.23916666666268055 0.031111111110765435 0.048333333332527775
0 0.17777777777580248 0.24416666666259723 0.02222222222197531 0.04166666666597222
0 0.19722222222003088 0.24833333332919444 0.027777777777469138 0.03999999999933333
0 0.23055555555299384 0.2641666666622639 0.02999999999966667 0.04166666666597222
0 0.2288888888863457 0.3699999999938333 0.06888888888812346 0.11666666666472222
0 0.3194444444408951 0.3508333333274861 0.05888888888823457 0.10499999999825
0 0.2633333333304074 0.2941666666617639 0.028888888888567905 0.051666666665805557
0 0.2855555555523827 0.277499999995375 0.02222222222197531 0.034999999999416664
0 0.2572222222193642 0.24499999999591665 0.021111111110876546 0.03666666666605556
0 0.2716666666636482 0.2416666666626389 0.014444444444283952 0.0299999999995
0 0.2866666666634815 0.24416666666259723 0.013333333333185187 0.024999999999583335
0 0.2938888888856235 0.2608333333289861 0.014444444444283952 0.02833333333286111
0 0.30777777777435805 0.2783333333286944 0.01999999999977778 0.03333333333277778
0 0.33611111110737657 0.25999999999566664 0.01666666666648148 0.026666666666222222
0 0.3216666666630926 0.24999999999583333 0.018888888888679015 0.03333333333277778
0 0.341111111107321 0.31083333332815277 0.031111111110765435 0.04499999999925
0 0.3572222222182531 0.2883333333285278 0.021111111110876546 0.04333333333261111
0 0.37166666666253706 0.25583333332906943 0.014444444444283952 0.024999999999583335
0 0.3844444444401729 0.26333333332894443 0.015555555555382718 0.03333333333277778
0 0.39888888888445684 0.2716666666621389 0.01777777777758025 0.0299999999995
0 0.38555555555127163 0.29916666666168057 0.02222222222197531 0.038333333332694446
0 0.4133333333287408 0.2966666666617222 0.026666666666370374 0.05666666666572222
0 0.42444444443972845 0.32833333332786113 0.01777777777758025 0.03333333333277778
0 0.42888888888412346 0.2741666666620972 0.013333333333185187 0.02833333333286111
0 0.44111111110620993 0.2741666666620972 0.011111111110987655 0.024999999999583335
0 0.4566666666615926 0.2833333333286111 0.01999999999977778 0.03666666666605556
0 0.4677777777725803 0.2816666666619722 0.015555555555382718 0.03333333333277778
0 0.5011111111055433 0.3208333333279861 0.031111111110765435 0.05499999999908333
0 0.5422222222161975 0.32499999999458334 0.028888888888567905 0.04666666666588889
0 0.5244444444386174 0.2949999999950833 0.02222222222197531 0.04333333333261111
0 0.5394444444384506 0.2799999999953333 0.01666666666648148 0.023333333332944444
0 0.5061111111054877 0.2841666666619306 0.014444444444283952 0.03166666666613889
0 0.4933333333278519 0.2824999999952917 0.013333333333185187 0.024999999999583335
0 0.48055555555021606 0.26916666666218053 0.007777777777691359 0.021666666666305553
0 0.6694444444370062 0.2366666666627222 0.021111111110876546 0.03999999999933333
