0 0.14857142856930614 0.4060092449860399 0.14571428571220407 0.18644067796322897
0 0.3428571428522449 0.23035439136779115 0.10571428571277551 0.12788906009047937
0 0.6149999999912142 0.49152542372124 0.1471428571407551 0.2095531587024722
0 0.7457142857036326 0.23574730354028126 0.08571428571306122 0.12326656394263072
0 0.7285714285610204 0.06394453004523969 0.07428571428465307 0.10323574730195323
0 0.8771428571303266 0.10246533127731179 0.07142857142755102 0.08474576271055861
0 0.9657142857004898 0.106317411400519 0.05999999999914286 0.10169491525267034
0 0.5785714285631632 0.0916795069323316 0.07999999999885714 0.09090909090769016
0 0.5342857142780816 0.16795069337183435 0.09428571428436734 0.11710323574549919
0 0.4971428571357551 0.08166409861199285 0.06857142857044898 0.08320493066127574
0 0.2671428571390408 0.1047765793512361 0.08285714285595919 0.0770416024641442
0 0.2178571428540306 0.04930662557705229 0.06428571428479592 0.07395993836557843
0 0.09285714285581632 0.05624036979882527 0.06571428571334693 0.07858243451342709
