0 0.02974232456132198 0.4638157894717771 0.02933114035079679 0.04934210526295501
0 0.053042763157749334 0.47121710526122035 0.030975877192897544 0.04111842105246251
0 0.09169407894711706 0.497327302629534 0.04248903508760283 0.056332236841873634
0 0.1195175438593215 0.5082236842084366 0.049890350877056226 0.07401315789443251
0 0.15172697368379462 0.44346217105080815 0.030975877192897544 0.03906249999983938
0 0.1739309210521548 0.4627878289454655 0.028782894736763206 0.04317434210508563
0 0.1853070175433517 0.5524259868398338 0.049890350877056226 0.07195723684180938
0 0.2926260964904259 0.48951480262956615 0.04248903508760283 0.055509868420824386
0 0.3445723684201081 0.5034950657874034 0.04385964912268679 0.058799342105021385
0 0.4162554824549993 0.5261101973662577 0.050164473684073015 0.06702302631551388
0 0.573876096489655 0.5610608552608509 0.041940789473569245 0.058799342105021385
0 0.5320723684195942 0.44531249999816896 0.024122807017477734 0.037006578947216255
0 0.5951206140334564 0.4638157894717771 0.024122807017477734 0.045230263157708755
0 0.7072368421033245 0.4202302631561668 0.027412280701679243 0.04440789473665951
0 0.9544956140324713 0.5923108552607224 0.08223684210503773 0.13363486842050315
