0 0.1843749999976953 0.5999999999866666 0.09624999999879687 0.16444444444079012
0 0.03312499999958594 0.5044444444332346 0.04124999999948437 0.08888888888691357
0 0.35124999999560935 0.40888888887980246 0.03249999999959375 0.06666666666518518
0 0.43124999999460933 0.4122222222130617 0.024999999999687498 0.04666666666562963
0 0.4831249999939609 0.4122222222130617 0.04124999999948437 0.06888888888735802
0 0.553124999993086 0.4799999999893333 0.05374999999932812 0.09333333333125926
0 0.586874999992664 0.4377777777680494 0.036249999999546874 0.08444444444256789
0 0.6943749999913202 0.4055555555465432 0.03874999999951562 0.0733333333317037
0 0.7674999999904062 0.545555555543432 0.07749999999903125 0.1622222222186173
0 0.7256249999909297 0.6822222222070617 0.10624999999867187 0.19555555555120988
0 0.8699999999891249 0.4177777777684938 0.027499999999656247 0.06666666666518518
0 0.9231249999884609 0.46111111110086417 0.04374999999945312 0.08666666666474074
0 0.9424999999882187 0.3999999999911111 0.03749999999953125 0.08444444444256789
