0 0.03182870370358091 0.4884259259230994 0.061342592592355936 0.11574074074007096
0 0.08410493827128046 0.48726851851569875 0.055555555555341224 0.11805555555487238
0 0.16396604938208348 0.4754050925898415 0.05709876543187848 0.10011574074016139
0 0.203896604937485 0.4693287037009877 0.04205246913564023 0.06828703703664186
0 0.19425154320912713 0.4340277777752661 0.033564814814685325 0.05671296296263477
0 0.23514660493736442 0.445312499997423 0.048225308641789255 0.08159722222175003
0 0.2656249999989752 0.4785879629601934 0.03279320987641669 0.07754629629584754
0 0.11168981481438392 0.7207754629587919 0.1562499999993972 0.22511574073943802
0 0.21199845678930557 0.6183449074038291 0.09915123456751872 0.17997685185081033
0 0.30189043209760075 0.6487268518480978 0.1315586419748011 0.23263888888754264
0 0.42611882715884986 0.6276041666630348 0.08680555555522067 0.14641203703618977
0 0.4616126543192068 0.5899884259225117 0.058256172839281424 0.11053240740676776
0 0.42978395061562585 0.5486111111079364 0.06944444444417652 0.08796296296245393
0 0.43518518518350624 0.4875578703675489 0.05632716049360985 0.09432870370315782
0 0.47164351851669895 0.5257523148117723 0.046682098765252 0.08159722222175003
0 0.4681712962944901 0.45659722221957993 0.04436728395044612 0.07754629629584754
0 0.4998070987635039 0.46701388888618633 0.03973765432083435 0.0729166666662447
0 0.5235339506152642 0.45399305555292835 0.037808641975162774 0.07465277777734577
0 0.5497685185163975 0.4606481481454824 0.05169753086399809 0.07754629629584754
0 0.5015432098746083 0.26273148147996106 0.036265432098625525 0.07638888888844683
0 0.8711419753052811 0.4123263888865028 0.04012345678996866 0.06076388888853725
0 0.9008487654286234 0.6006944444409683 0.10030864197492165 0.1921296296285178
0 0.9027777777742949 0.44994212962702584 0.04012345678996866 0.06192129629593796
0 0.912808641971787 0.48668981481199836 0.048611111110923574 0.08564814814765251
