0 0.05156249999946289 0.4541666666603588 0.05937499999938151 0.08055555555443673
0 0.14010416666520725 0.44166666666053245 0.042708333332888454 0.05833333333252315
0 0.12135416666540257 0.41180555554983606 0.042708333332888454 0.05138888888817516
0 0.07916666666584202 0.4131944444387056 0.03124999999967448 0.05138888888817516
0 0.18854166666470268 0.4701388888823592 0.04374999999954427 0.07638888888782794
0 0.23697916666419813 0.6187499999914062 0.10104166666561415 0.14861111110904707
0 0.33697916666315647 0.5354166666592304 0.09270833333236762 0.14583333333130788
0 0.2729166666638238 0.4562499999936632 0.06041666666603732 0.07638888888782794
0 0.33072916666322155 0.4249999999940972 0.021874999999772136 0.04444444444382716
0 0.34999999999635417 0.41388888888314046 0.027083333333051216 0.05277777777704475
0 0.3708333333294705 0.42638888888296683 0.024999999999739585 0.04999999999930556
0 0.39947916666250544 0.43541666666061923 0.036458333332953556 0.054166666665914354
0 0.4307291666621799 0.41874999999418405 0.0260416666663954 0.04861111111043596
0 0.4598958333285427 0.43749999999392364 0.04062499999957682 0.06388888888800155
0 0.4432291666620497 0.3388888888841821 0.023958333333083767 0.038888888888348766
0 0.5104166666613498 0.43333333332731483 0.03333333333298611 0.05277777777704475
0 0.5322916666611219 0.40277777777218365 0.02291666666642795 0.038888888888348766
0 0.5656249999941081 0.3923611111056617 0.02291666666642795 0.03472222222173997
0 0.5619791666608127 0.5618055555477527 0.13020833333197698 0.20694444444157023
0 0.6932291666594456 0.4826388888821856 0.04687499999951172 0.08472222222104553
0 0.6546874999931803 0.4402777777716628 0.03020833333301866 0.04999999999930556
0 0.622916666660178 0.3993055555500097 0.024999999999739585 0.037499999999479165
0 0.6755208333262966 0.41805555554974927 0.0260416666663954 0.03611111111060957
0 0.6937499999927734 0.39999999999444447 0.029166666666362848 0.04444444444382716
0 0.7458333333255642 0.3493055555507041 0.02291666666642795 0.037499999999479165
0 0.7692708333253201 0.491666666659838 0.05104166666613498 0.09444444444313271
0 0.7401041666589573 0.42986111110514086 0.03229166666633029 0.04861111111043596
0 0.7624999999920573 0.4111111111054013 0.02083333333311632 0.03333333333287037
0 0.7843749999918295 0.4062499999943577 0.018749999999804687 0.037499999999479165
0 0.8088541666582411 0.4201388888830536 0.021874999999772136 0.05138888888817516
0 0.8458333333245226 0.429166666660706 0.02291666666642795 0.04166666666608797
0 0.8723958333242459 0.4402777777716628 0.036458333332953556 0.06666666666574074
0 0.9093749999905273 0.42986111110514086 0.03333333333298611 0.05694444444365355
0 0.9374999999902344 0.4652777777713156 0.0458333333328559 0.07222222222121914
0 0.8671874999909668 0.526388888881578 0.05937499999938151 0.09444444444313271
0 0.9828124999897624 0.4409722222160976 0.03229166666633029 0.05694444444365355
0 0.9406249999902018 0.41180555554983606 0.02291666666642795 0.04305555555495756
