0 0.02545454545408264 0.5835616438196284 0.047272727271867765 0.07123287671037717
0 0.07363636363502479 0.6136986301201727 0.05636363636261157 0.07123287671037717
0 0.06272727272613222 0.564383561628373 0.03818181818112396 0.05479452054644399
0 0.06909090908965289 0.5328767123141678 0.029090909090380163 0.046575342464477386
0 0.11545454545244627 0.5328767123141678 0.027272727272231404 0.046575342464477386
0 0.13090909090671074 0.5109589040955902 0.02545454545408264 0.03561643835518859
0 0.14909090908819833 0.5013698629999624 0.021818181817785123 0.03287671232786639
0 0.12636363636133882 0.66027397258465 0.08909090908928925 0.11506849314753237
0 0.19727272726914047 0.6356164383387503 0.11090909090707438 0.14246575342075435
0 0.19727272726914047 0.5260273972458622 0.027272727272231404 0.04383561643715519
0 0.23090909090489253 0.5273972602595234 0.03999999999927272 0.07397260273769939
0 0.3054545454489917 0.5068493150546068 0.0181818181814876 0.04383561643715519
0 0.3236363636304793 0.5109589040955902 0.029090909090380163 0.057534246573766185
0 0.318181818176033 0.47123287669941827 0.029090909090380163 0.03835616438251079
0 0.39454545453828094 0.5287671232731844 0.061818181817057845 0.10410958903824358
0 0.43454545453755367 0.4589041095764684 0.021818181817785123 0.04109589040983299
0 0.504545454536281 0.5178082191638956 0.08909090908928925 0.15890410958468756
0 0.542727272717405 0.47397260272674047 0.049090909090016524 0.08219178081966598
0 0.6827272727148594 0.40273972601636326 0.06727272727150413 0.11506849314753237
