0 0.12636363636133882 0.6021798364958535 0.11818181817966941 0.1689373296956693
0 0.3154545454488099 0.5653950953524416 0.07818181818039668 0.15531335149440564
0 0.3436363636301157 0.4100817438580359 0.05454545454446281 0.09536784740884557
0 0.3463636363573388 0.16757493187554293 0.05272727272631405 0.0899182561283401
0 0.48272727271849586 0.47956403268448056 0.06727272727150413 0.11989100817112014
0 0.6490909090791074 0.764305177090891 0.15636363636079337 0.2152588555799657
0 0.7727272727132231 0.5940054495750953 0.09818181818003305 0.13623978201263653
0 0.6672727272605949 0.354223433232855 0.047272727271867765 0.070844686646571
0 0.7263636363504297 0.33923705721146497 0.04181818181742149 0.0626702997258128
0 0.7654545454406281 0.3828337874555086 0.05454545454446281 0.08446866484783465
0 0.8218181818032396 0.3487738419523495 0.03999999999927272 0.07629427792707645
0 0.8954545454382644 0.3596730245133604 0.05272727272631405 0.08174386920758192
0 0.959090909073471 0.4359673024404369 0.07090909090780165 0.13079019073213105
