0 0.48699999999026 0.4429429429296413 0.01799999999964 0.03303303303204105
0 0.8249999999834999 0.7642642642413133 0.10599999999788 0.1711711711660309
0 0.87599999998248 0.6816816816612107 0.07199999999856 0.10810810810486161
0 0.9599999999808 0.6276276276087799 0.051999999998959996 0.10210210209903596
0 0.87899999998242 0.5630630630461542 0.037999999999239996 0.06306306306116927
0 0.86299999998274 0.5465465465301337 0.0299999999994 0.05405405405243081
0 0.78199999998436 0.5810810810636312 0.04399999999912 0.08108108107864621
0 0.75799999998484 0.5450450450286772 0.03599999999928 0.06306306306116927
0 0.7319999999853599 0.6591591591393645 0.06799999999864 0.08708708708447185
0 0.7049999999859 0.5885885885709132 0.04599999999908 0.060060060058256454
0 0.6739999999865199 0.5630630630461542 0.03599999999928 0.05105105104951798
0 0.6849999999863 0.5450450450286772 0.03399999999932 0.06306306306116927
0 0.65699999998686 0.6066066065883902 0.049999999999 0.08408408408155903
0 0.64199999998716 0.6531531531335389 0.04799999999904 0.08708708708447185
0 0.6099999999878 0.6801801801597543 0.07199999999856 0.11111111110777443
0 0.6849999999863 0.8858858858592826 0.18599999999628 0.2282282282213745
0 0.45199999999095997 0.6996996996786876 0.07999999999839999 0.13813813813398984
0 0.5359999999892799 0.609609609591303 0.051999999998959996 0.08408408408155903
0 0.55199999998896 0.5630630630461542 0.03199999999936 0.05705705705534363
0 0.6049999999879 0.5480480480315901 0.0299999999994 0.04504504504369234
0 0.47599999999048 0.584084084066544 0.039999999999199995 0.07507507507282056
0 0.5029999999899399 0.5660660660490671 0.037999999999239996 0.05705705705534363
0 0.51799999998964 0.5450450450286772 0.02399999999952 0.05105105104951798
0 0.4299999999914 0.5345345345184824 0.03199999999936 0.04804804804660516
0 0.41699999999166 0.6126126125942158 0.0699999999986 0.11411411411068725
0 0.37099999999258 0.6456456456262568 0.053999999998919995 0.10210210209903596
0 0.35699999999286 0.5825825825650875 0.04199999999916 0.07807807807573339
0 0.36999999999259997 0.5480480480315901 0.03199999999936 0.05105105104951798
0 0.2899999999942 0.540540540524308 0.039999999999199995 0.07207207206990773
0 0.2899999999942 0.6186186186000414 0.04799999999904 0.09609609609321032
0 0.28299999999434 0.7672672672442261 0.10199999999796 0.16516516516020524
0 0.2399999999952 0.6891891891684928 0.07199999999856 0.12312312311942572
0 0.21099999999577998 0.5570570570403286 0.04199999999916 0.06906906906699492
0 0.11299999999773999 0.6066066065883902 0.06599999999868 0.11411411411068725
0 0.07199999999856 0.7837837837602467 0.11199999999776 0.18018018017476936
0 0.04299999999914 0.5495495495330465 0.04599999999908 0.0660660660640821
0 0.07999999999839999 0.540540540524308 0.03599999999928 0.060060060058256454
0 0.15199999999695998 0.5510510510345029 0.03199999999936 0.05705705705534363
0 0.12299999999754 0.5240240240082875 0.0299999999994 0.039039039037866693
0 0.02899999999942 0.6696696696495594 0.053999999998919995 0.14414414413981547
0 0.0249999999995 0.5195195195039183 0.0299999999994 0.04204204204077951
