0 0.8561151078982714 0.6274271844507906 0.08633093525024585 0.12378640776398576
0 0.10521582733623713 0.5242718446474691 0.03776978417198256 0.058252427183052125
0 0.1708633093494449 0.5194174757155481 0.028776978416748616 0.058252427183052125
0 0.2023381294927637 0.547330097074094 0.05575539568245044 0.08495145630861768
0 0.24910071941998022 0.48665048542508127 0.023381294963608253 0.03640776698940758
0 0.2823741007143458 0.48543689319210104 0.02517985611465504 0.03883495145536808
0 0.30305755395138384 0.5788834951315804 0.06654676258873117 0.09951456310438071
0 0.3372302158212728 0.49514563105594306 0.03776978417198256 0.058252427183052125
0 0.4064748201365742 0.48058252426018 0.02517985611465504 0.03883495145536808
0 0.408273381287621 0.5388349514432321 0.043165467625122925 0.06796116504689415
0 0.4658273381211182 0.6031553397911855 0.07553956834396512 0.11407766990014374
0 0.44784172661065036 0.4939320388229628 0.017985611510467885 0.03155339805748657
0 0.47841726617844577 0.4745145630952788 0.021582733812561462 0.03155339805748657
0 0.49010791366024986 0.4817961164931603 0.019784172661514672 0.03640776698940758
0 0.5134892086238582 0.4684466019303775 0.01258992805732752 0.029126213591526062
0 0.5296762589832792 0.46116504853249596 0.0161870503594211 0.024271844659605052
0 0.5620503597021214 0.4745145630952788 0.023381294963608253 0.026699029125565557
0 0.6034172661761975 0.47815533979421954 0.026978417265701826 0.03398058252344707
0 0.6115107913559081 0.5266990291134296 0.039568345323029344 0.06796116504689415
0 0.654676258981031 0.6140776698880078 0.07194244604187154 0.10679611650226223
0 0.8264388489059993 0.5327669902783309 0.03417266186988898 0.05582524271709162
0 0.7419064748068003 0.47936893202719977 0.026978417265701826 0.04126213592132859
0 0.7203237409942388 0.47815533979421954 0.0161870503594211 0.03398058252344707
0 0.6735611510670223 0.4963592232889233 0.026978417265701826 0.03640776698940758
0 0.6744604316425457 0.4271844660090489 0.010791366906280731 0.024271844659605052
0 0.7104316546634815 0.42839805824202914 0.017985611510467885 0.021844660193644547
0 0.7473021582599406 0.4332524271739502 0.019784172661514672 0.021844660193644547
0 0.7886690647340168 0.46966019416335775 0.019784172661514672 0.026699029125565557
0 0.8246402877549526 0.48058252426018 0.019784172661514672 0.029126213591526062
0 0.8426258992654204 0.4635922329984565 0.0161870503594211 0.029126213591526062
0 0.8714028776821691 0.47087378639633803 0.019784172661514672 0.029126213591526062
0 0.8992805755233942 0.475728155328259 0.017985611510467885 0.029126213591526062
0 0.9109712230051984 0.4635922329984565 0.0161870503594211 0.029126213591526062
0 0.9271582733646195 0.4526699029016342 0.019784172661514672 0.03155339805748657
0 0.9496402877527044 0.49271844658998254 0.02517985611465504 0.03883495145536808
0 0.9802158273204997 0.47694174756123925 0.021582733812561462 0.04126213592132859
0 0.8875899280415901 0.42111650484414764 0.01258992805732752 0.016990291261723536
0 0.8543165467472246 0.4186893203781871 0.014388489208374308 0.021844660193644547
0 0.8273381294815227 0.41383495144626614 0.017985611510467885 0.021844660193644547
0 0.7931654676116338 0.42839805824202914 0.017985611510467885 0.021844660193644547
