0 0.07874999999901562 0.4437148217552774 0.012499999999843749 0.02439024390198142
0 0.57999999999275 0.9427767354419742 0.09249999999884374 0.1069418386471493
0 0.6624999999917187 0.8114446528928434 0.07249999999909375 0.11069418386283875
0 0.6943749999913202 0.6904315196868587 0.05874999999926562 0.08255159474516788
0 0.7131249999910859 0.6228893058044486 0.04374999999945312 0.06754221388241008
0 0.7274999999909062 0.5684803001769515 0.0349999999995625 0.04502814258827339
0 0.7206249999909922 0.5337711069318242 0.036249999999546874 0.04690431519611812
0 0.7356249999908047 0.5112570356376874 0.028749999999640622 0.04315196998042867
0 0.7162499999910469 0.48405253282393895 0.024999999999687498 0.03377110694120504
0 0.16249999999796874 0.8883677298144771 0.07249999999909375 0.0994371482157704
0 0.33999999999575 0.8395872420105143 0.06249999999921875 0.08818011256870206
0 0.4287499999946406 0.6960600375103928 0.049999999999374996 0.07879924952947844
0 0.49687499999378903 0.6547842401378089 0.03874999999951562 0.06754221388241008
0 0.5518749999931015 0.6013133208142343 0.04124999999948437 0.06566604127456536
0 0.5874999999926562 0.5544090056181161 0.0399999999995 0.06566604127456536
0 0.6143749999923203 0.530956848020057 0.036249999999546874 0.05628517823534174
0 0.629999999992125 0.5121951219416098 0.027499999999656247 0.04878048780396284
0 0.6387499999920155 0.4821763602160942 0.024999999999687498 0.03377110694120504
0 0.023749999999703123 0.7795497185594831 0.04249999999946875 0.0844277673530126
0 0.1143749999985703 0.7195121951084519 0.04874999999939062 0.0769230769216337
0 0.03312499999958594 0.6688555346966443 0.033749999999578124 0.04690431519611812
0 0.10499999999868749 0.6360225140593616 0.03249999999959375 0.05253283301965229
0 0.04937499999938281 0.5956848029907 0.028749999999640622 0.04315196998042867
0 0.0449999999994375 0.5497185740985043 0.027499999999656247 0.03752345215689449
0 0.05312499999933593 0.5290806754122124 0.021249999999734374 0.030018761725515593
0 0.05812499999927343 0.4981238273827744 0.018749999999765624 0.02439024390198142
0 0.09999999999874999 0.5628517823534174 0.03249999999959375 0.04878048780396284
0 0.10874999999864061 0.5375234521475136 0.01999999999975 0.02439024390198142
0 0.09999999999874999 0.5112570356376874 0.01749999999978125 0.02439024390198142
0 0.129999999998375 0.48311444652001656 0.01749999999978125 0.02063789868629197
0 0.13874999999826562 0.5009380862945415 0.01749999999978125 0.026266416509826144
0 0.15124999999810937 0.5140712945494545 0.01999999999975 0.03377110694120504
0 0.16374999999795312 0.5422138836671254 0.024999999999687498 0.04127579737258394
0 0.17312499999783593 0.6022514071181566 0.031249999999609375 0.05628517823534174
0 0.2331249999970859 0.6763602251280232 0.04624999999942187 0.0769230769216337
0 0.31062499999611715 0.6388367729711287 0.04374999999945312 0.06191369605887591
0 0.2587499999967656 0.5778611632161752 0.03249999999959375 0.04502814258827339
0 0.2137499999973281 0.5356472795396688 0.027499999999656247 0.03939962476473922
0 0.20124999999748436 0.5056285178141533 0.01999999999975 0.03564727954904977
0 0.18624999999767186 0.4859287054317837 0.01749999999978125 0.026266416509826144
0 0.16874999999789062 0.4690431519611811 0.0149999999998125 0.022514071294136694
0 0.20312499999746092 0.4652908067454917 0.016249999999796875 0.022514071294136694
0 0.2193749999972578 0.47185741087294825 0.016249999999796875 0.02814258911767087
0 0.239999999997 0.4906191369513955 0.01999999999975 0.02814258911767087
0 0.2681249999966484 0.5084427767259204 0.026249999999671873 0.03752345215689449
0 0.31062499999611715 0.5318949343239794 0.026249999999671873 0.03564727954904977
0 0.38312499999521094 0.5656660412651845 0.033749999999578124 0.058161350843186466
0 0.44124999999448433 0.5375234521475136 0.03749999999953125 0.06191369605887591
0 0.479999999994 0.5225140712847558 0.03249999999959375 0.04690431519611812
0 0.39624999999504684 0.4859287054317837 0.027499999999656247 0.03752345215689449
0 0.369999999995375 0.5112570356376874 0.02249999999971875 0.04315196998042867
0 0.35687499999553907 0.4746716697847153 0.021249999999734374 0.04127579737258394
0 0.3137499999960781 0.4878048780396284 0.02249999999971875 0.04127579737258394
0 0.28249999999646874 0.46622889304941406 0.01999999999975 0.02439024390198142
0 0.2649999999966875 0.4446529080591997 0.0149999999998125 0.022514071294136694
0 0.23187499999710154 0.4502814258827339 0.016249999999796875 0.018761726078447245
0 0.31437499999607027 0.44934333957881156 0.021249999999734374 0.02814258911767087
0 0.3131249999960859 0.42213883676506303 0.016249999999796875 0.022514071294136694
0 0.3306249999958672 0.40900562851015 0.013749999999828124 0.022514071294136694
0 0.34624999999567185 0.40619136959838287 0.0149999999998125 0.02063789868629197
0 0.3593749999955078 0.4230769230689854 0.013749999999828124 0.02439024390198142
0 0.33687499999578907 0.4305816135003643 0.016249999999796875 0.02439024390198142
0 0.3393749999957578 0.45309568479450096 0.013749999999828124 0.02063789868629197
0 0.37499999999531247 0.43902439023566553 0.0149999999998125 0.026266416509826144
0 0.4106249999948672 0.4502814258827339 0.016249999999796875 0.026266416509826144
0 0.3943749999950703 0.42964352719644194 0.013749999999828124 0.026266416509826144
0 0.37687499999528906 0.4136960600297618 0.013749999999828124 0.02439024390198142
0 0.39312499999508593 0.40712945590230526 0.016249999999796875 0.022514071294136694
0 0.40624999999492184 0.40712945590230526 0.0149999999998125 0.026266416509826144
0 0.38999999999512497 0.3836772983042462 0.009999999999875 0.02063789868629197
0 0.3987499999950156 0.378048780480712 0.0149999999998125 0.02063789868629197
0 0.44187499999447655 0.3799249530885567 0.016249999999796875 0.02063789868629197
0 0.43124999999460933 0.4183864915493736 0.0149999999998125 0.026266416509826144
0 0.4431249999944609 0.40712945590230526 0.013749999999828124 0.026266416509826144
0 0.45624999999429683 0.4033771106866158 0.0149999999998125 0.018761726078447245
0 0.4387499999945156 0.4380863039317432 0.01749999999978125 0.02439024390198142
0 0.45124999999435933 0.43433395871605374 0.01999999999975 0.02439024390198142
0 0.4712499999941093 0.4212007504611407 0.0149999999998125 0.02439024390198142
0 0.48062499999399216 0.41744840524545124 0.011249999999859374 0.02439024390198142
0 0.4993749999937578 0.40900562851015 0.018749999999765624 0.022514071294136694
0 0.45187499999435154 0.48405253282393895 0.023749999999703123 0.04127579737258394
0 0.4662499999941718 0.4699812382651035 0.02249999999971875 0.03189493433336032
0 0.4949999999938125 0.4549718574023457 0.024999999999687498 0.03189493433336032
0 0.5087499999936406 0.44746716697096683 0.01999999999975 0.03189493433336032
0 0.5224999999934687 0.4333958724121314 0.012499999999843749 0.026266416509826144
0 0.5343749999933203 0.4202626641572183 0.016249999999796875 0.022514071294136694
0 0.5443749999931953 0.41651031894152885 0.011249999999859374 0.022514071294136694
0 0.5537499999930781 0.4024390243826934 0.0149999999998125 0.02063789868629197
0 0.5706249999928672 0.38742964351993564 0.013749999999828124 0.02063789868629197
0 0.5137499999935781 0.4934333958631626 0.029999999999625 0.04127579737258394
0 0.5387499999932656 0.4699812382651035 0.02249999999971875 0.04315196998042867
0 0.5574999999930312 0.46153846152980227 0.01999999999975 0.03752345215689449
0 0.5687499999928906 0.4512195121866563 0.0149999999998125 0.02814258911767087
0 0.57999999999275 0.4399624765395879 0.01749999999978125 0.02439024390198142
0 0.589999999992625 0.41932457785329597 0.01749999999978125 0.02439024390198142
0 0.5993749999925078 0.4080675422062276 0.013749999999828124 0.02814258911767087
0 0.6043749999924453 0.3958724202552369 0.016249999999796875 0.018761726078447245
0 0.6112499999923593 0.3846153846081685 0.009999999999875 0.018761726078447245
0 0.8962499999887968 0.8818011256870205 0.0849999999989375 0.14634146341188853
0 0.8724999999890937 0.742964352706511 0.06749999999915625 0.10131332082361513
0 0.8656249999891796 0.6613508442652655 0.05124999999935937 0.0769230769216337
0 0.8512499999893594 0.5909943714710882 0.0449999999994375 0.06378986866672064
0 0.8356249999895546 0.5497185740985043 0.033749999999578124 0.04502814258827339
0 0.8231249999897109 0.5206378986769111 0.028749999999640622 0.03564727954904977
0 0.8174999999897812 0.49530956847100727 0.029999999999625 0.03752345215689449
0 0.7993749999900077 0.47748592869648243 0.023749999999703123 0.03939962476473922
0 0.7962499999900469 0.4568480300101904 0.01999999999975 0.03564727954904977
0 0.7837499999902031 0.4455909943631221 0.01999999999975 0.02439024390198142
0 0.7799999999902499 0.43151969980428667 0.0149999999998125 0.026266416509826144
0 0.7693749999903827 0.4268292682846748 0.008749999999890625 0.02439024390198142
0 0.7662499999904219 0.41744840524545124 0.012499999999843749 0.02063789868629197
0 0.7562499999905469 0.4136960600297618 0.0149999999998125 0.02063789868629197
0 0.7518749999906015 0.4024390243826934 0.011249999999859374 0.02063789868629197
0 0.7481249999906484 0.39212007503954743 0.011249999999859374 0.022514071294136694
0 0.7287499999908906 0.3902439024317027 0.012499999999843749 0.018761726078447245
0 0.7349999999908124 0.4015009380787711 0.012499999999843749 0.018761726078447245
0 0.7031249999912109 0.3968105065591592 0.013749999999828124 0.02063789868629197
0 0.706874999991164 0.4212007504611407 0.018749999999765624 0.02814258911767087
0 0.7224999999909687 0.4521575984905786 0.01749999999978125 0.026266416509826144
0 0.6543749999918202 0.4652908067454917 0.013749999999828124 0.022514071294136694
0 0.6456249999919297 0.43527204501997613 0.016249999999796875 0.022514071294136694
0 0.6512499999918594 0.41932457785329597 0.0149999999998125 0.02439024390198142
0 0.6562499999917969 0.4015009380787711 0.0149999999998125 0.030018761725515593
