0 0.1979591836694294 0.33742331287308513 0.02857142857084548 0.05521472392468666
0 0.10510204081418159 0.8052147239016805 0.09591836734498126 0.13803680981171665
0 0.17040816326182842 0.6411042944588617 0.059183673468179925 0.0797546012245474
0 0.21734693877107455 0.6319018404714141 0.055102040815202 0.09815950919944295
0 0.1714285714250729 0.5843558282029339 0.02857142857084548 0.046012269937238885
0 0.20510204081214078 0.5659509202280383 0.0387755102032903 0.05214723926220407
0 0.220408163260808 0.8588957054951258 0.110204081630404 0.16564417177406
0 0.3244897959117451 0.6779141104086529 0.06938775510062474 0.11042944784937332
0 0.360204081625302 0.6441717791213444 0.055102040815202 0.09815950919944295
0 0.3132653061160558 0.6150306748277597 0.042857142856268224 0.05828220858716925
0 0.3102040816263224 0.590490797527899 0.03673469387680133 0.07055214723709963
0 0.4234693877464598 0.5828220858716925 0.042857142856268224 0.07361963189958222
0 0.47142857141895045 0.6303680981401727 0.04897959183573511 0.08895705521199518
0 0.4806122448881508 0.6794478527398942 0.05102040816222408 0.08895705521199518
0 0.5326530612136193 0.7975460122454741 0.110204081630404 0.19018404907392072
0 0.5683673469271762 0.6104294478340359 0.04693877550924615 0.061349693249651845
0 0.5448979591725531 0.5736196318842448 0.04081632652977926 0.061349693249651845
0 0.6499999999867347 0.6226993864839663 0.055102040815202 0.09815950919944295
0 0.7020408163122033 0.6150306748277597 0.04081632652977926 0.06441717791213444
0 0.7499999999846939 0.5996932515153468 0.04693877550924615 0.07055214723709963
0 0.7714285714128281 0.5751533742154861 0.03265306122382341 0.05828220858716925
0 0.7857142856982507 0.6134969324965185 0.03673469387680133 0.07361963189958222
0 0.7336734693727822 0.7361963189958222 0.06326530612115785 0.1165644171743385
0 0.824489795901541 0.8527607361701607 0.13469387754827156 0.21472392637378146
0 0.8275510203912745 0.6702453987524464 0.055102040815202 0.09509202453696036
0 0.8724489795740317 0.57975460120921 0.04693877550924615 0.061349693249651845
0 0.9602040816130571 0.7269938650083744 0.06734693877413578 0.09815950919944295
0 0.9653061224292795 0.6073619631715533 0.04081632652977926 0.06748466257461704
