0 0.15666666666536114 0.4731249999940859 0.0683333333327639 0.12124999999848438
0 0.13208333333223266 0.37187499999535156 0.03416666666638195 0.07874999999901562
0 0.02874999999976042 0.39624999999504684 0.05083333333290973 0.079999999999
0 0.20083333333165973 0.36312499999546094 0.04833333333293056 0.09624999999879687
0 0.3658333333302848 0.6412499999919844 0.10333333333247223 0.17999999999775
0 0.36499999999695837 0.4481249999943984 0.053333333332888894 0.11624999999854686
0 0.38249999999681256 0.349999999995625 0.034999999999708334 0.069999999999125
0 0.4962499999958646 0.36624999999542185 0.042499999999645835 0.079999999999
0 0.5554166666620383 0.48187499999397654 0.07249999999939584 0.16374999999795312
0 0.6058333333282848 0.3643749999954453 0.03166666666640278 0.07124999999910937
0 0.634166666661382 0.37624999999529685 0.04833333333293056 0.09499999999881249
0 0.7424999999938126 0.37124999999535935 0.04333333333297223 0.09499999999881249
0 0.9562499999920313 0.4743749999940703 0.0758333333327014 0.13374999999832812
