0 0.20162748643396694 0.5349397590232544 0.041591320071580624 0.0626506024081289
0 0.2947558770290279 0.5602409638419219 0.061482820975380055 0.07951807228724053
0 0.36799276672028947 0.5048192770962694 0.03435804701565356 0.05060240963733488
0 0.40415913199992476 0.46506024095264914 0.027124773959726494 0.05301204819149369
0 0.4783001808231772 0.3722891566175352 0.07052441229528889 0.07951807228724053
0 0.4755877034272045 0.5939759036001452 0.08318264014316125 0.11325301204546379
0 0.603074141037919 0.45783132529017273 0.03435804701565356 0.0626506024081289
0 0.6392405063175544 0.4987951807108724 0.04520795659954416 0.06746987951644651
0 0.6311030741296364 0.4554216867360139 0.021699819167781194 0.04337349397485847
0 0.7097649186128433 0.4542168674589345 0.030741410487690028 0.05060240963733488
0 0.6817359855211259 0.5698795180585571 0.05424954791945299 0.08433734939555813
0 0.8065099457358678 0.7385542168496734 0.13019891500668718 0.1855421686702279
0 0.9719710668901994 0.47590361444636375 0.04882459312750769 0.07469879517892292
