0 0.12758620689435196 0.5613496932343144 0.048275862068133175 0.1165644171743385
0 0.13620689654937576 0.8665644171513324 0.06206896551617123 0.10122699386192555
0 0.36724137930401307 0.6042944785090707 0.0551724137921522 0.1165644171743385
0 0.47241379309530324 0.5414110429281775 0.05172413793014269 0.10122699386192555
0 0.40603448275162013 0.39877300612273703 0.04310344827511891 0.08588957054951259
0 0.35344827585597505 0.2868098159421224 0.037931034482104636 0.07055214723709963
0 0.3155172413738704 0.17484662576150775 0.03448275862009512 0.05521472392468666
0 0.2939655172363109 0.13803680981171665 0.025862068965071344 0.04294478527475629
0 0.2724137930987515 0.04754601226848018 0.024137931034066588 0.046012269937238885
0 0.22327586206511593 0.10736196318689073 0.029310344827080857 0.04907975459972148
0 0.2525862068921968 0.18404907974895554 0.029310344827080857 0.061349693249651845
0 0.27413793102975625 0.26533742330474425 0.031034482758085614 0.06441717791213444
0 0.2956896551673157 0.45858895704114755 0.04310344827511891 0.07668711656206481
0 0.1379310344803805 0.32515337422315477 0.03448275862009512 0.06748466257461704
0 0.15862068965243759 0.26073619631102035 0.0275862068960761 0.05521472392468666
0 0.1456896551699019 0.17638036809274907 0.025862068965071344 0.05214723926220407
0 0.15862068965243759 0.11349693251185591 0.024137931034066588 0.03680981594979111
0 0.34224137930444415 0.05674846625592796 0.02241379310306183 0.03374233128730852
0 0.36982758620052025 0.12423312883054499 0.029310344827080857 0.046012269937238885
0 0.4267241379236772 0.1641104294428187 0.03275862068909037 0.06441717791213444
0 0.4232758620616677 0.07668711656206481 0.018965517241052318 0.04907975459972148
0 0.4698275861987961 0.07208588956834092 0.018965517241052318 0.0398773006122737
0 0.4534482758542509 0.11809815950557981 0.020689655172057075 0.046012269937238885
0 0.4896551724053508 0.18098159508647294 0.0275862068960761 0.05521472392468666
0 0.512931034473915 0.11809815950557981 0.02241379310306183 0.046012269937238885
0 0.5051724137843936 0.08282208588703 0.01724137931004756 0.03680981594979111
0 0.5499999999905173 0.1211656441680624 0.01724137931004756 0.046012269937238885
0 0.5543103448180291 0.17177914109902517 0.02241379310306183 0.04294478527475629
0 0.597413793093148 0.17791411042399036 0.02241379310306183 0.04294478527475629
0 0.6689655172298454 0.17331288343026646 0.0275862068960761 0.05214723926220407
0 0.6413793103337694 0.2806748466171572 0.03448275862009512 0.05214723926220407
0 0.6405172413682669 0.22699386502371183 0.02241379310306183 0.04907975459972148
0 0.5499999999905173 0.2868098159421224 0.031034482758085614 0.06441717791213444
0 0.48620689654334126 0.27453987729219204 0.03448275862009512 0.06441717791213444
0 0.5336206896459721 0.3680981594979111 0.03275862068909037 0.0797546012245474
0 0.6258620689547265 0.3865030674728066 0.04137931034411415 0.08588957054951259
0 0.6956896551604191 0.29754601226081145 0.025862068965071344 0.04294478527475629
0 0.7301724137805143 0.24846625766108998 0.018965517241052318 0.04907975459972148
0 0.7681034482626189 0.2714723926297094 0.018965517241052318 0.0398773006122737
0 0.7637931034351071 0.41257668710390866 0.031034482758085614 0.06441717791213444
0 0.8198275861927616 0.36656441716666976 0.025862068965071344 0.05828220858716925
0 0.8646551723988852 0.42638036808508034 0.029310344827080857 0.061349693249651845
0 0.943965517225104 0.5245398772845233 0.025862068965071344 0.061349693249651845
0 0.8491379310198425 0.49693251532217997 0.02241379310306183 0.061349693249651845
0 0.8094827586067331 0.5214723926220407 0.029310344827080857 0.061349693249651845
0 0.7241379310219976 0.5214723926220407 0.031034482758085614 0.0797546012245474
0 0.6336206896442479 0.5751533742154861 0.03620689655109988 0.08282208588703
0 0.8939655172259662 0.7223926380146505 0.05344827586114745 0.10736196318689073
