0 0.5191115702425713 0.318672839501255 0.06095041322251085 0.10956790123287703
0 0.6420454545388219 0.3996913580185233 0.021694214875808946 0.030864197530387896
0 0.2407024793363564 0.48996913579490786 0.07024793388357183 0.08487654320856672
0 0.19473140495666602 0.4760802469062333 0.05888429752005285 0.07561728394945035
0 0.15030991735381913 0.4567901234497409 0.04855371900776288 0.07098765431989217
0 0.29183884297219176 0.41435185184545753 0.021694214875808946 0.03240740740690729
0 0.3269628099139777 0.40123456789504264 0.01962809917335095 0.02777777777734911
0 0.34555785123609967 0.41049382715415905 0.021694214875808946 0.02777777777734911
0 0.37706611569858406 0.4452160493758454 0.026859504131953933 0.04166666666602366
0 0.42407024792950343 0.46296296295581846 0.02789256198318293 0.046296296295581844
0 0.46900826445796484 0.4351851851784693 0.018595041322121954 0.030864197530387896
0 0.45712809916883135 0.4205246913515351 0.013429752065976967 0.0293209876538685
0 0.4421487603260109 0.4282407407341321 0.01652892561966396 0.026234567900829713
0 0.4307851239624919 0.4189814814750157 0.014462809917205964 0.026234567900829713
0 0.4421487603260109 0.40509259258634117 0.014462809917205964 0.026234567900829713
0 0.4374999999954804 0.3881172839446278 0.013429752065976967 0.023148148147790922
0 0.41993801652458745 0.4066358024628605 0.015495867768434961 0.026234567900829713
0 0.41683884297090046 0.3881172839446278 0.013429752065976967 0.023148148147790922
0 0.40805785123545396 0.4197530864132754 0.018595041322121954 0.030864197530387896
0 0.38326446280595805 0.4212962962897948 0.018595041322121954 0.030864197530387896
0 0.38688016528525954 0.40200617283330237 0.015495867768434961 0.026234567900829713
0 0.394628099169477 0.38348765431506965 0.01652892561966396 0.023148148147790922
0 0.38326446280595805 0.37808641974725177 0.01239669421474797 0.01851851851823274
0 0.396694214871935 0.3695987654263951 0.01652892561966396 0.023148148147790922
0 0.36828512396313756 0.38194444443855025 0.01962809917335095 0.0293209876538685
0 0.35020661156663013 0.37654320987073236 0.014462809917205964 0.024691358024310318
0 0.34607438016171416 0.3572530864142399 0.014462809917205964 0.023148148147790922
0 0.33109504131889367 0.3665123456733563 0.013429752065976967 0.020061728394752135
0 0.3300619834676647 0.3865740740681084 0.015495867768434961 0.020061728394752135
0 0.30371900826132525 0.38348765431506965 0.014462809917205964 0.026234567900829713
0 0.3166322314016877 0.37499999999421296 0.017561983470892956 0.02777777777734911
0 0.3119834710711572 0.3603395061672787 0.010330578512289974 0.016975308641713344
0 0.3269628099139777 0.35493827159946084 0.013429752065976967 0.021604938271271527
0 0.30681818181501225 0.3410493827107863 0.010330578512289974 0.01851851851823274
0 0.30010330578202377 0.34799382715512356 0.011363636363518972 0.020061728394752135
0 0.2933884297490353 0.3572530864142399 0.01239669421474797 0.026234567900829713
0 0.2753099173525278 0.3695987654263951 0.013429752065976967 0.023148148147790922
0 0.28564049586481777 0.3981481481420039 0.01962809917335095 0.03395061728342669
0 0.2908057851209628 0.37808641974725177 0.015495867768434961 0.01851851851823274
0 0.25826446280724935 0.37422839505595323 0.018595041322121954 0.026234567900829713
0 0.25258264462548985 0.359567901229019 0.013429752065976967 0.01851851851823274
0 0.26394628098900885 0.34490740740208475 0.011363636363518972 0.023148148147790922
0 0.2778925619806003 0.3425925925873057 0.01239669421474797 0.01851851851823274
0 0.2711776859476118 0.3240740740690729 0.011363636363518972 0.021604938271271527
0 0.2541322314023334 0.31790123456299535 0.01239669421474797 0.021604938271271527
0 0.25568181817917685 0.33487654320470867 0.013429752065976967 0.021604938271271527
0 0.23398760330336793 0.3587962962907593 0.011363636363518972 0.023148148147790922
0 0.22623966941915044 0.38194444443855025 0.01652892561966396 0.0293209876538685
0 0.2407024793363564 0.4081790123393799 0.02479338842949594 0.038580246912984874
0 0.22159090908861995 0.3580246913524996 0.015495867768434961 0.024691358024310318
0 0.21384297520440246 0.3356481481429684 0.014462809917205964 0.023148148147790922
0 0.23398760330336793 0.3202160493777744 0.013429752065976967 0.023148148147790922
0 0.20971074379948648 0.40200617283330237 0.02066115702457995 0.04166666666602366
0 0.18698347107244853 0.40046296295678296 0.02479338842949594 0.038580246912984874
0 0.15185950413066263 0.3942901234507054 0.022727272727037943 0.04166666666602366
0 0.13378099173415517 0.37422839505595323 0.01962809917335095 0.0293209876538685
0 0.09969008264359826 0.36188271604379807 0.017561983470892956 0.0293209876538685
0 0.0779958677677893 0.3865740740681084 0.032024793388098924 0.05401234567817882
0 0.059400826445667354 0.36728395061161595 0.01962809917335095 0.04320987654254305
0 0.0382231404954729 0.34953703703164296 0.02066115702457995 0.03549382715994608
0 0.055268595040751364 0.32638888888385204 0.013429752065976967 0.0293209876538685
0 0.06869834710672833 0.3425925925873057 0.015495867768434961 0.021604938271271527
0 0.06921487603234283 0.3279320987603714 0.010330578512289974 0.016975308641713344
0 0.06404958677619785 0.3101851851803984 0.014462809917205964 0.021604938271271527
0 0.0785123966934038 0.3055555555508402 0.01239669421474797 0.01851851851823274
0 0.10330578512289974 0.28472222221782834 0.014462809917205964 0.023148148147790922
0 0.1213842975194072 0.3001543209830223 0.011363636363518972 0.023148148147790922
0 0.14462809917205965 0.28317901234130893 0.01239669421474797 0.023148148147790922
0 0.17561983470892956 0.37037037036465476 0.018595041322121954 0.02777777777734911
0 0.19163223140297903 0.36188271604379807 0.013429752065976967 0.026234567900829713
0 0.1983471074359675 0.3541666666612011 0.010330578512289974 0.023148148147790922
0 0.198863636361582 0.33333333332818926 0.011363636363518972 0.021604938271271527
0 0.18904958677490652 0.3240740740690729 0.01239669421474797 0.021604938271271527
0 0.18388429751876154 0.3070987654273596 0.01239669421474797 0.021604938271271527
0 0.17510330578331507 0.32484567900733263 0.011363636363518972 0.020061728394752135
0 0.14411157024644514 0.33873456789600714 0.015495867768434961 0.026234567900829713
0 0.15960743801488012 0.3225308641925535 0.011363636363518972 0.01851851851823274
0 0.16838842975032658 0.3356481481429684 0.010330578512289974 0.016975308641713344
0 0.1554752066099641 0.3016975308595417 0.013429752065976967 0.020061728394752135
0 0.1647727272710251 0.30478395061258046 0.009297520661060977 0.020061728394752135
0 0.11621900826326222 0.3456790123403444 0.01962809917335095 0.03395061728342669
0 0.1177685950401057 0.32175925925429383 0.01239669421474797 0.020061728394752135
0 0.10330578512289974 0.31481481480995654 0.01652892561966396 0.024691358024310318
0 0.13326446280854068 0.31635802468647595 0.014462809917205964 0.02777777777734911
