0 0.28417968749722483 0.4948529411691933 0.1386718749986458 0.23088235293778112
0 0.14111328124862196 0.33970588234794546 0.11816406249884606 0.18823529411487888
0 0.03613281249964714 0.29632352940740697 0.07031249999931335 0.14264705882143167
0 0.2080078124979687 0.2161764705850562 0.05078124999950409 0.07647058823416955
0 0.25292968749753003 0.18897058823251514 0.04101562499959946 0.07794117646944204
0 0.2729492187473345 0.22794117646723613 0.03613281249964714 0.07058823529307959
0 0.30126953124705796 0.16470588235051903 0.03808593749962807 0.06764705882253459
0 0.33203124999675754 0.1999999999970588 0.03515624999965668 0.061764705881444636
0 0.37499999999633793 0.21029411764396624 0.04687499999954224 0.08235294117525951
0 0.4311523437457896 0.21176470587923873 0.045898437499551775 0.0852941176458045
0 0.4223632812458754 0.09411764705743944 0.030273437499704365 0.07352941176362457
0 0.4765624999953461 0.1757352941150627 0.031249999999694827 0.06323529411671712
0 0.49804687499513633 0.19117647058542386 0.03710937499963761 0.052941176469809684
0 0.5229492187448931 0.2433823529375973 0.045898437499551775 0.09558823529271193
0 0.5258789062448646 0.16397058823288277 0.028320312499723437 0.05147058823453719
0 0.5576171874945546 0.18308823529142515 0.03515624999965668 0.06323529411671712
0 0.6171874999939728 0.2382352941141436 0.044921874999561316 0.09117647058689446
0 0.6372070312437773 0.1852941176443339 0.028320312499723437 0.04705882352871972
0 0.6718749999934388 0.17647058823269896 0.029296874999713902 0.061764705881444636
0 0.708007812493086 0.1772058823503352 0.029296874999713902 0.057352941175627156
0 0.7739257812424422 0.2014705882323313 0.03417968749966622 0.07352941176362457
0 0.8325195312418701 0.1948529411736051 0.03222656249968529 0.0661764705872621
0 0.9638671874905873 0.19558823529124134 0.048828124999523166 0.09117647058689446
