0 0.07851562499938661 0.6388888888800155 0.1554687499987854 0.40833333332766203
0 0.18437499999855958 0.5173611111039256 0.03749999999970703 0.07638888888782794
0 0.23789062499814148 0.529861111103752 0.036718749999713134 0.07638888888782794
0 0.29570312499768986 0.5861111111029706 0.09296874999927368 0.211111111108179
0 0.35976562499718934 0.5645833333254919 0.05390624999957886 0.1180555555539159
0 0.41484374999675905 0.49305555554870756 0.05624999999956055 0.08888888888765432
0 0.41562499999675295 0.3812499999947049 0.04374999999965821 0.09027777777652392
0 0.4847656249962128 0.5430555555480131 0.02734374999978638 0.05833333333252315
0 0.5796874999954712 0.6673611111018423 0.16093749999874268 0.38472222221687885
0 0.7148437499944154 0.595833333325058 0.04218749999967041 0.09722222222087192
0 0.701953124994516 0.5548611111034047 0.04765624999962769 0.08194444444330633
0 0.6636718749948151 0.5527777777701003 0.03359374999973755 0.07222222222121914
0 0.7687499999939942 0.6048611111027102 0.05781249999954834 0.1291666666648727
0 0.8062499999937012 0.5749999999920139 0.03593749999971924 0.07777777777669753
0 0.8632812499932556 0.6152777777692323 0.05312499999958496 0.10277777777635032
0 0.9449218749926178 0.6673611111018423 0.10703124999916383 0.2374999999967014
