0 0.023666666666508893 0.45648312610201625 0.041999999999720004 0.1669626998194145
0 0.045666666666362224 0.36856127885668627 0.04866666666634223 0.12611012433168542
0 0.04999999999966667 0.2806394316113563 0.03599999999976 0.08880994671245453
0 0.10099999999932667 0.27975133214423176 0.03933333333307112 0.10124333925219815
0 0.10699999999928668 0.47424511544450715 0.05799999999961334 0.14564831260842542
0 0.21433333333190446 0.5337477797418517 0.06999999999953334 0.1687388987536636
0 0.26966666666486894 0.36856127885668627 0.041999999999720004 0.1296625222001836
0 0.22366666666517557 0.24866785079487266 0.03133333333312445 0.08170515097545816
0 0.2839999999981067 0.2548845470647445 0.023999999999840003 0.08348134990970725
0 0.30633333333129115 0.29396092361822446 0.03266666666644889 0.10124333925219815
0 0.30899999999794003 0.22468916518250995 0.02866666666647556 0.07637655417271089
0 0.3356666666644289 0.28507992894697903 0.03133333333312445 0.10124333925219815
0 0.34933333333100447 0.22824156305100812 0.01733333333321778 0.06571936056721635
0 0.36899999999754 0.23712255772225357 0.019333333333204448 0.058614564830219984
0 0.37633333333082447 0.28863232681547724 0.029999999999800003 0.08703374777820544
0 0.43299999999711336 0.21669626997838903 0.019333333333204448 0.06039076376446908
0 0.3173333333312178 0.5284191829391044 0.054666666666302224 0.16163410301666722
0 0.4186666666638756 0.36856127885668627 0.042666666666382226 0.1119005328576927
0 0.48566666666342895 0.36589698045531266 0.03533333333309778 0.0923623445809527
0 0.5073333333299511 0.2433392539921254 0.018666666666542223 0.053285968027472715
0 0.49599999999669336 0.2397868561236272 0.013333333333244445 0.04618117229047635
0 0.48299999999678006 0.20159857903727177 0.019333333333204448 0.05506216696172181
0 0.5416666666630556 0.1882770870304036 0.016666666666555557 0.053285968027472715
0 0.524666666663169 0.22824156305100812 0.01733333333321778 0.05506216696172181
0 0.5633333333295778 0.33481349910595354 0.02666666666648889 0.07992895204120908
0 0.5643333333295711 0.21936056837976267 0.013999999999906669 0.05506216696172181
0 0.6109999999959267 0.3223801065662099 0.027333333333151112 0.07637655417271089
0 0.59699999999602 0.28596802841410357 0.016666666666555557 0.053285968027472715
0 0.6079999999959467 0.1962699822345245 0.01466666666656889 0.05150976909322363
0 0.6286666666624756 0.21669626997838903 0.018666666666542223 0.056838365895970897
0 0.6743333333288378 0.22291296624826085 0.01799999999988 0.05150976909322363
0 0.6789999999954734 0.3401420959087008 0.03266666666644889 0.08703374777820544
0 0.6433333333290445 0.4147424511471626 0.038666666666408896 0.11900532859468907
0 0.6553333333289645 0.3579040852511917 0.027999999999813337 0.07282415630421271
0 0.5603333333295978 0.5035523978596171 0.04999999999966667 0.15808170514816905
0 0.7446666666617023 0.3463587921785726 0.025333333333164447 0.0923623445809527
0 0.7246666666618357 0.29129662521685085 0.01999999999986667 0.06394316163296726
0 0.7236666666618423 0.25044404972912176 0.015333333333231112 0.04973357015897453
0 0.7176666666618823 0.22735346358388359 0.015333333333231112 0.04618117229047635
0 0.6983333333286779 0.23889875665650268 0.01799999999988 0.058614564830219984
0 0.8669999999942201 0.12611012433168542 0.051333333332991116 0.15630550621391998
0 0.9569999999936201 0.25399644759761997 0.01799999999988 0.053285968027472715
0 0.04033333333306445 0.7975133214778416 0.07799999999948001 0.33037300177033085
