0 0.12539682539549843 0.29126984126521793 0.23809523809271854 0.45873015872287726
0 0.3201058201024327 0.44682539681830435 0.04761904761854371 0.08095238095109598
0 0.37195767195373586 0.3349206349153187 0.04973544973492343 0.0793650793638196
0 0.2359788359763388 0.34920634920080623 0.03597883597845525 0.08253968253837238
0 0.4227513227468491 0.5277777777694004 0.07513227513148008 0.12857142856938775
0 0.4857142857091458 0.46190476189743007 0.05714285714225245 0.10793650793479466
0 0.48042328041819654 0.3190476190425548 0.040211640211214685 0.06984126984016124
0 0.5423280423223034 0.2769841269797304 0.037037037036645105 0.0587301587292265
0 0.6396825396757705 0.2761904761860922 0.030687830687505947 0.06984126984016124
0 0.6407407407339604 0.4730158730083648 0.05396825396768287 0.08253968253837238
0 0.7529100529020856 0.5563492063403754 0.08783068782975839 0.1412698412675989
0 0.7021164021089722 0.36349206348629376 0.04338624338578427 0.06666666666560846
0 0.7449735449656616 0.2825396825351978 0.033862433862075526 0.05714285714195011
0 0.8079365079279582 0.3714285714226757 0.04126984126940455 0.06984126984016124
0 0.8291005290917555 0.44126984126283697 0.06243386243320175 0.11428571428390022
0 0.9111111111014696 0.3579365079308264 0.040211640211214685 0.08412698412564877
0 0.8417989417900338 0.279365079360645 0.03280423280388567 0.05714285714195011
0 0.87037037036116 0.22460317459960946 0.028571428571126226 0.04920634920556815
0 0.953439153429064 0.2373015872978206 0.03597883597845525 0.055555555554673716
0 0.9735449735346714 0.2920634920588561 0.03597883597845525 0.0793650793638196
0 0.9809523809420004 0.4388888888819224 0.03809523809483497 0.09047619047475434
