0 0.1374999999985677 0.7173252279526242 0.12083333333207465 0.16413373859932928
0 0.20729166666450738 0.6048632218753061 0.07499999999921875 0.13677811549944108
0 0.14531249999848633 0.5319148936089375 0.05104166666613498 0.08206686929966464
0 0.0911458333323839 0.5227963525756414 0.04687499999951172 0.07294832826636857
0 0.2348958333308865 0.5045592705090493 0.042708333332888454 0.0638297872330725
0 0.34791666666304255 0.37082066868737357 0.037499999999609374 0.05775075987754178
0 0.3067708333301378 0.5820668692920659 0.05937499999938151 0.09118541033296071
0 0.34166666666310763 0.7028875379832388 0.09583333333233507 0.1413373860160891
0 0.44010416666208224 0.6595744680750825 0.08854166666574435 0.14589665653273715
0 0.38229166666268444 0.5387537993839095 0.047916666666167534 0.09878419452737411
0 0.4223958333289334 0.5121580547034627 0.03437499999964193 0.06990881458860321
0 0.4880208333282498 0.5699088145810044 0.05104166666613498 0.09118541033296071
0 0.5187499999945964 0.5645896656449151 0.05624999999941406 0.10790273556067018
0 0.5510416666609267 0.5037993920896079 0.04374999999954427 0.06838905774972054
0 0.5781249999939778 0.716565349533183 0.10624999999889323 0.17477203647150802
0 0.6359374999933757 0.5919452887448032 0.07812499999918619 0.13525835866055838
0 0.673437499992985 0.5425531914811162 0.05937499999938151 0.08814589665519536
0 0.6499999999932291 0.5030395136701666 0.0458333333328559 0.05775075987754178
0 0.8901041666573948 0.7310030395025684 0.11979166666541884 0.21580547112134035
0 0.8453124999911946 0.6185410334252501 0.07604166666587457 0.127659574466145
0 0.8213541666581109 0.5919452887448032 0.04895833333282335 0.09878419452737411
0 0.797916666658355 0.5349544072867028 0.05416666666610243 0.06990881458860321
0 0.7770833333252387 0.5121580547034627 0.03958333333292101 0.0638297872330725
