0 0.08366935483849881 0.6580981182773585 0.08014112903205609 0.11122311827919616
0 0.08177923387076164 0.5179771505358939 0.035030241935395584 0.042674731182652303
0 0.15435987903186904 0.5028561827940092 0.030493951612826375 0.03864247311814972
0 0.175781249999557 0.4783266129016185 0.022933467741877687 0.03662634408589843
0 0.2585685483864451 0.5028561827940092 0.025201612903162293 0.03864247311814972
0 0.2948588709669988 0.4889112903209378 0.022681451612846064 0.031586021505270206
0 0.2329889112897354 0.5893817204281271 0.05972782258049464 0.07728494623629945
0 0.3879788306441835 0.493111559138128 0.022933467741877687 0.03797043010739929
0 0.419732862902168 0.4828629032241839 0.02847782258057339 0.029569892473018916
0 0.40297379032156505 0.5420026881702218 0.037298387096680194 0.057795698924536974
0 0.44682459677306746 0.5277217741917751 0.027721774193478523 0.04603494623640445
0 0.521295362901912 0.4828629032241839 0.021925403225751195 0.031586021505270206
0 0.5068044354825937 0.500336021503695 0.03276209677411098 0.03965053763427537
0 0.8382056451591778 0.4223790322566452 0.07409274193529714 0.09341397849430977
