0 0.037499999999375 0.5811111110981975 0.06499999999891666 0.10444444444212345
0 0.127499999997875 0.5544444444321235 0.05499999999908333 0.0733333333317037
0 0.18833333333019445 0.579999999987111 0.09333333333177778 0.12888888888602468
0 0.2841666666619306 0.5711111110984197 0.09166666666513888 0.13333333333037037
0 0.39666666666005557 0.5277777777660494 0.10333333333161111 0.1355555555525432
0 0.44583333332590275 0.5377777777658271 0.04166666666597222 0.07555555555387654
0 0.5191666666580139 0.5422222222101728 0.07166666666547222 0.10222222221995061
0 0.5733333333237778 0.5066666666554074 0.04999999999916667 0.07555555555387654
0 0.5966666666567222 0.545555555543432 0.059999999999 0.08222222222039506
0 0.6583333333223611 0.5355555555436543 0.07333333333211112 0.11111111110864197
0 0.7074999999882083 0.5033333333221481 0.05833333333236111 0.08666666666474074
0 0.7983333333200278 0.4899999999891111 0.08666666666522221 0.1355555555525432
0 0.779999999987 0.3433333333257037 0.026666666666222222 0.04666666666562963
0 0.9349999999844166 0.5033333333221481 0.06666666666555555 0.08666666666474074
0 0.9724999999837917 0.4744444444339012 0.05499999999908333 0.10888888888646914
0 0.8466666666525555 0.5022222222110617 0.04999999999916667 0.07555555555387654
