0 0.051356589147162415 0.4767441860444585 0.09544573643387731 0.19552110249700466
0 0.16109496123991984 0.3580964685600427 0.06007751937969943 0.1330749353999437
0 0.26320251937920736 0.3352713178280135 0.04142441860455082 0.10465116279024698
0 0.2386143410846933 0.29909560723385403 0.031007751937909382 0.07105943152424178
0 0.25351259689861066 0.24978466838824384 0.03173449612395413 0.056847545219393426
0 0.290576550386893 0.2885443583105575 0.032703488372013804 0.08010335917278165
0 0.41860465116177664 0.47631352282309947 0.08091085271298229 0.17743324719992493
0 0.4143653100765156 0.3667097329872235 0.05886627906962484 0.10120585701937465
0 0.37887596899133025 0.30038759689793115 0.04021317829447623 0.08139534883685877
0 0.35174418604565955 0.27562446166978627 0.029069767441790045 0.07149009474560082
0 0.4068556201540532 0.2444013781212558 0.026889534883655794 0.0555555555553163
0 0.4517926356578203 0.2683031869066826 0.03536821705417789 0.06632213608929233
0 0.5039970930220349 0.2745478036163887 0.023498062015446953 0.06416881998249713
0 0.601744186045054 0.37898363479595615 0.06637596899208727 0.1498708010329463
0 0.5734011627893086 0.3438845822551943 0.04844961240298341 0.10465116279024698
0 0.5497819767428542 0.2965116279056998 0.04142441860455082 0.09086993970675766
0 0.5836967054249427 0.26291989663969456 0.03464147286813314 0.06503014642521521
0 0.6178536821690459 0.26270456502901507 0.028343023255745295 0.057708871662111506
0 0.6625484496107982 0.30469422911152155 0.03052325581387955 0.0701981050815237
0 0.6446220930216943 0.2786391042192996 0.027616279069700544 0.06029285099026575
0 0.7473352713160191 0.3051248923328806 0.05329457364328175 0.10809646856111932
0 0.8414486434088143 0.35701981050664505 0.07000968992231103 0.1205857019805315
0 0.9075823643388867 0.4289405684736049 0.08309108527111654 0.15159345391838247
