0 0.07050781249972458 0.686458333329758 0.12617187499950713 0.2249999999988281
0 0.03808593749985122 0.4786458333308404 0.06679687499973908 0.1541666666658637
0 0.15703124999938659 0.3708333333314019 0.039062499999847414 0.0708333333329644
0 0.2287109374991066 0.3989583333312554 0.05039062499980316 0.0708333333329644
0 0.2839843749988907 0.41458333333117403 0.046874999999816896 0.0781249999995931
0 0.2673828124989555 0.38124999999801434 0.0316406249998764 0.052083333333062067
0 0.3308593749987076 0.4065104166645494 0.03828124999985046 0.07239583333295627
0 0.34550781249865037 0.38411458333133275 0.0316406249998764 0.060937499999682614
0 0.39023437499847563 0.47005208333088516 0.05468749999978638 0.0932291666661811
0 0.4222656249983505 0.4460937499976766 0.03749999999985351 0.07135416666629503
0 0.42851562499832613 0.4005208333312473 0.04453124999982605 0.062499999999674476
0 0.5089843749980117 0.441406249997701 0.05468749999978638 0.08593749999955241
0 0.5675781249977829 0.5408854166638496 0.07734374999969787 0.14010416666593695
0 0.5074218749980178 0.4033854166645657 0.04453124999982605 0.0682291666663113
0 0.5691406249977767 0.3940104166646145 0.03515624999986267 0.04739583333308648
0 0.6486328124974663 0.4395833333310438 0.04726562499981537 0.08020833333291558
0 0.618749999997583 0.4096354166645331 0.03828124999985046 0.06197916666634386
0 0.6488281249974656 0.396093749997937 0.03828124999985046 0.05885416666636013
0 0.7148437499972077 0.3861979166646552 0.03671874999985657 0.06510416666632758
0 0.694531249997287 0.3731770833313897 0.024999999999902343 0.03906249999979655
0 0.7560546874970466 0.42526041666445175 0.05507812499978485 0.09114583333285861
0 0.7332031249971359 0.5192708333306288 0.07656249999970093 0.11145833333275282
0 0.8533203124966667 0.6289062499967244 0.10351562499959564 0.19010416666567653
0 0.8550781249966598 0.4992187499973999 0.07890624999969177 0.0932291666661811
0 0.800781249996872 0.39244791666462264 0.03124999999987793 0.05781249999969889
0 0.8712890624965965 0.4260416666644477 0.04492187499982452 0.06354166666633572
0 0.9310546874963631 0.4018229166645738 0.04570312499982147 0.060937499999682614
0 0.9626953124962394 0.4934895833307631 0.07460937499970856 0.1484374999992269
