0 0.04333333333261111 0.5177215189742349 0.08333333333194444 0.1746835442993751
0 0.034999999999416664 0.40886075948331996 0.06666666666555555 0.12911392404736421
0 0.07499999999875 0.8455696202317577 0.14333333333094445 0.3037974683467393
0 0.16499999999724999 0.5987341772000321 0.10999999999816666 0.220253164551386
0 0.2308333333294861 0.4518987341657747 0.10166666666497222 0.13924050632558885
0 0.33666666666105555 0.5025316455568979 0.08333333333194444 0.16962025316026277
0 0.43249999999279165 0.46708860758311166 0.08499999999858333 0.14936708860381348
0 0.4641666666589305 0.5797468354283608 0.12499999999791667 0.2329113923991668
0 0.34249999999429165 0.8392405063078673 0.1916666666634722 0.30632911391629547
0 0.6191666666563472 0.5075949366960102 0.09166666666513888 0.18481012657759974
0 0.6799999999886667 0.46075949365922125 0.07999999999866667 0.15696202531248196
0 0.5616666666573056 0.22405063290572022 0.08333333333194444 0.14430379746470118
