0 0.0564516129023153 0.6368038740765907 0.03870967741873049 0.06295399515586067
0 0.11370967741752082 0.6283292978056094 0.04032258064451093 0.06537530266185532
0 0.1830645161260796 0.6404358353355826 0.03709677419295005 0.06053268764986603
0 0.2483870967701873 0.6271186440526121 0.04838709677341311 0.07263922517983924
0 0.31532258064007546 0.6271186440526121 0.03387096774138918 0.06295399515586067
0 0.38709677418730487 0.6125907990166443 0.03225806451560874 0.06295399515586067
0 0.4548387096700833 0.600484261486671 0.035483870967169616 0.05811138014387139
0 0.5362903225719953 0.5968523002276791 0.04032258064451093 0.05569007263787675
0 0.6112903225707856 0.6077481840046549 0.035483870967169616 0.05811138014387139
0 0.6927419354726977 0.6755447941725049 0.03387096774138918 0.06295399515586067
0 0.7314516128914282 0.6452784503475719 0.030645161289828304 0.05569007263787675
0 0.7870967741808533 0.6283292978056094 0.03870967741873049 0.06053268764986603
0 0.8338709677284859 0.5968523002276791 0.03870967741873049 0.06537530266185532
0 0.9274193548237513 0.6355932203235933 0.04193548387029136 0.07506053268583388
0 0.9274193548237513 0.5835351089447085 0.03225806451560874 0.05811138014387139
0 0.9911290322420786 0.570217917661738 0.017741935483584808 0.03631961258991962
0 0.9048387096628252 0.5193704600358505 0.019354838709365246 0.03631961258991962
0 0.9258064515979708 0.5012106537408908 0.019354838709365246 0.029055690071935696
0 0.8645161290183142 0.49636803872890145 0.01612903225780437 0.029055690071935696
0 0.8387096774058272 0.4975786924818988 0.01612903225780437 0.02179176755395177
0 0.845161290308949 0.5593220338847621 0.025806451612486993 0.048426150119892826
0 0.8137096774062305 0.5145278450238613 0.017741935483584808 0.031476997577930335
0 0.7782258064390609 0.5726392251677327 0.03387096774138918 0.046004842613898186
0 0.7354838709558793 0.5375302663308104 0.02258064516092612 0.04358353510790354
0 0.7620967741812565 0.5072639225058774 0.02096774193514568 0.03631961258991962
0 0.6870967741824662 0.5314769975658238 0.02258064516092612 0.0411622276019089
0 0.7032258064402706 0.513317191270864 0.01612903225780437 0.029055690071935696
0 0.6758064516020031 0.49636803872890145 0.019354838709365246 0.03389830508392498
0 0.634677419344602 0.4987893462348961 0.017741935483584808 0.03389830508392498
0 0.6104838709578955 0.5569007263787675 0.02741935483826743 0.04358353510790354
0 0.5637096774102628 0.5387409200838077 0.02096774193514568 0.031476997577930335
0 0.5524193548297996 0.49515738497590417 0.014516129032023933 0.031476997577930335
0 0.5209677419270812 0.47094430991595776 0.012903225806243496 0.031476997577930335
0 0.4790322580567898 0.4624697336449765 0.012903225806243496 0.024213075059946413
0 0.43145161289626693 0.4903147699639149 0.017741935483584808 0.031476997577930335
0 0.39758064515487773 0.516949152529856 0.024193548386706554 0.046004842613898186
0 0.37580645160684184 0.4975786924818988 0.019354838709365246 0.026634382565941056
0 0.34516129031701354 0.4975786924818988 0.01612903225780437 0.02179176755395177
0 0.3169354838658559 0.5423728813427997 0.02741935483826743 0.03874092009591426
0 0.24516129031862643 0.5302663438128264 0.025806451612486993 0.03389830508392498
0 0.217741935480359 0.5423728813427997 0.02258064516092612 0.03874092009591426
0 0.16854838709405567 0.5254237288008372 0.02096774193514568 0.029055690071935696
0 0.1443548387073491 0.5423728813427997 0.02741935483826743 0.048426150119892826
0 0.12177419354642299 0.5254237288008372 0.017741935483584808 0.029055690071935696
0 0.10725806451439907 0.5072639225058774 0.01129032258046306 0.026634382565941056
0 0.0782258064503512 0.5048426149998827 0.024193548386706554 0.031476997577930335
0 0.024193548386706554 0.57384987892073 0.035483870967169616 0.05326876513188211
0 0.04435483870896202 0.5145278450238613 0.02096774193514568 0.03631961258991962
0 0.25645161289908947 0.49394673122290683 0.01612903225780437 0.029055690071935696
0 0.24516129031862643 0.46004842613898184 0.012903225806243496 0.024213075059946413
0 0.26209677418932104 0.46731234865696575 0.01129032258046306 0.024213075059946413
0 0.21451612902879813 0.4999999999878934 0.01612903225780437 0.031476997577930335
0 0.15403225806203175 0.4697336561629604 0.014516129032023933 0.024213075059946413
0 0.13709677419133715 0.46610169490396847 0.012903225806243496 0.02179176755395177
