0 0.11555555555469961 0.7270147559508852 0.05185185185146777 0.10102156640066944
0 0.10888888888808232 0.6833144154292472 0.04148148148117422 0.04994324631044332
0 0.09370370370300962 0.6572077184942428 0.03185185185161592 0.056753688989140134
0 0.07851851851793691 0.6435868331368492 0.031111111110880663 0.04767309875087771
0 0.056296296295879296 0.6276958002198899 0.023703703703528124 0.04767309875087771
0 0.041851851851541846 0.6129398410827135 0.018518518518381346 0.03405221339348408
0 0.03518518518492456 0.592508513046623 0.019999999999851855 0.03405221339348408
0 0.09518518518448012 0.5976163450556456 0.021481481481322364 0.03745743473283249
0 0.11851851851764061 0.6157775255321705 0.02074074074058711 0.03745743473283249
0 0.12555555555462553 0.592508513046623 0.01703703703691084 0.02951191827435287
0 0.14111111111006586 0.5930760499365144 0.014074074073969824 0.032917139613701275
0 0.14962962962852128 0.6208853575411931 0.02666666666646914 0.03859250851261529
0 0.15148148148035942 0.6441543700267405 0.027407407407204393 0.05107832009022612
0 0.1785185185171962 0.6418842224671749 0.03259259259235117 0.06242905788805415
0 0.1785185185171962 0.6072644721837994 0.02074074074058711 0.036322360953049686
0 0.20296296296145958 0.6169125993119533 0.022222222222057615 0.04653802497109491
0 0.20925925925770922 0.6861520998787042 0.03629629629602744 0.07832009080501338
0 0.2525925925907216 0.7213393870519711 0.05185185185146777 0.09194097616240701
0 0.23111111110939922 0.6396140749076094 0.025185185184998633 0.05107832009022612
0 0.25777777777586836 0.6515323495953287 0.031111111110880663 0.05221339387000892
0 0.25370370370182443 0.589670828597166 0.01703703703691084 0.032917139613701275
0 0.24259259259079566 0.5766174801296637 0.015555555555440331 0.031782065833918474
0 0.28259259259049935 0.589670828597166 0.018518518518381346 0.028376844494570067
0 0.2981481481459397 0.6044267877343424 0.021481481481322364 0.03745743473283249
0 0.31407407407174764 0.6838819523191386 0.03703703703676269 0.07832009080501338
0 0.37629629629350897 0.7258796821711023 0.05037037036999727 0.10102156640066944
0 0.3274074074049822 0.6174801362018446 0.02074074074058711 0.0431328036317465
0 0.3303703703679232 0.5856980703679262 0.017777777777646095 0.03405221339348408
0 0.3396296296271139 0.5885357548173832 0.012592592592499317 0.030646992054135673
0 0.34851851851593696 0.6101021566332564 0.01703703703691084 0.035187287173266885
0 0.36777777777505355 0.6214528944310844 0.021481481481322364 0.04426787741152931
0 0.3559259259232895 0.5908059023769487 0.014074074073969824 0.019296254256307644
0 0.38148148147865574 0.6140749148624962 0.016296296296175586 0.036322360953049686
0 0.4033333333303457 0.6305334846693469 0.021481481481322364 0.04880817253066051
0 0.39814814814519894 0.5913734392668402 0.015555555555440331 0.031782065833918474
0 0.4285185185153444 0.6225879682108673 0.025925925925733884 0.04653802497109491
0 0.45740740740401925 0.6464245175863061 0.030370370370145408 0.057888762768922936
0 0.47407407407056246 0.6339387060086953 0.02074074074058711 0.04880817253066051
0 0.4662962962928423 0.603859250844451 0.018518518518381346 0.027241770714787263
0 0.4459259259226228 0.5891032917072746 0.011851851851764062 0.02043132803609045
0 0.419999999996889 0.6021566401747768 0.016296296296175586 0.023836549375438856
0 0.419999999996889 0.5885357548173832 0.014814814814705077 0.019296254256307644
0 0.47888888888534165 0.5919409761567316 0.014074074073969824 0.028376844494570067
0 0.4792592592557093 0.6118047673029307 0.01333333333323457 0.031782065833918474
0 0.5129629629591633 0.6662883087325052 0.030370370370145408 0.061293984108271346
0 0.5096296296258547 0.629398410889564 0.02666666666646914 0.039727582292398096
0 0.5333333333293828 0.6339387060086953 0.02074074074058711 0.04653802497109491
0 0.5122222222184281 0.615209988642279 0.02444444444426338 0.031782065833918474
0 0.5025925925888698 0.5976163450556456 0.019999999999851855 0.030646992054135673
0 0.5155555555517367 0.5788876276892294 0.016296296296175586 0.022701475595656054
0 0.612592592588055 0.6662883087325052 0.03703703703676269 0.06583427922740255
0 0.593703703699306 0.6356413166783695 0.02444444444426338 0.03859250851261529
0 0.5737037036994541 0.6379114642379351 0.019999999999851855 0.0408626560721809
0 0.5703703703661455 0.618047673091736 0.0192592592591166 0.032917139613701275
0 0.5633333333291606 0.6072644721837994 0.018518518518381346 0.02951191827435287
0 0.5488888888848231 0.6015891032848855 0.01333333333323457 0.02497162315522166
0 0.5562962962921757 0.589670828597166 0.011851851851764062 0.02156640181587325
0 0.5637037036995282 0.5862656072578176 0.010370370370293555 0.023836549375438856
0 0.571851851847616 0.5942111237162973 0.01333333333323457 0.023836549375438856
0 0.5896296296252621 0.5930760499365144 0.016296296296175586 0.02610669693500446
0 0.5981481481437175 0.6083995459635823 0.015555555555440331 0.02497162315522166
0 0.6170370370324665 0.6208853575411931 0.023703703703528124 0.0408626560721809
0 0.6137037036991578 0.5908059023769487 0.014074074073969824 0.02610669693500446
0 0.6418518518470975 0.6146424517523876 0.018518518518381346 0.032917139613701275
0 0.6411111111063622 0.5913734392668402 0.015555555555440331 0.02497162315522166
0 0.6637037036987875 0.5936435868264058 0.011851851851764062 0.02497162315522166
0 0.6844444444393746 0.6526674233751115 0.03555555555529219 0.07037457434653377
0 0.6688888888839343 0.6242905788805415 0.028148148147939648 0.04540295119131211
0 0.711851851846579 0.6447219069166319 0.02666666666646914 0.056753688989140134
0 0.7203703703650344 0.6112372304130392 0.018518518518381346 0.03745743473283249
0 0.6862962962912127 0.6049943246242339 0.019999999999851855 0.03405221339348408
0 0.6970370370318739 0.59534619749608 0.011851851851764062 0.02156640181587325
0 0.7537037036981208 0.6106696935231478 0.019999999999851855 0.03405221339348408
0 0.7437037036981949 0.5919409761567316 0.014814814814705077 0.028376844494570067
0 0.774444444438708 0.6594778660538083 0.037777777777497946 0.07491486946566497
0 0.7666666666609878 0.6248581157704328 0.025185185184998633 0.0419977298519637
0 0.7725925925868699 0.6049943246242339 0.016296296296175586 0.03405221339348408
0 0.7899999999941483 0.6055618615141253 0.015555555555440331 0.035187287173266885
0 0.8003703703644418 0.603859250844451 0.014074074073969824 0.031782065833918474
0 0.8266666666605433 0.6509648127054374 0.02666666666646914 0.060158910328488545
0 0.8285185185123815 0.606696935293908 0.018518518518381346 0.03745743473283249
0 0.8577777777714239 0.6379114642379351 0.029629629629410154 0.061293984108271346
0 0.8859259259193636 0.6123723041928221 0.02074074074058711 0.03745743473283249
0 0.8640740740676737 0.6078320090736908 0.021481481481322364 0.03745743473283249
0 0.8533333333270124 0.5947786606061886 0.02074074074058711 0.036322360953049686
0 0.9129629629562004 0.6379114642379351 0.033333333333086426 0.05902383654870574
0 0.942222222215243 0.6367763904581523 0.028148148147939648 0.05902383654870574
0 0.9255555555486997 0.6072644721837994 0.025925925925733884 0.0431328036317465
