0 0.08282828282660952 0.4801324503152274 0.044444444443546574 0.07284768211679311
0 0.12121212120967247 0.4155629138935244 0.032323232322579325 0.056291390726612864
0 0.1525252525221712 0.4950331125663896 0.03434343434274053 0.06291390728268496
0 0.16767676767338024 0.4288079470056686 0.028282828282256908 0.056291390726612864
0 0.19999999999595958 0.4867549668712995 0.03636363636290174 0.06622516556072101
0 0.2585858585806346 0.4917218542883536 0.03636363636290174 0.06291390728268496
0 0.23030303029837768 0.4304635761446866 0.028282828282256908 0.052980132448576814
0 0.20303030302620137 0.3973509933643261 0.030303030302418116 0.052980132448576814
0 0.23030303029837768 0.3708609271400377 0.024242424241934492 0.052980132448576814
0 0.2666666666612794 0.390728476808254 0.024242424241934492 0.046357615892504714
0 0.2797979797923273 0.4321192052837046 0.030303030302418116 0.056291390726612864
0 0.2868686868628915 0.38079470197414583 0.024242424241934492 0.046357615892504714
0 0.31515151514514844 0.392384105947272 0.024242424241934492 0.049668874170540764
0 0.30101010100402 0.4784768211762094 0.028282828282256908 0.06953642383875706
0 0.35757575756853377 0.4834437085932634 0.03636363636290174 0.07284768211679311
0 0.3373737373669217 0.4354304635617407 0.028282828282256908 0.056291390726612864
0 0.35454545453829195 0.3824503311131639 0.0262626262620957 0.049668874170540764
0 0.3333333333265993 0.36092715230592953 0.028282828282256908 0.052980132448576814
0 0.3808080808003877 0.3460264900547673 0.030303030302418116 0.043046357614468664
0 0.38383838383062946 0.40066225164236213 0.028282828282256908 0.052980132448576814
0 0.3888888888810325 0.453642384090939 0.022222222221773287 0.046357615892504714
0 0.41818181817337 0.4850993377322815 0.032323232322579325 0.06291390728268496
0 0.44747474746570753 0.41390728475450633 0.030303030302418116 0.059602649004648914
0 0.4333333333245791 0.392384105947272 0.0262626262620957 0.043046357614468664
0 0.4151515151431282 0.36092715230592953 0.0262626262620957 0.052980132448576814
0 0.44747474746570753 0.35430463574985743 0.022222222221773287 0.046357615892504714
0 0.47272727271772264 0.3774834436961098 0.024242424241934492 0.052980132448576814
0 0.4969696969596571 0.4784768211762094 0.032323232322579325 0.07615894039482916
0 0.5020202020100601 0.3973509933643261 0.0262626262620957 0.052980132448576814
0 0.5020202020100601 0.35596026488887544 0.022222222221773287 0.043046357614468664
0 0.5232323232217528 0.38741721853021793 0.024242424241934492 0.046357615892504714
0 0.5363636363528007 0.4188741721715604 0.022222222221773287 0.049668874170540764
0 0.5595959595846546 0.4768211920371913 0.03636363636290174 0.06622516556072101
0 0.5777777777661054 0.4155629138935244 0.024242424241934492 0.06291390728268496
0 0.5818181818064279 0.3774834436961098 0.024242424241934492 0.039735099336432614
0 0.5474747474636873 0.36092715230592953 0.024242424241934492 0.039735099336432614
0 0.6090909090786042 0.36092715230592953 0.0262626262620957 0.052980132448576814
0 0.6040404040282011 0.4056291390594162 0.028282828282256908 0.056291390726612864
0 0.617171717159249 0.4950331125663896 0.030303030302418116 0.06291390728268496
0 0.6676767676632792 0.4768211920371913 0.030303030302418116 0.059602649004648914
0 0.7101010100866645 0.4701986754811192 0.03434343434274053 0.059602649004648914
0 0.7414141413991633 0.4370860927007587 0.032323232322579325 0.059602649004648914
0 0.7151515151370675 0.4172185430325424 0.028282828282256908 0.052980132448576814
0 0.6888888888749719 0.4221854304495965 0.024242424241934492 0.056291390726612864
0 0.6393939393810223 0.4288079470056686 0.030303030302418116 0.056291390726612864
0 0.6636363636229567 0.4105960264764703 0.0262626262620957 0.052980132448576814
0 0.6373737373608611 0.390728476808254 0.022222222221773287 0.039735099336432614
