0 0.1272007042242324 0.528169014078308 0.12588028168903276 0.19014084506819084
0 0.22623239436420572 0.6320422535137085 0.17781690140688544 0.22183098591288933
0 0.3758802816868321 0.7177230046864117 0.2323943661951374 0.3298122065688989
0 0.04797535211225374 0.469483568069607 0.0941901408442413 0.17136150234540656
0 0.09727112675970713 0.4190140845021243 0.09066901408370891 0.11737089201740175
0 0.06734154929518185 0.36208920187368443 0.06249999999944983 0.08098591549200722
0 0.228873239434605 0.3673708920144675 0.0686619718303815 0.08920187793322534
0 0.3054577464761844 0.38849765257759983 0.061619718309316736 0.10093896713496552
0 0.38600352112336267 0.4336854460042995 0.07658450704157937 0.1068075117358356
0 0.5272887323897246 0.4225352112626463 0.07218309859091389 0.12441314553844586
0 0.6650528168955542 0.4424882629056046 0.08890845070344272 0.12910798121914194
0 0.7561619718243296 0.4800469483511732 0.11267605633703631 0.15258215962262228
0 0.783010563373389 0.8620892018678159 0.2737676056313929 0.264084507039154
0 0.9727112675970713 0.5428403755804831 0.05457746478825196 0.16079812206384042
