0 0.3133333333281111 0.43017456358029493 0.18333333333027776 0.3516209476221541
0 0.10833333333152778 0.4663341645768994 0.053333333332444444 0.10972568578279986
0 0.13249999999779166 0.46508728178391306 0.034999999999416664 0.072319201993209
0 0.17166666666380556 0.5149625935033675 0.07333333333211112 0.12219451371266349
0 0.42166666665963887 0.46134663340495397 0.0299999999995 0.06483790523529083
0 0.3933333333267778 0.4725685785418312 0.03333333333277778 0.09725685785293624
0 0.4833333333252778 0.47755610971377666 0.07999999999866667 0.12219451371266349
0 0.5358333333244027 0.4663341645768994 0.04499999999925 0.05985037406334538
0 0.5766666666570556 0.4837905236787085 0.03666666666605556 0.05985037406334538
0 0.6583333333223611 0.48129675809273575 0.12999999999783332 0.24438902742532698
0 0.7208333333213194 0.4139650872714722 0.034999999999416664 0.06483790523529083
0 0.7491666666541805 0.4600997506119676 0.048333333332527775 0.08728179550904534
0 0.7841666666535972 0.47880299250676306 0.038333333332694446 0.06483790523529083
0 0.8824999999852916 0.47880299250676306 0.07833333333202777 0.12468827929863621
0 0.9774999999837083 0.42643391520133583 0.04499999999925 0.09476309226696351
0 0.8991666666516805 0.35536159600111317 0.021666666666305553 0.03740648378959086
