0 0.18374999999540625 0.48689138574955465 0.05749999999856251 0.07490636703839303
0 0.2524999999936875 0.5243445692687512 0.054999999998625 0.09737827714991093
0 0.31874999999203124 0.4906367041014743 0.047499999998812506 0.08239700374223233
0 0.3762499999905938 0.4925093632774341 0.0524999999986875 0.09363295879799127
0 0.4487499999887813 0.483146067397635 0.0424999999989375 0.06741573033455373
0 0.54999999998625 0.5056179775091529 0.044999999998875 0.08988764044607163
0 0.5162499999870938 0.4925093632774341 0.037499999999062505 0.07865168539031267
0 0.6424999999839376 0.5187265917408717 0.044999999998875 0.07116104868647337
0 0.6187499999845313 0.4737827715178359 0.0274999999993125 0.041198501871116164
0 0.7224999999819376 0.4737827715178359 0.034999999999125 0.06367041198263407
0 0.7624999999809375 0.471910112341876 0.02999999999925 0.052434456926875116
0 0.79999999998 0.48127340822167514 0.034999999999125 0.06367041198263407
0 0.834999999979125 0.28651685392185333 0.054999999998625 0.09363295879799127
0 0.1224999999969375 0.471910112341876 0.024999999999375 0.044943820223035814
0 0.084999999997875 0.4737827715178359 0.024999999999375 0.041198501871116164
0 0.0599999999985 0.4531835205822778 0.024999999999375 0.052434456926875116
