0 0.08984374999912263 0.5559895833260939 0.10156249999900818 0.16145833333123102
0 0.19921874999805453 0.53580729165969 0.06835937499933244 0.09765624999872843
0 0.2651367187474108 0.5305989583264245 0.07519531249926568 0.10807291666525946
0 0.292968749997139 0.5045572916600969 0.0664062499993515 0.11848958333179051
0 0.35498046874653344 0.5006510416601477 0.059570312499418264 0.09244791666546293
0 0.4497070312456084 0.5429687499929301 0.05371093749947548 0.06510416666581896
0 0.545898437494669 0.5436197916595883 0.08593749999916078 0.10286458333199396
0 0.7680664062424994 0.3509114583287642 0.08886718749913217 0.12890624999832154
0 0.8105468749920846 0.5429687499929301 0.0878906249991417 0.1249999999983724
0 0.9287109374909307 0.5514322916594866 0.09960937499902726 0.1315104166649543
