0 0.0660377358478106 0.4773371104680641 0.06792452830060519 0.10481586401969359
0 0.12075471697885368 0.42492917845821726 0.04150943396148095 0.06798866855331476
0 0.17641509433629404 0.5155807365293036 0.08490566037575649 0.13597733710662951
0 0.17264150943070486 0.441926345596546 0.050943396225453894 0.06798866855331476
0 0.23962264150491278 0.42209631726849584 0.033962264150302596 0.06798866855331476
0 0.26509433961763973 0.4688385268988997 0.05471698113104307 0.07082152974303621
0 0.32547169810706655 0.6147308781695543 0.12264150943164827 0.25495750707493037
0 0.4132075471620149 0.4985835693909749 0.07169811320619437 0.13597733710662951
0 0.3132075471639017 0.43626062321710307 0.03773584905589177 0.056657223794428974
0 0.3509433962197935 0.4135977336993315 0.03018867924471342 0.056657223794428974
0 0.394339622634069 0.41643059488905293 0.033962264150302596 0.050991501414986075
0 0.4650943396138661 0.41643059488905293 0.03207547169750801 0.062322946173871865
0 0.49528301885857956 0.42209631726849584 0.03584905660309719 0.056657223794428974
0 0.509433962254539 0.4660056657091783 0.04528301886707013 0.0934844192608078
0 0.5490566037632253 0.4291784702427994 0.033962264150302596 0.05949008498415042
0 0.5339622641408686 0.40651558072502786 0.026415094339124243 0.04815864022526462
0 0.6028301886678711 0.4150141642941922 0.024528301886329654 0.04815864022526462
0 0.6424528301765574 0.41926345607877435 0.03207547169750801 0.045325779035543176
0 0.6424528301765574 0.5297450424779109 0.09245283018693484 0.21529745041883008
0 0.6943396226284086 0.5042492917704179 0.052830188678248485 0.11331444758885795
0 0.7150943396091491 0.43626062321710307 0.033962264150302596 0.062322946173871865
0 0.7679245282873975 0.41218130310447076 0.03018867924471342 0.05382436260470752
0 0.7943396226265218 0.44617563738112814 0.04150943396148095 0.07082152974303621
0 0.8433962263991811 0.48725212463208917 0.05660377358383766 0.09631728045052924
0 0.8339622641352082 0.4206798866736351 0.033962264150302596 0.05382436260470752
0 0.8849056603606621 0.4447592067862674 0.033962264150302596 0.06798866855331476
0 0.9537735848876646 0.5297450424779109 0.08490566037575649 0.15297450424495823
0 0.9698113207364186 0.41926345607877435 0.04150943396148095 0.06798866855331476
