0 0.10959507042157048 0.3796948356762947 0.0695422535205146 0.11854460093757578
0 0.1914612676039484 0.4947183098533484 0.0941901408442413 0.13497652582001202
0 0.30809859154658364 0.5622065727633544 0.12499999999889966 0.19248826290853888
0 0.39304577464442747 0.3755868544556856 0.05545774647838506 0.0868544600928773
0 0.3459507042223068 0.3562206572728143 0.0475352112671872 0.06220657276922293
0 0.2728873239412598 0.36443661971403246 0.05809859154878435 0.08802816901305131
0 0.23987676056126872 0.3080985915456796 0.03785211267572314 0.05516431924817883
0 0.2095070422516769 0.3010563380246355 0.031690140844791465 0.04342723004643865
0 0.1654929577450221 0.3280516431886379 0.03873239436585623 0.06924882629026703
0 0.27948943661725806 0.26995305164002403 0.02728873239412598 0.030516431924524457
0 0.30061619718045235 0.2811032863816772 0.025528169013859788 0.03638497652539455
0 0.34419014084204064 0.30281690140489653 0.028169014084259078 0.051643192487656774
0 0.4084507042217566 0.3104460093860277 0.028169014084259078 0.04812206572713472
0 0.4181338028132207 0.2746478873207201 0.02112676056319431 0.03521126760522053
0 0.39876760563029257 0.264084507039154 0.019366197182928115 0.028169014084176422
0 0.3622359154897691 0.2212441314528023 0.013204225351996442 0.024647887323654367
0 0.33538732394070964 0.26291079811897994 0.022887323943460502 0.03286384976487249
0 0.32350352112391284 0.26995305164002403 0.01672535211252883 0.025821596243828387
0 0.44718309858761285 0.2840375586821123 0.019366197182928115 0.028169014084176422
0 0.46522887323534134 0.31748826290707177 0.036091549295456944 0.04812206572713472
0 0.5070422535166634 0.330399061028986 0.03521126760532385 0.05046948356748276
0 0.5413732394318541 0.3691314553947285 0.05281690140798577 0.08098591549200722
0 0.6034330985862374 0.34154929577063914 0.03785211267572314 0.05399061032800481
0 0.5704225352062463 0.23650234741506454 0.026408450703992885 0.04107981220609062
0 0.5250880281643919 0.27582159624089414 0.022007042253327405 0.025821596243828387
0 0.5400528168966545 0.26936619717993704 0.01848591549279502 0.026995305164002406
0 0.49075704224920114 0.2881455399027213 0.020246478873061212 0.031690140844698476
0 0.49735915492519933 0.266431924879502 0.019366197182928115 0.025821596243828387
0 0.45422535210867765 0.23826291079532558 0.015845070422395732 0.025821596243828387
0 0.6153169014030342 0.3104460093860277 0.02464788732372669 0.03638497652539455
0 0.6016725352059712 0.27582159624089414 0.01672535211252883 0.021126760563132316
0 0.6355633802760955 0.29870892018428746 0.017605633802661926 0.031690140844698476
0 0.6610915492899553 0.3069248826255056 0.02464788732372669 0.04342723004643865
0 0.6615316901350218 0.28286384976193824 0.01672535211252883 0.025821596243828387
0 0.6294014084451638 0.2799295774615032 0.015845070422395732 0.019953051642958297
0 0.7086267605571425 0.2511737089172398 0.015845070422395732 0.021126760563132316
0 0.7513204225285975 0.24999999999706574 0.01672535211252883 0.028169014084176422
0 0.7354753521062019 0.3080985915456796 0.02728873239412598 0.03403755868504651
0 0.7477992957680653 0.34507042253116116 0.03257042253492456 0.04460093896661267
0 0.7852112675987218 0.4360328638446475 0.05985915492905054 0.11150234741653167
0 0.7667253521059267 0.2934272300435044 0.02464788732372669 0.030516431924524457
0 0.8076584506971157 0.30164319248472254 0.02728873239412598 0.039906103285916594
0 0.8485915492883047 0.2940140845035914 0.019366197182928115 0.03403755868504651
0 0.9238556337946845 0.31631455398689773 0.03433098591519075 0.04812206572713472
0 0.9775528168928033 0.3544600938925533 0.04313380281652171 0.06807511737009302
