0 0.0174999999995625 0.45666666665144445 0.02999999999925 0.06666666666444444
0 0.02624999999934375 0.4033333333198889 0.0224999999994375 0.046666666665111114
0 0.07624999999809376 0.40999999998633335 0.0274999999993125 0.046666666665111114
0 0.16374999999590625 0.4166666666527778 0.0274999999993125 0.046666666665111114
0 0.17374999999565627 0.39666666665344447 0.0224999999994375 0.03333333333222222
0 0.20874999999478125 0.40666666665311113 0.0274999999993125 0.046666666665111114
0 0.199999999995 0.4916666666502778 0.054999999998625 0.07666666666411111
0 0.2774999999930625 0.3866666666537778 0.024999999999375 0.03999999999866667
0 0.31124999999221875 0.39666666665344447 0.0224999999994375 0.03333333333222222
0 0.35249999999118753 0.3916666666536111 0.0199999999995 0.03666666666544444
0 0.3362499999915938 0.5149999999828333 0.05749999999856251 0.06999999999766666
0 0.4112499999897188 0.43499999998550004 0.037499999999062505 0.05666666666477778
0 0.4162499999895938 0.3883333333203889 0.0224999999994375 0.04333333333188889
0 0.46374999998840627 0.419999999986 0.0274999999993125 0.05333333333155556
0 0.504999999987375 0.44333333331855557 0.034999999999125 0.05333333333155556
0 0.5249999999868751 0.4133333333195556 0.024999999999375 0.046666666665111114
0 0.58999999998525 0.38499999998716666 0.0199999999995 0.03666666666544444
0 0.58999999998525 0.4366666666521111 0.034999999999125 0.05333333333155556
0 0.6437499999839063 0.4083333333197222 0.0274999999993125 0.049999999998333336
0 0.6724999999831875 0.39333333332022224 0.024999999999375 0.03999999999866667
0 0.7337499999816562 0.4599999999846667 0.037499999999062505 0.07333333333088889
0 0.7437499999814063 0.5783333333140556 0.0724999999981875 0.1033333333298889
0 0.74999999998125 0.40166666665327777 0.02999999999925 0.04333333333188889
0 0.814999999979625 0.2949999999901667 0.044999999998875 0.06999999999766666
0 0.8862499999778438 0.2899999999903333 0.0724999999981875 0.08666666666377779
