0 0.3741935483810614 0.6834625322820811 0.08064516128902185 0.1472868217016205
0 0.23790322580261447 0.5090439276354253 0.06290322580543704 0.10852713178014142
0 0.2612903225764308 0.4315245477924671 0.05483870967653486 0.08785529715535258
0 0.28951612902758844 0.37596899223834707 0.030645161289828304 0.05943152454626792
0 0.3048387096725026 0.31653746769207913 0.019354838709365246 0.033591731265281866
0 0.3411290322525624 0.3023255813875368 0.02096774193514568 0.03100775193718326
0 0.3185483870916363 0.2894056847470438 0.014516129032023933 0.020671834624788842
0 0.37661290321973206 0.32041343668422706 0.017741935483584808 0.03100775193718326
0 0.39435483870331683 0.31136950903588195 0.017741935483584808 0.033591731265281866
0 0.42499999999314514 0.40180878551933313 0.03387096774138918 0.06459948320246513
0 0.3854838709615245 0.37209302324619914 0.03225806451560874 0.05167958656197211
0 0.41451612902557233 0.3462532299652131 0.019354838709365246 0.03100775193718326
0 0.4443548387025104 0.31782945735612844 0.02096774193514568 0.025839793280986054
0 0.4629032257989854 0.251937984489614 0.019354838709365246 0.028423772609084658
0 0.5379032257977757 0.2364341085210224 0.01129032258046306 0.023255813952887446
0 0.05080645161208377 0.4276485788003192 0.059677419353876174 0.08527131782725397
0 0.05322580645075442 0.3436692506371145 0.04193548387029136 0.056847545218169315
0 0.12419354838509365 0.3488372092933117 0.03870967741873049 0.06718346253056373
0 0.17661290322295786 0.3139534883639805 0.02741935483826743 0.03875968992147908
0 0.020161290322255464 0.294573643403241 0.024193548386706554 0.036175710593380477
0 0.008870967741792404 0.27002583978630423 0.014516129032023933 0.028423772609084658
0 0.06774193548277836 0.27131782945035354 0.019354838709365246 0.025839793280986054
0 0.0870967741921436 0.32170542634827637 0.029032258064047866 0.0490956072338735
0 0.09919354838549688 0.3023255813875368 0.02096774193514568 0.036175710593380477
0 0.10967741935306972 0.2571059431458112 0.019354838709365246 0.028423772609084658
0 0.13951612903000782 0.26614987079415636 0.017741935483584808 0.025839793280986054
0 0.15887096773937304 0.26614987079415636 0.017741935483584808 0.020671834624788842
0 0.20241935483544485 0.2777777777706001 0.01129032258046306 0.018087855296690238
0 0.2088709677385666 0.30103359172348754 0.017741935483584808 0.028423772609084658
0 0.22741935483504164 0.30878552970778333 0.019354838709365246 0.033591731265281866
0 0.2685483870924428 0.2906976744110931 0.014516129032023933 0.023255813952887446
0 0.47338709676655827 0.5129198966275732 0.046774193547632674 0.10594315245204282
0 0.5766129032165063 0.8307493539837016 0.10806451612728928 0.1937984496073954
0 0.5870967741840791 0.42118863048007266 0.035483870967169616 0.056847545218169315
0 0.5225806451528616 0.38242894055859356 0.025806451612486993 0.04651162790577489
0 0.4879032257985822 0.36563307492595265 0.017741935483584808 0.03875968992147908
0 0.49274193547592354 0.3320413436606708 0.01129032258046306 0.033591731265281866
0 0.47661290321811917 0.324289405676375 0.017741935483584808 0.028423772609084658
0 0.5266129032173127 0.3385012919809173 0.014516129032023933 0.03100775193718326
0 0.5233870967657518 0.3229974160123257 0.014516129032023933 0.025839793280986054
0 0.538709677410666 0.32816537466852286 0.012903225806243496 0.025839793280986054
0 0.5564516128942508 0.3333333333247201 0.019354838709365246 0.03100775193718326
0 0.5693548387004943 0.32558139534042424 0.01612903225780437 0.025839793280986054
0 0.5854838709582987 0.3695090439181006 0.02258064516092612 0.041343669249577684
0 0.5919354838614204 0.3462532299652131 0.019354838709365246 0.036175710593380477
0 0.7314516128914282 0.35529715761355823 0.014516129032023933 0.033591731265281866
0 0.7572580645039152 0.37596899223834707 0.024193548386706554 0.033591731265281866
0 0.7919354838581946 0.37080103358214983 0.01612903225780437 0.033591731265281866
0 0.8298387096640348 0.36563307492595265 0.017741935483584808 0.033591731265281866
0 0.8112903225675598 0.38372093022264286 0.019354838709365246 0.03875968992147908
0 0.8427419354702783 0.45994832040155176 0.0435483870960718 0.06201550387436652
0 0.8766129032116675 0.41731266148792473 0.03387096774138918 0.05426356589007071
0 0.9080645161143861 0.41085271316767824 0.025806451612486993 0.04651162790577489
0 0.9637096774038111 0.5284237725961648 0.04999999999919355 0.08527131782725397
0 0.9629032257909209 0.45736434107345314 0.04193548387029136 0.06718346253056373
0 0.9838709677260666 0.405684754511481 0.029032258064047866 0.06201550387436652
