0 0.4782021604929047 0.2952835648139604 0.061342592592474265 0.11776620370336295
0 0.4570794753077603 0.6857638888869046 0.1020447530862229 0.15914351851805802
0 0.4787808641966073 0.82277199073836 0.12191358024667841 0.14380787036995427
0 0.773051697529373 0.6455439814796136 0.07928240740725447 0.14467592592550732
0 0.7485532407392967 0.573784722220562 0.07310956790109353 0.10648148148117338
0 0.8073881172823931 0.7100694444423898 0.09432870370352174 0.14351851851810324
0 0.9462770061710142 0.8101851851828409 0.10744598765411373 0.2135416666660488
0 0.2776813271599582 0.5969328703686432 0.06539351851839237 0.10937499999968353
0 0.1973379629625823 0.6877893518498618 0.09374999999981916 0.17361111111060876
0 0.10648148148127608 0.7773437499977508 0.16126543209845434 0.2450810185178094
0 0.09027777777760362 0.6073495370352797 0.08333333333317258 0.12615740740704237
