0 0.13061224489529363 0.3892128279769909 0.06122448979466889 0.10787172011347314
0 0.18061224489427322 0.3367346938677337 0.042857142856268224 0.07288629737396833
0 0.24591836734192005 0.3804664722921147 0.055102040815202 0.0962099125336382
0 0.303061224483611 0.5291545189350101 0.10816326530391504 0.17201166180256527
0 0.3714285714209913 0.31632653060302257 0.03673469387680133 0.055393586004215935
0 0.4928571428470846 0.3192419824979813 0.03469387755031237 0.0612244897941334
0 0.6387755101910454 0.6632653061031119 0.11836734693635985 0.18950437317231766
0 0.6183673469261558 0.3411078717101718 0.044897959182757186 0.06413994168909214
0 0.7040816326386923 0.3979591836618671 0.044897959182757186 0.07288629737396833
0 0.7275510203933153 0.36005830902740354 0.042857142856268224 0.055393586004215935
0 0.8132653061058518 0.4271137026114544 0.059183673468179925 0.0962099125336382
0 0.8081632652896293 0.34402332360513055 0.03673469387680133 0.052478134109257196
0 0.8704081632475428 0.349854227395048 0.03469387755031237 0.052478134109257196
0 0.9459183673276343 0.36005830902740354 0.030612244897334447 0.049562682214298465
