0 0.054166666665914354 0.33541666665967884 0.06944444444347994 0.10833333333107639
0 0.13541666666478588 0.5135416666559679 0.1291666666648727 0.21458333332886284
0 0.26180555555191937 0.4708333333235243 0.10138888888748071 0.18333333332951388
0 0.21388888888591823 0.33437499999303383 0.05833333333252315 0.09791666666462673
0 0.3611111111060957 0.36458333332573784 0.06388888888800155 0.09999999999791667
0 0.44999999999375 0.43854166665753036 0.09444444444313271 0.14791666666358508
0 0.6298611111023631 0.3562499999925781 0.05694444444365355 0.11249999999765625
0 0.6027777777694059 0.34270833332619355 0.04999999999930556 0.09374999999804687
0 0.7833333333224537 0.32708333332651907 0.04999999999930556 0.08749999999817708
0 0.8083333333221066 0.46041666665707465 0.08611111110991512 0.16666666666319443
0 0.8986111110986305 0.5166666666559028 0.1222222222205247 0.2249999999953125
0 0.95208333332011 0.419791666657921 0.09027777777652392 0.14791666666358508
