0 0.27166666665761113 0.692477876075554 0.12999999999566667 0.16371681415204792
0 0.46499999998450003 0.6039823008582308 0.06999999999766666 0.110619469021654
0 0.3449999999885 0.6017699114777978 0.06333333333122222 0.07964601769559088
0 0.4049999999865 0.526548672543073 0.049999999998333336 0.0884955752173232
0 0.539999999982 0.5508849557278369 0.07333333333088889 0.10176991149992168
0 0.5049999999831667 0.4823008849344114 0.04333333333188889 0.05309734513039392
0 0.5583333333147222 0.32300884954322967 0.029999999999 0.0442477876086616
0 0.6566666666447778 0.49115044245614375 0.046666666665111114 0.07079646017385856
0 0.7699999999743333 0.5132743362604746 0.05333333333155556 0.06194690265212624
0 0.6749999999775 0.5398230088256715 0.049999999998333336 0.07079646017385856
0 0.9016666666366111 0.5110619468800415 0.04333333333188889 0.07522123893472472
0 0.1916666666602778 0.5199115044017738 0.029999999999 0.048672566369527756
0 0.2783333333240556 0.4999999999778761 0.04333333333188889 0.06194690265212624
0 0.059999999998 0.5154867256409076 0.03999999999866667 0.05752212389126008
