0 0.13076923076721894 0.38683602770469194 0.08615384615252071 0.15011547343764167
0 0.2530769230730296 0.6512702078371531 0.06923076922970414 0.1154734411058782
0 0.4230769230704142 0.5554272517192741 0.052307692306887574 0.09468822170682012
0 0.4707692307619882 0.5230946882096282 0.04923076923001184 0.09006928406258499
0 0.5876923076832663 0.534642032320216 0.043076923076260355 0.08545034641834987
0 0.6546153846053137 0.530023094675981 0.044615384614698224 0.07159353348564448
0 0.7730769230650296 0.4515011547239838 0.04153846153782249 0.07159353348564448
0 0.8523076922945799 0.5958429561063315 0.06461538461439054 0.12009237875011333
0 0.9230769230627219 0.5381062355533924 0.04923076923001184 0.09699769052893768
0 0.9838461538310178 0.54041570437551 0.03230769230719527 0.0831408775962323
