0 0.09991708125953636 0.5598503740578572 0.0721393034819889 0.10723192019816419
0 0.15464344941828656 0.5554862842823505 0.0572139303477843 0.09850374064715081
0 0.13723051409504786 0.4975062344077617 0.0439469320062691 0.06733167082210309
0 0.1558872305128036 0.45635910223869874 0.029850746268409202 0.049875311720076365
0 0.091210613597917 0.4881546134602474 0.0447761194026138 0.053615960099082094
0 0.06260364842402485 0.46134663341070636 0.0356550580428221 0.062344139650095456
0 0.0688225538966101 0.4332917705681634 0.029850746268409202 0.041147132169063
0 0.19610281923552156 0.4700748129617197 0.0373134328355115 0.06982543640810691
0 0.22346600331489666 0.4682044887722169 0.0273631840793751 0.053615960099082094
0 0.2097844112752091 0.4295511221891577 0.029850746268409202 0.046134663341070636
0 0.2790215588699915 0.5099750623377808 0.048922056384337304 0.0947630922681451
0 0.30389718076033256 0.5031172069762703 0.0373134328355115 0.07605985037311645
0 0.2694859038120275 0.43391521196466437 0.0265339966830304 0.049875311720076365
0 0.339966832501327 0.4750623441337274 0.033167495853788004 0.054862842892084
0 0.34038142619949935 0.43142144637866053 0.0290215588720645 0.03990024937606109
0 0.40588723051073067 0.466334164582714 0.0953565505796405 0.1795511221922749
0 0.4013266998308348 0.79675810472822 0.116086235488258 0.21695760598233219
0 0.558043117739983 0.3167082294224849 0.0945273631832958 0.1770573566062711
0 0.6861525704752393 0.4320448877751615 0.0273631840793751 0.05112219451307827
0 0.48300165837078773 0.506857855355276 0.0389718076282009 0.07605985037311645
0 0.5190713101117822 0.5137157107167866 0.0281923714757198 0.06982543640810691
0 0.5082918739593011 0.46446384039321115 0.0364842454391668 0.05860349127108973
0 0.5331674958496421 0.4295511221891577 0.0215588723049622 0.04862842892707445
0 0.4763681592000302 0.4276807979996548 0.0240464344939963 0.05236907730608018
