0 0.31699999999365996 0.47385620913484133 0.07799999999844 0.13725490195629886
0 0.35999999999279997 0.6176470588033449 0.09599999999808 0.1633986928051177
0 0.33999999999319996 0.3741830065237195 0.04399999999912 0.08823529411476355
0 0.50699999998986 0.6290849672997031 0.08199999999836 0.14052287581240122
0 0.58399999998832 0.6045751633789355 0.09599999999808 0.1633986928051177
0 0.5899999999882 0.35947712417125893 0.06399999999872 0.11111111110748004
0 0.70099999998598 0.5147058823361207 0.10199999999796 0.2058823529344483
0 0.79299999998414 0.655228758148522 0.11799999999763999 0.2058823529344483
0 0.69199999998616 0.3202614378980307 0.06799999999864 0.14379084966850358
0 0.7449999999851 0.341503267962696 0.04199999999916 0.09477124182696826
