0 0.09777777777560494 0.7508361203762263 0.06222222222083951 0.0903010033414615
0 0.06888888888735802 0.7090301003107348 0.03999999999911111 0.06020066889430767
0 0.11777777777516049 0.6889632106792989 0.03999999999911111 0.06020066889430767
0 0.1355555555525432 0.7040133779028759 0.03555555555476543 0.056856187289068355
0 0.1577777777742716 0.7357859531526493 0.053333333332148146 0.07357859531526494
0 0.17333333332948148 0.673913043455722 0.03555555555476543 0.05016722407858973
0 0.21666666666185183 0.7140468227185938 0.03777777777693827 0.056856187289068355
0 0.22222222221728394 0.6772575250609613 0.026666666666074073 0.043478260868111095
0 0.23999999999466665 0.6538461538242861 0.026666666666074073 0.043478260868111095
0 0.24777777777227158 0.6872909698766793 0.02888888888824691 0.05016722407858973
0 0.23888888888358023 0.8277591972967305 0.09555555555343209 0.1571906354462478
0 0.2966666666600741 0.8043478260600553 0.05999999999866666 0.10367892976241877
0 0.32777777777049383 0.7709030100076621 0.04666666666562963 0.07692307692050425
0 0.27777777777160495 0.673913043455722 0.026666666666074073 0.05016722407858973
0 0.2988888888822469 0.6555183946269058 0.019999999999555554 0.03344481605239315
0 0.3233333333261481 0.6505016722190468 0.024444444443901234 0.03678929765763247
0 0.37444444443612346 0.7140468227185938 0.03777777777693827 0.056856187289068355
0 0.3877777777691605 0.6973244146923973 0.03333333333259259 0.056856187289068355
0 0.41444444443523454 0.6722408026531024 0.03333333333259259 0.05351170568382904
0 0.42666666665718517 0.6438127090085681 0.026666666666074073 0.03678929765763247
0 0.3855555555469876 0.8093645484679143 0.08222222222039506 0.14715719063052987
0 0.4555555555454321 0.8060200668626749 0.05777777777649382 0.14046822742005124
0 0.4788888888782469 0.7207357859290724 0.03777777777693827 0.06354515049954698
0 0.46888888887846913 0.6889632106792989 0.031111111110419754 0.04013377926287178
0 0.4733333333228148 0.6505016722190468 0.022222222221728392 0.03678929765763247
0 0.5222222222106173 0.605351170548316 0.022222222221728392 0.04013377926287178
0 0.518888888877358 0.6521739130216665 0.019999999999555554 0.03344481605239315
0 0.561111111098642 0.6571906354295254 0.024444444443901234 0.043478260868111095
0 0.5366666666547407 0.6906354514819185 0.03333333333259259 0.06354515049954698
0 0.5688888888762469 0.844481605322927 0.08888888888691357 0.15050167223576918
0 0.5822222222092839 0.7525083611788459 0.06222222222083951 0.09364548494670083
0 0.5922222222090617 0.6939799330871579 0.03333333333259259 0.056856187289068355
0 0.6344444444303456 0.7341137123500296 0.03333333333259259 0.056856187289068355
0 0.6755555555405431 0.7441471571657476 0.04888888888780247 0.0903010033414615
0 0.7122222222063951 0.7993311036521963 0.06888888888735802 0.12040133778861534
0 0.6544444444299012 0.6772575250609613 0.024444444443901234 0.05016722407858973
0 0.6488888888744692 0.6471571906138075 0.022222222221728392 0.030100334447153834
0 0.6911111110957531 0.6421404682059485 0.026666666666074073 0.04013377926287178
0 0.7111111110953086 0.6622073578373844 0.026666666666074073 0.046822742473350415
0 0.7366666666502962 0.6705685618504826 0.03333333333259259 0.056856187289068355
0 0.7322222222059506 0.6371237457980895 0.024444444443901234 0.030100334447153834
0 0.7722222222050616 0.6923076922845383 0.04666666666562963 0.07357859531526494
0 0.7777777777604938 0.6538461538242861 0.022222222221728392 0.043478260868111095
0 0.8122222222041728 0.6672240802452434 0.02888888888824691 0.05016722407858973
0 0.8266666666482962 0.7341137123500296 0.03555555555476543 0.07023411371002562
0 0.8177777777596049 0.8745819397700809 0.09777777777560494 0.1571906354462478
0 0.9211111110906419 0.7792642140207604 0.055555555554320984 0.09364548494670083
0 0.9077777777576049 0.7173913043238331 0.03777777777693827 0.07023411371002562
0 0.926666666646074 0.6939799330871579 0.044444444443456785 0.07692307692050425
0 0.8544444444254568 0.6571906354295254 0.03333333333259259 0.056856187289068355
0 0.982222222200395 0.6939799330871579 0.03555555555476543 0.07023411371002562
