0 0.31838235293649436 0.8270833333161024 0.083823529410532 0.13333333333055555
0 0.08455882352816825 0.721874999984961 0.0661764705872621 0.1020833333312066
0 0.08970588235162197 0.661458333319553 0.052941176469809684 0.056249999998828126
0 0.1419117647037954 0.6385416666533638 0.030882352940722318 0.0479166666656684
0 0.1838235294090614 0.6510416666531033 0.032352941175994805 0.056249999998828126
0 0.16617647058579152 0.6999999999854166 0.038235294117084775 0.0749999999984375
0 0.1772058823503352 0.5979166666542101 0.027941176470177333 0.04583333333237847
0 0.23602941176123485 0.5864583333211154 0.030882352940722318 0.04374999999908854
0 0.2286764705848724 0.6458333333198785 0.027941176470177333 0.04583333333237847
0 0.2676470588195934 0.6552083333196832 0.038235294117084775 0.060416666665407986
0 0.30735294117195067 0.6260416666536242 0.029411764705449824 0.03958333333250868
0 0.30073529411322447 0.5916666666543403 0.02205882352908737 0.03749999999921875
0 0.34338235293612673 0.6520833333197482 0.02499999999963235 0.049999999998958336
0 0.3661764705828503 0.689583333318967 0.029411764705449824 0.06666666666527778
0 0.3676470588181228 0.6270833333202691 0.026470588234904842 0.04583333333237847
0 0.3669117647004866 0.5749999999880209 0.019117647058542388 0.04583333333237847
0 0.3992647058764814 0.6479166666531684 0.030882352940722318 0.06249999999869792
0 0.4323529411701124 0.6249999999869792 0.029411764705449824 0.049999999998958336
0 0.4735294117577422 0.6354166666534288 0.035294117646539794 0.04583333333237847
0 0.45882352940501725 0.6822916666524522 0.032352941175994805 0.060416666665407986
0 0.5249999999922794 0.6343749999867838 0.032352941175994805 0.06458333333198785
0 0.5426470588155493 0.6749999999859375 0.029411764705449824 0.054166666665538196
0 0.5654411764622729 0.6218749999870442 0.030882352940722318 0.052083333332248266
0 0.574999999991544 0.5177083333225477 0.02352941176435986 0.04374999999908854
0 0.62867647057899 0.6781249999858724 0.030882352940722318 0.052083333332248266
0 0.5992647058735402 0.6552083333196832 0.027941176470177333 0.0479166666656684
0 0.6176470588144464 0.5947916666542752 0.029411764705449824 0.04374999999908854
0 0.6669117646960748 0.630208333320204 0.036764705881812285 0.0479166666656684
0 0.6786764705782548 0.5927083333209853 0.030882352940722318 0.04374999999908854
0 0.6999999999897059 0.6687499999860677 0.026470588234904842 0.054166666665538196
0 0.7397058823420631 0.6208333333203992 0.032352941175994805 0.04166666666579861
0 0.7279411764598832 0.5864583333211154 0.026470588234904842 0.03958333333250868
0 0.7808823529296929 0.6062499999873698 0.029411764705449824 0.054166666665538196
0 0.8102941176351427 0.6333333333201389 0.029411764705449824 0.054166666665538196
0 0.7867647058707828 0.6749999999859375 0.032352941175994805 0.058333333332118056
0 0.8602941176344074 0.6854166666523871 0.04411764705817474 0.058333333332118056
0 0.9183823529276708 0.6802083333191623 0.039705882352357266 0.0479166666656684
