0 0.09833333333224074 0.43499999999275 0.05666666666603704 0.07999999999866667
0 0.23944444444178398 0.43083333332615276 0.045555555555049386 0.061666666665638886
0 0.26611111110815433 0.33083333332781945 0.041111111110654325 0.06833333333219445
0 0.2572222222193642 0.5333333333244444 0.1033333333321852 0.14666666666422223
0 0.4049999999955 0.5099999999915 0.061111111110432104 0.119999999998
0 0.3711111111069877 0.42416666665959724 0.04222222222175309 0.05833333333236111
0 0.20777777777546916 0.502499999991625 0.05777777777713581 0.09166666666513888
0 0.5488888888827902 0.42749999999287497 0.051111111110543214 0.09499999999841667
0 0.566111111104821 0.4033333333266111 0.04333333333285185 0.06333333333227778
0 0.6099999999932223 0.4066666666598889 0.04888888888834568 0.059999999999
0 0.6377777777706914 0.5458333333242361 0.07999999999911112 0.14166666666430555
0 0.7205555555475495 0.4816666666586389 0.06999999999922223 0.10333333333161111
0 0.7055555555477161 0.42333333332627776 0.051111111110543214 0.07333333333211112
0 0.8016666666577593 0.42666666665955555 0.045555555555049386 0.059999999999
0 0.9333333333229631 0.4466666666592222 0.0644444444437284 0.09333333333177778
