0 0.02999999999933333 0.5199999999826667 0.055555555554320984 0.15333333332822222
0 0.20777777777316048 0.7149999999761667 0.07777777777604938 0.16999999999433335
0 0.41444444443523454 0.6599999999780001 0.07777777777604938 0.12666666666244444
0 0.2555555555498765 0.5116666666496111 0.053333333332148146 0.1033333333298889
0 0.23999999999466665 0.4283333333190556 0.044444444443456785 0.08333333333055556
0 0.30333333332659257 0.3999999999866667 0.03333333333259259 0.06666666666444444
0 0.35333333332548145 0.4366666666521111 0.03999999999911111 0.07999999999733334
0 0.38666666665807403 0.4083333333197222 0.03555555555476543 0.049999999998333336
0 0.45222222221217284 0.4166666666527778 0.03777777777693827 0.07333333333088889
0 0.651111111096642 0.3999999999866667 0.031111111110419754 0.059999999998
0 0.6811111110959753 0.4366666666521111 0.042222222221283946 0.07999999999733334
0 0.7144444444285679 0.39833333332005555 0.02888888888824691 0.06333333333122222
0 0.7599999999831111 0.44333333331855557 0.031111111110419754 0.06666666666444444
0 0.8222222222039506 0.43833333331872226 0.03555555555476543 0.06333333333122222
0 0.7566666666498518 0.5583333333147222 0.05999999999866666 0.12333333332922222
0 0.9311111110904197 0.5783333333140556 0.07111111110953086 0.12999999999566667
0 0.9488888888678024 0.6999999999766667 0.06666666666518518 0.12666666666244444
