0 0.6487766377217934 0.3577449947275264 0.03157063930519676 0.0516332982080966
0 0.02249408050495269 0.7650158061036353 0.03867403314886603 0.07797681770202343
0 0.07419100236721239 0.7723919915619348 0.05682715074935417 0.08640674394008002
0 0.1254932912381571 0.7207586933538382 0.04893449092305498 0.06533192834493855
0 0.17797947908304673 0.7407797681692226 0.049723756905684896 0.06954689146396685
0 0.22730860299741668 0.7581664910352143 0.05524861878409433 0.06849315068420977
0 0.1452249408039051 0.8250790305497885 0.050513022888314815 0.09272918861862246
0 0.18745067087460576 0.818756585871246 0.07498026834984231 0.0990516332971649
0 0.22967640094530642 0.8519494204335939 0.08524072612403125 0.12328767123157759
0 0.29084451459912514 0.7929399367671978 0.0623520126277636 0.10010537407692198
0 0.22809786898004658 0.703898840877725 0.05524861878409433 0.08219178082105173
0 0.37174427781869185 0.7881981032582909 0.07576953433247222 0.12434141201133467
0 0.3930544593496997 0.6981032665890612 0.05682715074935417 0.0832455216008088
0 0.4617205998385026 0.6696522655356202 0.041041831096755785 0.07692307692226635
0 0.45461720599483335 0.8366701791271163 0.08050513022825173 0.11591148577327808
0 0.5146014206747072 0.809799789243311 0.06471981057565336 0.10221285563643612
0 0.5027624309352584 0.7276080084222591 0.05367008681883449 0.07692307692226635
0 0.5891870560332345 0.6954689146396684 0.041831097079385704 0.0674394099044527
0 0.6835043409575099 0.782402528969627 0.07103393843669271 0.09378292939837954
0 0.710734017358242 0.7260273972526236 0.07340173638458247 0.10115911485667906
0 0.7387529597416042 0.6796628029433124 0.039463299131495946 0.06111696522591026
0 0.7659826361423364 0.6496311907202358 0.05445935280146441 0.07481559536275222
0 0.7474348855505333 0.9225500526773178 0.11681136542922801 0.15279241306477565
0 0.8559589581621472 0.9304531085254958 0.1286503551686768 0.1390937829279337
0 0.5686661404848566 0.9436248682724593 0.13496448302971614 0.10853530031497856
0 0.4356748224117153 0.9510010537307587 0.12312549329026737 0.09167544783886539
0 0.8902920284065486 0.7860906216987767 0.08681925808929108 0.11801896733279223
0 0.8453038673966432 0.5748155953574835 0.0457774269925353 0.062170706005667334
