0 0.39784053155485316 0.2065727699482025 0.03820598006581053 0.051643192487050626
0 0.3006644518222481 0.3591549295690339 0.03986710963388925 0.07511737089025546
0 0.3230897009913108 0.34859154928759173 0.03488372092965309 0.06338028168865303
0 0.2533222591320046 0.38028169013191826 0.05481727574659772 0.07042253520961449
0 0.1677740863759506 0.4119718309762448 0.06644518272314875 0.0962441314531398
0 0.20182724252156434 0.35328638496823267 0.044850498338125405 0.068075117369294
0 0.15033222591112405 0.3427230046867905 0.044850498338125405 0.07042253520961449
0 0.09302325581240825 0.3873239436528797 0.053156146178519 0.08450704225153739
0 0.07724252491566042 0.48591549294633996 0.09136212624432953 0.14084507041922897
0 0.02574750830522014 0.40023474177464236 0.044850498338125405 0.10563380281442174
0 0.5456810631138591 0.3650234741698351 0.05149501661044028 0.07746478873057594
0 0.5490033222500166 0.4377934272197701 0.07475083056354234 0.13380281689826753
0 0.6162790697572047 0.4495305164213725 0.07308970099546362 0.12910798121762657
0 0.7068106312174948 0.48239436618585924 0.10132890365280184 0.16197183098211332
0 0.6976744185930619 0.40023474177464236 0.053156146178519 0.08215962441121691
0 0.6644518272314875 0.3650234741698351 0.03654485049773181 0.068075117369294
0 0.8330564783914775 0.6643192488106967 0.13787375415053366 0.21126760562884347
0 0.8563122923445795 0.42253521125768695 0.0714285714273849 0.12676056337730607
0 0.9767441860302866 0.4894366197068207 0.046511627906204125 0.13380281689826753
0 0.977574750814326 0.39201877933352064 0.04152823920196797 0.08450704225153739
