0 0.4710937499963196 0.5752753977897763 0.10624999999916993 0.2619339045255577
0 0.664843749994806 0.47246022031245455 0.09218749999927979 0.19583843329013662
0 0.6964843749945587 0.38433292533189306 0.08359374999934693 0.15422276621598258
0 0.8066406249936982 0.37270501835529124 0.07578124999940797 0.12362301101439872
0 0.8402343749934357 0.3831089351238297 0.05390624999957886 0.1272949816385888
0 0.8644531249932466 0.29926560587149 0.04921874999961548 0.12117503059827202
0 0.90624999999292 0.29253365972714157 0.03593749999971924 0.08078335373218135
0 0.928906249992743 0.2698898408779695 0.028124999999780274 0.06731946144348445
0 0.9624999999924805 0.2833537331666664 0.03593749999971924 0.06976744185961116
0 0.8015624999937379 0.21725826193124528 0.02968749999976807 0.050183598530597506
0 0.8039062499937195 0.278457772334413 0.02968749999976807 0.062423500611231045
0 0.7488281249941499 0.25520195838120924 0.03359374999973755 0.062423500611231045
0 0.755078124994101 0.20869033047480182 0.02734374999978638 0.05263157894672421
0 0.6847656249946503 0.278457772334413 0.035156249999725345 0.06976744185961116
0 0.7085937499944641 0.2717258261900645 0.028124999999780274 0.0660954712354211
0 0.6949218749945709 0.21297429620302355 0.03203124999974976 0.048959608322534154
0 0.6425781249949799 0.2906976744150465 0.041406249999676514 0.09914320685313166
0 0.6425781249949799 0.24112607098848068 0.02890624999977417 0.05140758873866086
0 0.6062499999952637 0.21725826193124528 0.031249999999755862 0.05997552019510433
0 0.5835937499954407 0.2955936352472999 0.05624999999956055 0.1138310893498919
0 0.4874999999961914 0.2692778457739378 0.03906249999969483 0.07099143206767451
0 0.5238281249959076 0.24663402692476577 0.02734374999978638 0.05997552019510433
0 0.5527343749956818 0.23194614442800554 0.02890624999977417 0.05752753977897763
0 0.5566406249956513 0.19951040391432667 0.019531249999847414 0.036719706241900615
0 0.5753906249955048 0.2166462668272136 0.019531249999847414 0.041615667074154025
0 0.4539062499964539 0.2619339045255577 0.03906249999969483 0.0660954712354211
0 0.3441406249973114 0.2760097919182863 0.052343749999591065 0.1113831089337652
0 0.4007812499968689 0.27662178702231793 0.03906249999969483 0.10036719706119501
0 0.3761718749970612 0.2521419828610509 0.03359374999973755 0.07588739289992794
0 0.377734374997049 0.20807833537077014 0.022656249999823 0.03916768665802732
0 0.40156249999686283 0.19094247245788318 0.02656249999979248 0.053855569154787564
0 0.3191406249975067 0.21113831089092852 0.02734374999978638 0.05752753977897763
0 0.257031249997992 0.31395348836825027 0.05312499999958496 0.1113831089337652
0 0.25312499999802246 0.2698898408779695 0.045312499999646 0.05263157894672421
0 0.26601562499792175 0.2252141982836571 0.025781249999798587 0.04651162790640744
0 0.249218749998053 0.1903304773538515 0.03906249999969483 0.055079559362850916
0 0.2136718749983307 0.22827417380381548 0.039843749999688725 0.062423500611231045
0 0.17695312499861757 0.2692778457739378 0.050781249999603276 0.08323133414830805
0 0.055078124999569704 0.3335373316972639 0.06953124999945678 0.13096695226277885
0 0.05781249999954834 0.26621787025377947 0.04999999999960938 0.06487148102735775
0 0.05859374999954224 0.22582619338768878 0.03593749999971924 0.05263157894672421
0 0.1328124999989624 0.24235006119654404 0.040624999999682616 0.07099143206767451
0 0.4410156249965546 0.34577723377789743 0.08515624999933472 0.15299877600791922
0 0.460546874996402 0.22154222765946702 0.03359374999973755 0.048959608322534154
