0 0.44099999999118 0.7165948275707631 0.19399999999612 0.23491379309838548
0 0.48399999999032 0.5495689655053972 0.13599999999728 0.1465517241347726
0 0.52699999998946 0.43426724136995115 0.08599999999828 0.10560344827358613
0 0.49199999999016 0.37607758619879145 0.05599999999888 0.062499999998653015
0 0.40299999999193997 0.41487068964623125 0.06599999999868 0.07974137930862626
0 0.2949999999941 0.4396551724043178 0.09799999999804 0.10344827585983948
0 0.27599999999448 0.3706896551644248 0.05599999999888 0.06896551723989298
0 0.18499999999629999 0.42995689654245783 0.08199999999836 0.08405172413611957
0 0.20199999999596 0.36961206895755144 0.051999999998959996 0.06681034482614633
0 0.12899999999741998 0.5862068965390904 0.14599999999708 0.16810344827223914
0 0.06299999999874 0.4967672413686042 0.10199999999796 0.07974137930862626
0 0.09599999999808 0.4170258620599779 0.07199999999856 0.08836206896361289
0 0.07299999999854 0.3620689655094382 0.06199999999876 0.0732758620673863
0 0.69799999998604 0.4870689655067442 0.11599999999768 0.12499999999730603
0 0.6799999999863999 0.38900862068127134 0.06399999999872 0.07543103448113295
0 0.6339999999873199 0.3599137930956915 0.04799999999904 0.06465517241239967
0 0.7399999999851999 0.3825431034400314 0.05599999999888 0.06681034482614633
0 0.8049999999838999 0.39547413792251135 0.053999999998919995 0.07974137930862626
0 0.79399999998412 0.3426724137857183 0.039999999999199995 0.043103448274933114
0 0.81599999998368 0.6056034482628103 0.14799999999704 0.1853448275822124
0 0.9159999999816799 0.43318965516307784 0.07199999999856 0.09482758620485285
0 0.92799999998144 0.3857758620606514 0.04799999999904 0.06034482758490636
0 0.9099999999817999 0.34159482757884496 0.03599999999928 0.04525862068867977
0 0.93399999998132 0.33512931033760496 0.039999999999199995 0.053879310343666394
0 0.97399999998052 0.3437499999925916 0.03599999999928 0.053879310343666394
