0 0.07833333333268057 0.27749999999653124 0.10166666666581946 0.16749999999790624
0 0.16833333333193057 0.24812499999689844 0.10666666666577779 0.17374999999782811
0 0.4770833333293577 0.33124999999585936 0.18749999999843753 0.329999999995875
0 0.14208333333214931 0.729999999990875 0.1658333333319514 0.2649999999966875
0 0.21624999999819794 0.8706249999891171 0.19249999999839584 0.2512499999968594
0 0.6245833333281285 0.6974999999912812 0.17249999999856253 0.2949999999963125
0 0.6070833333282744 0.30124999999623436 0.11083333333240973 0.20249999999746873
0 0.8137499999932188 0.48187499999397654 0.13083333333224306 0.2187499999972656
0 0.8383333333263473 0.776874999990289 0.18333333333180557 0.31124999999610936
0 0.9262499999922813 0.7912499999901094 0.14249999999881252 0.23249999999709373
0 0.7949999999933751 0.4287499999946406 0.12999999999891668 0.22499999999718748
