0 0.13099999999869 0.7482206405560815 0.15799999999842 0.29715302490574463
0 0.216499999997835 0.5355871886025696 0.07899999999921 0.1530249110293056
0 0.352499999996475 0.49999999999110323 0.06699999999933 0.1281138790012791
0 0.41099999999589 0.5658362989223161 0.0899999999991 0.14590747330701231
0 0.443499999995565 0.45818505337263016 0.04899999999951 0.09430604982038601
0 0.495499999995045 0.5169039145815497 0.06299999999937 0.10498220640382594
0 0.78799999999212 0.6120996441172224 0.07399999999926 0.1281138790012791
0 0.87099999999129 0.5729537366446094 0.09199999999908 0.16725978647389217
0 0.814499999991855 0.48843416369237663 0.05099999999949 0.09430604982038601
0 0.78599999999214 0.4439501779280436 0.047999999999519996 0.09430604982038601
0 0.75799999999242 0.2864768683223047 0.047999999999519996 0.07829181494522612
0 0.93599999999064 0.4777580071089367 0.06199999999938 0.11921708184841251
