0 0.08888888888765432 0.4314814814734911 0.05833333333252315 0.07407407407270233
0 0.214583333330353 0.47592592591711247 0.04027777777721837 0.06296296296179697
0 0.221527777774701 0.4277777777698559 0.037499999999479165 0.055555555554526743
0 0.28680555555157217 0.4379629629548525 0.029166666666261575 0.04259259259180384
0 0.3576388888839217 0.48240740739847393 0.05694444444365355 0.09814814814633058
0 0.42083333332748846 0.46574074073211585 0.038888888888348766 0.06851851851724965
0 0.6597222222130594 0.4999999999907407 0.04722222222156636 0.07777777777633745
0 0.609027777769319 0.46574074073211585 0.04305555555495756 0.07222222222088477
0 0.5673611111032311 0.4601851851766632 0.031944444444000776 0.04629629629543895
0 0.5624999999921875 0.42129629628849447 0.02499999999965278 0.03888888888816872
0 0.6979166666569734 0.4324074073993998 0.03472222222173997 0.05370370370270919
0 0.7562499999894966 0.43981481480667006 0.029166666666261575 0.057407407406344306
0 0.7909722222112365 0.45740740739893687 0.037499999999479165 0.0666666666654321
0 0.8784722222100213 0.4703703703616598 0.05138888888817516 0.07777777777633745
