0 0.05818181818076033 0.5461309523646984 0.04363636363557025 0.08035714285475128
0 0.16272727272431403 0.6041666666486855 0.07454545454409917 0.13690476190068734
0 0.25272727272267764 0.5684523809354627 0.0363636363629752 0.06547619047424177
0 0.2754545454495372 0.5565476190310551 0.034545454544826444 0.06547619047424177
0 0.36090909090252893 0.5907738095062269 0.059999999998909086 0.09226190475915887
0 0.38818181817476033 0.5565476190310551 0.04181818181742149 0.05952380952203798
0 0.42909090908310743 0.5491071428408003 0.0181818181814876 0.03869047618932468
0 0.46909090908238016 0.499999999985119 0.021818181817785123 0.04166666666542659
0 0.48181818180942143 0.589285714268176 0.04363636363557025 0.08928571428305697
0 0.5199999999905455 0.6830357142653858 0.08363636363484298 0.16369047618560445
0 0.5899999999892727 0.5982142856964817 0.045454545453719006 0.06547619047424177
0 0.5890909090801983 0.5476190476027494 0.029090909090380163 0.04761904761763038
0 0.6036363636253884 0.5029761904612209 0.0181818181814876 0.035714285713222785
0 0.6109090908979834 0.5505952380788512 0.021818181817785123 0.04166666666542659
0 0.6309090908976198 0.5461309523646984 0.0181818181814876 0.03273809523712089
0 0.6454545454428099 0.5491071428408003 0.029090909090380163 0.05654761904593608
0 0.6872727272602314 0.5758928571257175 0.03999999999927272 0.07440476190254747
0 0.712727272714314 0.48958333331876236 0.0181818181814876 0.044642857141528484
0 0.7363636363502479 0.5446428571266475 0.021818181817785123 0.04166666666542659
0 0.7536363636226611 0.5491071428408003 0.023636363635933882 0.03869047618932468
0 0.7672727272587768 0.5773809523637684 0.029090909090380163 0.05952380952203798
0 0.7827272727130413 0.5535714285549532 0.01999999999963636 0.04166666666542659
0 0.7990909090763801 0.5684523809354627 0.023636363635933882 0.04166666666542659
0 0.834545454530281 0.5714285714115646 0.029090909090380163 0.04761904761763038
0 0.7054545454417189 0.6904761904556406 0.061818181817057845 0.12499999999627975
0 0.8509090908936198 0.648809523790214 0.05454545454446281 0.10714285713966835
0 0.9127272727106777 0.6220238095052969 0.047272727271867765 0.10119047618746456
0 0.9481818181645785 0.6071428571247873 0.045454545453719006 0.07142857142644557
0 0.9345454545284627 0.5044642856992718 0.021818181817785123 0.05059523809373228
0 0.9881818181638512 0.6086309523628384 0.023636363635933882 0.06845238095034367
