0 0.43499999998550004 0.3533333333176296 0.029999999999 0.03999999999822222
0 0.3883333333203889 0.4933333333114074 0.06333333333122222 0.11555555555041974
0 0.2233333333258889 0.511111111088395 0.07333333333088889 0.09777777777343209
0 0.16833333332772224 0.4177777777592098 0.029999999999 0.04444444444246913
0 0.11166666666294445 0.42222222220345673 0.03666666666544444 0.06222222221945679
0 0.07999999999733334 0.4266666666477037 0.03999999999866667 0.05333333333096296
0 0.03499999999883333 0.4266666666477037 0.049999999998333336 0.06222222221945679
0 0.038333333332055554 0.5044444444220246 0.06333333333122222 0.09333333332918518
0 0.5549999999815001 0.5044444444220246 0.06999999999766666 0.09333333332918518
0 0.7283333333090556 0.5022222221999012 0.06999999999766666 0.11555555555041974
0 0.9133333333028889 0.43333333331407403 0.046666666665111114 0.0666666666637037
0 0.9666666666344444 0.4266666666477037 0.05333333333155556 0.07999999999644444
0 0.8766666666374445 0.4111111110928395 0.03333333333222222 0.0666666666637037
0 0.89999999997 0.408888888870716 0.03333333333222222 0.04444444444246913
