0 0.19312499999758592 0.3738839285630829 0.09874999999876562 0.19419642856709382
0 0.38999999999512497 0.3660714285632573 0.08249999999896875 0.14732142856814012
0 0.5474999999931562 0.3314732142783153 0.08249999999896875 0.1584821428536053
0 0.6349999999920625 0.3749999999916294 0.0849999999989375 0.1741071428532565
0 0.7431249999907109 0.43191964284750173 0.10374999999870312 0.20312499999546593
0 0.5387499999932656 0.1863839285672682 0.029999999999625 0.05133928571313974
0 0.576874999992789 0.1662946428534309 0.028749999999640622 0.069196428569884
0 0.47187499999410154 0.1874999999958147 0.011249999999859374 0.031249999999302454
0 0.4574999999942812 0.19084821428145426 0.0149999999998125 0.03348214285639548
0 0.4331249999945859 0.18080357142453563 0.018749999999765624 0.04017857142767458
0 0.39624999999504684 0.16406249999633787 0.027499999999656247 0.05133928571313974
0 0.34624999999567185 0.2700892857082569 0.03249999999959375 0.053571428570232775
0 0.32312499999596095 0.18526785713872168 0.023749999999703123 0.04464285714186064
0 0.2887499999963906 0.19866071428127988 0.024999999999687498 0.053571428570232775
0 0.22312499999721092 0.17187499999616349 0.05124999999935937 0.0758928571411631
0 0.1549999999980625 0.1529017857108727 0.03749999999953125 0.07366071428407006
0 0.09749999999878124 0.1741071428532565 0.052499999999343745 0.07142857142697703
0 0.02937499999963281 0.2064732142811055 0.031249999999609375 0.05133928571313974
