0 0.08574380165112098 0.4166666666527778 0.10950413222914247 0.17999999999400002
0 0.3471074380093573 0.5433333333152223 0.06611570247797281 0.11333333332955556
0 0.36260330577763217 0.4633333333178889 0.05165289256091626 0.07999999999733334
0 0.5030991735433243 0.48999999998366667 0.05991735537066286 0.07999999999733334
0 0.48863636362626783 0.4216666666526111 0.03512396694142306 0.06333333333122222
0 0.5640495867652056 0.41499999998616666 0.033057851238986406 0.06333333333122222
0 0.6033057851115019 0.43999999998533335 0.03719008264385971 0.06666666666444444
0 0.6260330578383051 0.41166666665294444 0.020661157024366505 0.049999999998333336
0 0.6694214875894747 0.42666666665244446 0.033057851238986406 0.059999999998
0 0.7324380165137926 0.40999999998633335 0.022727272726803156 0.046666666665111114
0 0.9803719008061906 0.5183333333160556 0.03512396694142306 0.1033333333298889
0 0.9648760330379157 0.4666666666511111 0.04132231404873301 0.059999999998
0 0.9462809917159859 0.4333333333188889 0.028925619834113105 0.05333333333155556
0 0.9721074379964441 0.4166666666527778 0.030991735536549755 0.059999999998
