0 0.1449999999971 0.36133333332369777 0.07799999999844 0.1199999999968
0 0.40699999999186 0.5213333333194311 0.025999999999479998 0.03999999999893333
0 0.43299999999134 0.5266666666526222 0.02199999999956 0.03999999999893333
0 0.44699999999106 0.5346666666524089 0.025999999999479998 0.05066666666531555
0 0.48099999999037996 0.5293333333192177 0.0299999999994 0.05066666666531555
0 0.53099999998938 0.5306666666525155 0.02199999999956 0.03733333333233778
0 0.5449999999891 0.5333333333191111 0.02199999999956 0.04799999999872
0 0.5619999999887599 0.5253333333193244 0.02799999999944 0.05866666666510222
0 0.59099999998818 0.5599999999850667 0.03399999999932 0.05866666666510222
0 0.64899999998702 0.5399999999856 0.04599999999908 0.07199999999808
0 0.6859999999862799 0.5679999999848533 0.039999999999199995 0.07466666666467556
0 0.74199999998516 0.5853333333177244 0.051999999998959996 0.07199999999808
0 0.79699999998406 0.5853333333177244 0.049999999999 0.07199999999808
0 0.7849999999842999 0.5413333333188978 0.04199999999916 0.05866666666510222
0 0.7329999999853399 0.5399999999856 0.03399999999932 0.04533333333212444
0 0.71399999998572 0.5119999999863467 0.019999999999599997 0.03199999999914667
0 0.73099999998538 0.49999999998666667 0.01799999999964 0.034666666665742224
0 0.77699999998446 0.4973333333200711 0.025999999999479998 0.03999999999893333
0 0.81699999998366 0.4986666666533689 0.01799999999964 0.03733333333233778
0 0.80399999998392 0.5053333333198577 0.019999999999599997 0.03999999999893333
0 0.85399999998292 0.5439999999854933 0.03199999999936 0.04266666666552889
0 0.85399999998292 0.5079999999864533 0.02399999999952 0.03999999999893333
0 0.8649999999826999 0.6013333333172978 0.049999999999 0.08266666666446222
0 0.90599999998188 0.5466666666520889 0.03599999999928 0.06399999999829334
0 0.9689999999806199 0.5933333333175111 0.05799999999884 0.09333333333084444
0 0.9439999999811199 0.5799999999845333 0.039999999999199995 0.07199999999808
0 0.94699999998106 0.5173333333195378 0.025999999999479998 0.04799999999872
0 0.9649999999807 0.4986666666533689 0.02199999999956 0.04266666666552889
0 0.9419999999811599 0.48933333332028445 0.02799999999944 0.03999999999893333
0 0.9239999999815199 0.47733333332060446 0.01599999999968 0.04266666666552889
0 0.8769999999824599 0.5053333333198577 0.01799999999964 0.02933333333255111
0 0.99199999998016 0.49466666665347553 0.01599999999968 0.034666666665742224
