0 0.087116564416109 0.5925925925816187 0.14478527607184313 0.25555555555082304
0 0.08650306748360119 0.34722222221579213 0.08957055214614024 0.1462962962935871
0 0.1693251533721555 0.3138888888830761 0.07116564417090594 0.13888888888631687
0 0.2907975460087019 0.3240740740680727 0.06380368098081222 0.12222222221995883
0 0.3337423312842486 0.3527777777712448 0.07607361963096843 0.13518518518268174
0 0.5147239263740525 0.07962962962815501 0.06748466257585908 0.1333333333308642
0 0.5423312883369039 0.46296296295438955 0.12269938650156197 0.24074074073628257
0 0.6441717791332003 0.24166666666219133 0.06625766871084346 0.11666666666450616
0 0.6993865030589033 0.2620370370321845 0.08834355828112461 0.13888888888631687
0 0.8147239263703715 0.2611111111062757 0.06380368098081222 0.11851851851632372
0 0.8999999999889571 0.2611111111062757 0.0748466257659528 0.12222222221995883
