0 0.3872549019592024 0.4779411764686359 0.03594771241815381 0.04411764705864331
0 0.9632352941137123 0.7933006535915307 0.07352941176440551 0.09885620914992298
0 0.9281045751596074 0.8705065359441565 0.11764705882304884 0.1331699346399789
0 0.4938725490175904 0.864174836597777 0.10947712418255932 0.15236928104512923
0 0.6313316993438263 0.7679738562060132 0.1017156862740943 0.12336601307139149
0 0.7559232026112912 0.6556372548992826 0.04779411764686359 0.05882352941152442
0 0.7254901960754678 0.6080473856184312 0.04493464052269226 0.05106209150305939
0 0.6401143790823525 0.6333741830039487 0.049836601306985966 0.05596405228735309
0 0.6160130718929084 0.5855800653570851 0.04493464052269226 0.05187908496710834
0 0.5022467320240921 0.6738153594743717 0.0690359477121363 0.08292483660096844
0 0.5181781045730467 0.6149918300628473 0.048611111110912535 0.05269607843115729
0 0.5392156862723071 0.5725081699323019 0.04493464052269226 0.04370915032661884
0 0.36070261437761153 0.5980392156838316 0.04656862745079016 0.05065359477103491
0 0.3745915032664437 0.6478758169908175 0.05882352941152442 0.05882352941152442
0 0.29452614378964653 0.7081290849644276 0.08006535947679712 0.08537581699311529
0 0.14869281045690894 0.6548202614352336 0.07679738562060132 0.08088235294084607
0 0.0435049019606066 0.7802287581667474 0.0837418300650174 0.15849673202549633
0 0.25163398692707667 0.5974264705857949 0.058006535947475464 0.06576797385594049
0 0.2606209150316151 0.5600490196055554 0.04575163398674121 0.04084967320244751
0 0.10620915032636352 0.5543300653572127 0.04411764705864331 0.04493464052269226
0 0.03799019607827619 0.5420751633964784 0.035130718954104856 0.04084967320244751
0 0.1027369281041555 0.5312499999978298 0.038807189542325135 0.038807189542325135
0 0.15808823529347188 0.5263480392135361 0.03594771241815381 0.042892156862569884
