0 0.04899999999902 0.2999999999909091 0.0299999999994 0.05454545454380165
0 0.02799999999944 0.3333333333232323 0.039999999999199995 0.06666666666464646
0 0.09599999999808 0.39393939392745636 0.05599999999888 0.09090909090633609
0 0.15599999999688 0.3469696969591827 0.051999999998959996 0.08787878787612488
0 0.20299999999593998 0.3090909090815427 0.037999999999239996 0.060606060604224056
0 0.22799999999544 0.2590909090830578 0.02799999999944 0.05151515151359044
0 0.21199999999576 0.5348484848322773 0.08799999999824 0.13030303029908172
0 0.1449999999971 0.7757575757340679 0.12599999999748 0.16363636363140494
0 0.33599999999328 0.40303030301808995 0.0599999999988 0.10303030302718089
0 0.51899999998962 0.5106060605905877 0.08199999999836 0.15454545454077134
0 0.5219999999895599 0.395454545442562 0.05599999999888 0.0999999999969697
0 0.5489999999890199 0.3333333333232323 0.04599999999908 0.07878787878549127
0 0.4899999999902 0.30151515150601466 0.03199999999936 0.05757575757401285
0 0.42699999999146 0.26969696968879703 0.025999999999479998 0.04848484848337924
0 0.37899999999242 0.31666666665707066 0.037999999999239996 0.06363636363443526
0 0.3349999999933 0.3227272727174931 0.04199999999916 0.07575757575528007
0 0.27799999999444 0.3227272727174931 0.039999999999199995 0.06363636363443526
0 0.28799999999424 0.26818181817369147 0.03199999999936 0.05151515151359044
0 0.30699999999385996 0.23939393938668502 0.0299999999994 0.05454545454380165
0 0.34299999999313996 0.24999999999242423 0.0299999999994 0.045454545453168044
0 0.6649999999867 0.3151515151419651 0.037999999999239996 0.060606060604224056
0 0.71399999998572 0.3454545454440771 0.039999999999199995 0.07878787878549127
0 0.7989999999840199 0.4318181818050964 0.049999999999 0.08181818181570247
0 0.9149999999817 0.4969696969546372 0.07799999999844 0.14545454545013772
0 0.9109999999817799 0.37878787877640036 0.053999999998919995 0.06666666666464646
0 0.76899999998462 0.16515151514651055 0.037999999999239996 0.05757575757401285
