0 0.1207317073141285 0.5199115044017738 0.056097560974241525 0.11946902654338631
0 0.2097560975558596 0.4557522123692145 0.04878048780368828 0.09734513273905551
0 0.20243902438530637 0.26548672565196957 0.034146341462581796 0.07079646017385856
0 0.14878048780124925 0.31637168140193045 0.039024390242950624 0.07522123893472472
0 0.30609756096814394 0.43584070794531676 0.056097560974241525 0.10176991149992168
0 0.2682926829202855 0.27212389379326885 0.039024390242950624 0.06637168141299239
0 0.23170731706751932 0.33407079644539506 0.04390243902331945 0.09292035397818936
0 0.3268292682847115 0.28982300883673345 0.029268292682212968 0.06637168141299239
0 0.3951219512098751 0.2566371681302373 0.034146341462581796 0.06194690265212624
0 0.4378048780381023 0.2853982300758673 0.03170731707239738 0.06637168141299239
0 0.4231707316969958 0.4314159291844506 0.041463414633135035 0.08407079645645704
0 0.35365853657674 0.6194690265212623 0.04390243902331945 0.0884955752173232
0 0.23292682926261155 0.6216814159016955 0.06585365853497918 0.12831858406511865
0 0.4865853658417906 0.608407079619097 0.060975609754610346 0.10176991149992168
0 0.5487804877914931 0.526548672543073 0.058536585364425936 0.12389380530425248
0 0.453658536574301 0.13716814158685095 0.029268292682212968 0.06194690265212624
0 0.30121951218777515 0.10619469026078784 0.03170731707239738 0.06194690265212624
0 0.7048780487632956 0.276548672554135 0.029268292682212968 0.07522123893472472
0 0.765853658517906 0.28982300883673345 0.034146341462581796 0.06637168141299239
0 0.80121951217558 0.33407079644539506 0.03658536585276621 0.06637168141299239
0 0.8463414633939916 0.2942477875975996 0.039024390242950624 0.07522123893472472
0 0.8621951219301903 0.3429203539671274 0.03658536585276621 0.06637168141299239
