0 0.14278198653168608 0.32828282828179206 0.04061447811439265 0.0801767676765146
0 0.19654882154840794 0.33349116161510894 0.03156565656559014 0.06534090909070285
0 0.2150673400668875 0.40988005050375675 0.040824915824829916 0.07039141414119196
0 0.2543139730634379 0.5007891414125607 0.032196969696901945 0.06534090909070285
0 0.32659932659863933 0.5566603535335964 0.051767676767567834 0.07986111111085903
0 0.4644360269350496 0.5392992424225401 0.05387205387194051 0.0874368686865927
0 0.5672348484836548 0.5492424242406906 0.0519781144780051 0.09027777777749282
0 0.6811868686854352 0.509311868685261 0.04292929292920259 0.09059343434314839
0 0.24736952861900807 0.33885732323125367 0.036405723905647294 0.05460858585841349
0 0.2704124579118889 0.2252209595952487 0.029461279461217467 0.052714646464480076
0 0.30481902356838214 0.31833964646364166 0.03093434343427834 0.05776515151496918
0 0.35711279461204315 0.3147095959586026 0.03577441077433549 0.06944444444422525
0 0.3546927609420146 0.21559343434275383 0.027988215488156592 0.056818181818002474
0 0.4089856902348296 0.3529040404029265 0.038510101010019976 0.07260101010078093
0 0.4476010101000682 0.3104482323222524 0.03156565656559014 0.06092171717152488
0 0.4307659932650868 0.2230113636356597 0.03156565656559014 0.06092171717152488
0 0.5176767676756783 0.24100378787802715 0.02735690235684479 0.05460858585841349
0 0.4917929292918944 0.3325441919181423 0.03577441077433549 0.06723484848463626
0 0.5556607744096052 0.31613005050405263 0.038510101010019976 0.07481060606036992
0 0.595643939392686 0.3372790404029758 0.038510101010019976 0.07039141414119196
0 0.5851220538708226 0.2383207070699548 0.03430134680127462 0.06628787878766955
0 0.6790824915810626 0.20580808080743118 0.041245791245704454 0.07260101010078093
0 0.670349326597916 0.3262310606050309 0.04061447811439265 0.07986111111085903
0 0.7348484848469385 0.30571338383741886 0.04335016835007713 0.08301767676741473
0 0.7639941077425001 0.29040404040312373 0.05113636363625603 0.08396464646438144
0 0.7537878787862926 0.2168560606053761 0.040824915824829916 0.06313131313111386
0 0.8400673400655723 0.31092171717073575 0.05765993265981133 0.0915404040401151
0 0.9705387205366782 0.33364898989793673 0.055976430976313184 0.10101010100978218
