0 0.21346153845948596 0.7743589743490467 0.1442307692293824 0.24102564102255097
0 0.36874999999645436 0.6249999999919872 0.08749999999915867 0.14743589743400723
0 0.3427884615351655 0.33910256409821665 0.03173076923046413 0.06282051281970744
0 0.4389423076880871 0.34423076922635604 0.035576923076580995 0.05512820512749836
0 0.4591346153802007 0.36666666666196585 0.03173076923046413 0.04871794871732413
0 0.5341346153794795 0.36089743589280904 0.037499999999639426 0.05769230769156805
0 0.6072115384557 0.3544871794826348 0.033653846153522564 0.042307692307149904
0 0.738461538454438 0.4923076923013807 0.06923076923010356 0.08205128205023011
0 0.7735576923002543 0.3044871794832758 0.037499999999639426 0.0705128205119165
0 0.9110576922989322 0.5301282051214087 0.11634615384503515 0.14743589743400723
0 0.8749999999915866 0.45384615384033533 0.0653846153839867 0.0871794871783695
