0 0.05866425992673891 0.3378746593913386 0.045126353789799165 0.070844686646571
0 0.12815884476302963 0.46321525884296416 0.05054151624457506 0.08174386920758192
0 0.1290613718388256 0.3610354223334868 0.0379061371834313 0.0626702997258128
0 0.1886281588413605 0.3828337874555086 0.0379061371834313 0.0626702997258128
0 0.17960288808340066 0.46457765666309053 0.041516245486615234 0.07356948228682372
0 0.24458483754071147 0.4713896457637224 0.03429602888024737 0.05994550408556007
0 0.21841155234262796 0.36920980925424496 0.028880866425471465 0.05177111716480188
0 0.25541516245026324 0.37465940053475044 0.03429602888024737 0.07356948228682372
0 0.2915162454821026 0.3610354223334868 0.03068592057706343 0.05177111716480188
0 0.3185920577559821 0.455040871922206 0.0379061371834313 0.070844686646571
0 0.3357400721961058 0.36784741143411864 0.0324909747286554 0.05994550408556007
0 0.3574007220152094 0.33923705721146497 0.03610108303183933 0.05722070844530734
0 0.38718411551647686 0.3610354223334868 0.03429602888024737 0.05722070844530734
0 0.41335740071456034 0.455040871922206 0.039711191335023266 0.06539509536606553
0 0.44043321298843985 0.3923705721963932 0.028880866425471465 0.05994550408556007
0 0.43140794223048 0.35149863759260225 0.028880866425471465 0.04904632152454915
0 0.47202166064129925 0.4754768392241015 0.0379061371834313 0.07356948228682372
0 0.4747292418686872 0.3801089918152559 0.03610108303183933 0.0626702997258128
0 0.49548736461199483 0.34604904631209676 0.0270758122738795 0.04904632152454915
0 0.5234657039616704 0.3446866484919704 0.02527075812228753 0.05177111716480188
0 0.5324909747196301 0.3719346048944977 0.0324909747286554 0.0626702997258128
0 0.5541516245387338 0.4713896457637224 0.039711191335023266 0.070844686646571
0 0.5622743682208976 0.33514986375108585 0.0270758122738795 0.06539509536606553
0 0.589350180494777 0.35831062669323405 0.03429602888024737 0.05177111716480188
0 0.6119133573896767 0.4673024523033433 0.039711191335023266 0.06811989100631827
0 0.6299638989055963 0.3528610354127286 0.039711191335023266 0.06811989100631827
0 0.6074007220106967 0.31880108990956946 0.0270758122738795 0.04904632152454915
0 0.6552346570278839 0.32833787465045405 0.02527075812228753 0.05177111716480188
0 0.6787003609985794 0.354223433232855 0.03610108303183933 0.070844686646571
0 0.6976534295902951 0.32970027247058037 0.03429602888024737 0.06539509536606553
0 0.6895306859081313 0.47275204358384876 0.043321299638207196 0.08446866484783465
0 0.7373646209253183 0.32016348772969583 0.03429602888024737 0.0626702997258128
0 0.7590252707444219 0.32833787465045405 0.041516245486615234 0.07356948228682372
0 0.8023465703826291 0.3051771117083058 0.05234657039616703 0.08174386920758192
0 0.9106498194781472 0.3487738419523495 0.048736462092983095 0.09264305176859283
