0 0.14187499999822656 0.4896421845482177 0.06624999999917187 0.11676082862303652
0 0.40624999999492184 0.5094161958472803 0.0449999999994375 0.07721280602491125
0 0.44624999999442183 0.4708097928348247 0.0399999999995 0.06779661016821475
0 0.5018749999937265 0.5169491525326375 0.05624999999929687 0.08851224105294704
0 0.543124999993211 0.4849340866198694 0.04124999999948437 0.07344632768223265
0 0.6574999999917812 0.4821092278628605 0.03749999999953125 0.07156308851089335
0 0.6756249999915547 0.48022598869152117 0.05374999999932812 0.09416195856696494
0 0.7993749999900077 0.48681732579120873 0.04124999999948437 0.06591337099687546
0 0.8699999999891249 0.4764595103488426 0.04249999999946875 0.06779661016821475
0 0.9587499999880156 0.5470809792740663 0.0649999999991875 0.09981167608098283
