0 0.10916666666484721 0.5822222222092839 0.08499999999858333 0.1466666666634074
0 0.16749999999720833 0.4833333333225926 0.05499999999908333 0.09555555555343209
0 0.20833333332986112 0.44222222221239504 0.04666666666588889 0.06666666666518518
0 0.24833333332919444 0.6699999999851111 0.13999999999766666 0.2022222222177284
0 0.30833333332819446 0.4377777777680494 0.04333333333261111 0.07111111110953086
0 0.367499999993875 0.4055555555465432 0.03166666666613889 0.055555555554320984
0 0.42916666665951386 0.5222222222106173 0.05499999999908333 0.09333333333125926
0 0.40499999999325 0.4644444444341234 0.04666666666588889 0.07555555555387654
0 0.4816666666586389 0.43333333332370366 0.04666666666588889 0.07111111110953086
0 0.49249999999179167 0.6199999999862222 0.11166666666480556 0.15555555555209877
0 0.6124999999897917 0.5388888888769136 0.08499999999858333 0.12666666666385185
0 0.55499999999075 0.4811111111004197 0.05666666666572222 0.10444444444212345
0 0.5599999999906666 0.428888888879358 0.03666666666605556 0.044444444443456785
0 0.5466666666575556 0.39777777776893825 0.026666666666222222 0.044444444443456785
0 0.6499999999891667 0.41888888887958026 0.03333333333277778 0.05999999999866666
0 0.6741666666554306 0.4899999999891111 0.05499999999908333 0.09555555555343209
0 0.7474999999875417 0.5288888888771358 0.061666666665638886 0.11555555555298765
0 0.7733333333204444 0.41888888887958026 0.03999999999933333 0.07777777777604938
0 0.8441666666525972 0.4855555555447654 0.07166666666547222 0.10444444444212345
0 0.9158333333180694 0.47666666665607405 0.05499999999908333 0.08666666666474074
0 0.9349999999844166 0.45222222221217284 0.04333333333261111 0.08222222222039506
