0 0.06300133689818516 0.8034999999959825 0.0905748663098577 0.154999999999225
0 0.049799465240475266 0.68799999999656 0.06684491978587284 0.10299999999948502
0 0.11831550802099493 0.6474999999967626 0.05213903743298082 0.06999999999965001
0 0.09324866310129261 0.6342499999968289 0.03676470588223006 0.0664999999996675
0 0.20120320855547724 0.6942499999965288 0.08155080213876487 0.1324999999993375
0 0.21590909090836927 0.6417499999967913 0.04679144385011099 0.08149999999959251
0 0.23228609625590813 0.6279999999968601 0.047459893047969715 0.074999999999625
0 0.2859291443840711 0.6222499999968888 0.043114973261887984 0.06749999999966251
0 0.3155080213893198 0.6837499999965814 0.06617647058801411 0.08249999999958751
0 0.3046457219241155 0.6389999999968051 0.04846256684475781 0.06999999999965001
0 0.33556149732508167 0.6004999999969975 0.03542780748651261 0.06399999999968001
0 0.3726604278062411 0.62399999999688 0.0494652406415459 0.07299999999963501
0 0.42647058823386874 0.6652499999966738 0.0494652406415459 0.0864999999995675
0 0.42062165775260485 0.598999999997005 0.04378342245974671 0.07699999999961502
0 0.3557820855603082 0.46349999999768254 0.029745989304713415 0.05599999999972001
0 0.30848930481180314 0.8779999999956101 0.28342245989210085 0.24399999999878003
0 0.5484625668430867 0.8417499999957914 0.18248663101543286 0.31649999999841755
0 0.5529745989286331 0.6269999999968651 0.056483957219062554 0.09799999999951
0 0.6442179144363496 0.8662499999956689 0.08990641711199897 0.16549999999917253
0 0.7294451871633374 0.7952499999960239 0.08656417112270533 0.13649999999931753
0 0.7082219251313228 0.68799999999656 0.08155080213876487 0.12199999999939001
0 0.747994652403917 0.6474999999967626 0.06751336898373157 0.09899999999950501
0 0.7819184491952476 0.6052499999969738 0.0411096256683118 0.06449999999967751
0 0.9149398395691345 0.8437499999957814 0.111965240641337 0.20249999999898752
0 0.9039104278044655 0.7089999999964551 0.09258021390343389 0.14699999999926502
0 0.8676470588206295 0.6254999999968726 0.05213903743298082 0.10699999999946501
0 0.8833556149703096 0.5962499999970188 0.06684491978587284 0.08849999999955752
0 0.9744318181785614 0.6622499999966889 0.05113636363619273 0.1034999999994825
0 0.9690842245956915 0.7802499999960988 0.06183155080193238 0.1334999999993325
