0 0.030833333332819443 0.6266666666527407 0.051666666665805557 0.07111111110953086
0 0.04333333333261111 0.7022222222066172 0.07999999999866667 0.09333333333125926
0 0.10416666666493056 0.6599999999853333 0.051666666665805557 0.08888888888691357
0 0.06416666666559723 0.809999999982 0.08166666666530556 0.12222222221950617
0 0.20583333332990278 0.719999999984 0.07833333333202777 0.12444444444167901
0 0.24499999999591665 0.7988888888711357 0.0899999999985 0.12222222221950617
0 0.25083333332915275 0.6522222222077284 0.061666666665638886 0.09111111110908642
0 0.32583333332790276 0.8611111110919752 0.10499999999825 0.14888888888558025
0 0.37499999999375 0.6666666666518518 0.06999999999883333 0.10222222221995061
0 0.4758333333254028 0.7499999999833333 0.08833333333186111 0.14444444444123455
0 0.5449999999909166 0.6833333333181482 0.059999999999 0.09555555555343209
0 0.6283333333228611 0.8344444444259012 0.11666666666472222 0.179999999996
0 0.6924999999884583 0.6755555555405431 0.061666666665638886 0.10222222221995061
0 0.8649999999855833 0.4822222222115062 0.04999999999916667 0.06666666666518518
0 0.8049999999865833 0.8522222222032839 0.10666666666488889 0.1622222222186173
0 0.9441666666509305 0.844444444425679 0.11166666666480556 0.23555555555032098
0 0.8733333333187777 0.7044444444287901 0.07666666666538889 0.11999999999733332
