0 0.15899999999682 0.37999999998733336 0.06599999999868 0.119999999996
0 0.17999999999639998 0.23166666665894445 0.04399999999912 0.08333333333055556
0 0.13199999999736 0.12666666666244444 0.03199999999936 0.06666666666444444
0 0.018999999999619998 0.12999999999566667 0.03399999999932 0.07333333333088889
0 0.24699999999505998 0.12833333332905555 0.03399999999932 0.07666666666411111
0 0.31299999999374 0.2066666666597778 0.04199999999916 0.07333333333088889
0 0.34099999999318 0.12166666666261111 0.037999999999239996 0.06999999999766666
0 0.34999999999299997 0.3699999999876667 0.04399999999912 0.09333333333022223
0 0.50799999998984 0.3666666666544445 0.04799999999904 0.08666666666377779
0 0.42699999999146 0.22166666665927778 0.025999999999479998 0.06333333333122222
0 0.44099999999118 0.14166666666194444 0.0299999999994 0.07666666666411111
0 0.53299999998934 0.149999999995 0.03399999999932 0.06666666666444444
0 0.56299999998874 0.11833333332938889 0.025999999999479998 0.05666666666477778
0 0.5449999999891 0.22166666665927778 0.03399999999932 0.06999999999766666
0 0.62599999998748 0.14166666666194444 0.03199999999936 0.06333333333122222
0 0.6749999999865 0.3416666666552778 0.049999999999 0.08999999999700001
0 0.46899999999062 0.5883333333137223 0.149999999997 0.29666666665677777
0 0.78299999998434 0.23166666665894445 0.037999999999239996 0.08333333333055556
0 0.8379999999832399 0.13999999999533333 0.03599999999928 0.06666666666444444
0 0.9229999999815399 0.24333333332522222 0.04199999999916 0.07999999999733334
0 0.9349999999813 0.14666666666177777 0.03399999999932 0.059999999998
0 0.8439999999831199 0.3833333333205556 0.051999999998959996 0.10666666666311111
