0 0.7503063725467208 0.7062908496703174 0.1292892156858784 0.20915032679653126
0 0.440410539214337 0.7485702614348506 0.15533088235246528 0.19812091503187043
0 0.48345588235146 0.6284722222196549 0.10661764705849688 0.1474673202608355
0 0.2156862745091431 0.6497140522849276 0.12254901960746768 0.13848039215629707
0 0.33318014705780274 0.534722222220038 0.08731617647032072 0.11764705882304884
0 0.21369485294052176 0.5377859477102215 0.07567401960761129 0.10580065359433906
0 0.17784926470533746 0.4691584967301097 0.04993872549004308 0.07965686274477264
0 0.13970588235251316 0.4236111111093807 0.04534313725476304 0.06862745098011182
0 0.1314338235290091 0.5087826797364837 0.06495098039195787 0.0837418300650174
0 0.11841299019571565 0.5876225490172075 0.08057598039191 0.1213235294112691
0 0.047487745097893726 0.49244281045550475 0.05821078431354715 0.08292483660096844
0 0.03324142156852561 0.4481209150308492 0.040134803921445666 0.05147058823508387
0 0.22656249999930586 0.42524509803747856 0.04258578431359502 0.059640522875573365
0 0.2970281862735998 0.43933823529232297 0.04197303921555768 0.06576797385594049
0 0.31464460784217324 0.418709150325087 0.03370098039205361 0.06699346405201392
0 0.3546262254891096 0.4391339869263107 0.04197303921555768 0.07761437908465027
0 0.4045649509791527 0.43770424836422506 0.038909313725370986 0.06249999999974469
0 0.46553308823386785 0.45751633986741214 0.04258578431359502 0.08088235294084607
0 0.48345588235146 0.45016339869097155 0.03370098039205361 0.06944444444416077
0 0.5085784313709909 0.4062499999983405 0.03431372549009095 0.05596405228735309
0 0.46109068627309713 0.34987745097896294 0.0367647058822403 0.06658496731998945
0 0.5657169117629727 0.47344771241636663 0.05912990196060315 0.07679738562060132
0 0.5929840686256342 0.4640522875798037 0.04503676470574437 0.07761437908465027
0 0.5922181372530876 0.4260620915015275 0.03308823529401627 0.053921568627230715
0 0.5828737745080181 0.40134803921404677 0.03339460784303494 0.05596405228735309
0 0.6142769607824318 0.39236111110950833 0.0367647058822403 0.05759803921545099
0 0.650122549017616 0.3927696078415328 0.029411764705792244 0.048611111110912535
0 0.683057598037123 0.43423202614201706 0.03523284313714696 0.06372549019581812
0 0.7306985294095261 0.4899918300633579 0.05759803921550981 0.0919117647055069
0 0.8676470588208711 0.47937091503072154 0.05759803921550981 0.10253267973814326
0 0.9511335784284585 0.5298202614357442 0.07996323529387266 0.12336601307139149
0 0.9750306372519147 0.4395424836583352 0.04258578431359502 0.09068627450943348
0 0.9856004901930588 0.3588643790835014 0.02634803921560555 0.048611111110912535
0 0.940870098036333 0.38480392156705556 0.037990196078314976 0.06862745098011182
0 0.9022671568599807 0.37377450980239474 0.03308823529401627 0.05473856209127966
0 0.8534007352915031 0.40665849673036497 0.03645833333322163 0.05269607843115729
0 0.8402267156837002 0.38623366012914123 0.02971813725481091 0.05187908496710834
0 0.8370098039190043 0.3615196078416605 0.03063725490186692 0.03594771241815381
0 0.8007046568602919 0.4213643790832461 0.04503676470574437 0.06576797385594049
0 0.7532169117623982 0.40134803921404677 0.038296568627333646 0.05596405228735309
0 0.7054227941154858 0.38643790849515347 0.03523284313714696 0.058006535947475464
