0 0.3858333333269028 0.2274999999943125 0.08166666666530556 0.12999999999675
0 0.32916666666118055 0.7324999999816876 0.10166666666497222 0.164999999995875
0 0.4183333333263611 0.4974999999875625 0.06666666666555555 0.104999999997375
0 0.4849999999919167 0.5112499999872188 0.06999999999883333 0.1274999999968125
0 0.5941666666567639 0.664999999983375 0.11166666666480556 0.16999999999575
0 0.6266666666562222 0.5349999999866251 0.08333333333194444 0.12999999999675
0 0.6349999999894167 0.444999999988875 0.04666666666588889 0.07499999999812501
0 0.5708333333238195 0.3687499999907813 0.04166666666597222 0.0624999999984375
0 0.5124999999914583 0.3674999999908125 0.04166666666597222 0.06999999999825
0 0.6124999999897917 0.3237499999919063 0.034999999999416664 0.0624999999984375
0 0.6624999999889584 0.319999999992 0.04166666666597222 0.07499999999812501
0 0.7141666666547639 0.42874999998928126 0.05833333333236111 0.08749999999781251
0 0.7608333333206527 0.37874999999053127 0.05833333333236111 0.0924999999976875
0 0.8133333333197778 0.3337499999916563 0.03666666666605556 0.0524999999986875
0 0.7924999999867917 0.314999999992125 0.03166666666613889 0.04999999999875
0 0.8733333333187777 0.3324999999916875 0.0299999999995 0.0599999999985
0 0.9133333333181111 0.36999999999075 0.0299999999995 0.054999999998625
0 0.9316666666511388 0.34124999999146877 0.026666666666222222 0.0424999999989375
