0 0.13708333333219097 0.5425950196521284 0.09916666666584029 0.17038007863472635
0 0.09166666666590279 0.5150720838726727 0.08833333333259723 0.14941022280276
0 0.19708333333169098 0.5353866317098901 0.06583333333278472 0.14285714285527054
0 0.24833333333126392 0.648754914801458 0.04833333333293056 0.08912188728585685
0 0.347083333330441 0.6559633027436964 0.05083333333290973 0.08781127129635896
0 0.3854166666634549 0.5642201834788437 0.08249999999931251 0.13499344691828316
0 0.4308333333297431 0.5596330275156011 0.08999999999925001 0.1572739187397474
0 0.4999999999958334 0.2804718217525495 0.07666666666602778 0.14941022280276
0 0.589166666661757 0.5583224115261032 0.13333333333222225 0.2280471821726337
0 0.6645833333277952 0.5137614678831748 0.062499999999479174 0.13368283092878527
0 0.7158333333273681 0.5563564875418564 0.06666666666611112 0.13761467889727896
0 0.7929166666600591 0.5373525556941369 0.12416666666563196 0.21231979029865897
0 0.9370833333255244 0.5399737876731326 0.12583333333228475 0.2280471821726337
