0 0.7164062499888062 0.13472222221847993 0.08906249999860841 0.1749999999951389
0 0.25390624999603273 0.5180555555411651 0.03906249999938965 0.07499999999791666
0 0.16328124999744875 0.9069444444192516 0.1109374999982666 0.1749999999951389
0 0.08828124999862061 0.8652777777537423 0.08593749999865723 0.14722222221813272
0 0.10312499999838867 0.7569444444234182 0.05937499999907227 0.11944444444112655
0 0.03515624999945068 0.6722222222035494 0.04843749999924317 0.08333333333101853
0 0.15078124999764406 0.697222222202855 0.051562499999194336 0.07777777777561729
0 0.10390624999837647 0.6736111110923997 0.04843749999924317 0.08611111110871913
0 0.35546874999444583 0.6027777777610339 0.03906249999938965 0.061111111109413585
0 0.35859374999439697 0.6624999999815973 0.04218749999934082 0.058333333331712964
0 0.4164062499934937 0.6277777777603395 0.03593749999943848 0.05555555555401235
0 0.48281249999245607 0.5944444444279321 0.03437499999946289 0.07222222222021606
0 0.5539062499913452 0.6263888888714892 0.03906249999938965 0.07499999999791666
0 0.5835937499908814 0.7249999999798611 0.051562499999194336 0.07777777777561729
0 0.6242187499902466 0.8027777777554784 0.0796874999987549 0.11666666666342593
0 0.7851562499877319 0.7208333333133102 0.05468749999914551 0.12499999999652778
0 0.9562499999850587 0.7972222222000772 0.08749999999863281 0.18888888888364197
0 0.9234374999855713 0.5069444444303627 0.07187499999887696 0.12499999999652778
0 0.7648437499880494 0.6361111110934414 0.04843749999924317 0.07777777777561729
0 0.7828124999877686 0.5888888888725309 0.03124999999951172 0.06666666666481481
0 0.8171874999872315 0.5958333333167825 0.03124999999951172 0.0805555555533179
0 0.5226562499918336 0.697222222202855 0.045312499999291996 0.07777777777561729
0 0.6140624999904053 0.5986111110944831 0.037499999999414065 0.0805555555533179
0 0.5921874999907472 0.6374999999822917 0.04062499999936524 0.07499999999791666
0 0.5749999999910157 0.5930555555390818 0.03437499999946289 0.05277777777631173
0 0.47578124999256594 0.67499999998125 0.045312499999291996 0.061111111109413585
0 0.46249999999277347 0.6319444444268905 0.037499999999414065 0.0638888888871142
0 0.4234374999933838 0.7027777777582562 0.04999999999921875 0.07777777777561729
