0 0.8249999999834999 0.4244372990217222 0.20599999999587998 0.33440514468378113
0 0.75799999998484 0.22668810288660166 0.09599999999808 0.13183279742341372
0 0.63799999998724 0.2942122186400575 0.12399999999752 0.20900321542736322
0 0.56299999998874 0.3151125401827938 0.06599999999868 0.154340836007899
0 0.34399999999312 0.3520900321430196 0.06799999999864 0.13183279742341372
0 0.35999999999279997 0.2315112540118485 0.0599999999988 0.10289389067193266
0 0.4199999999916 0.22025723471960587 0.039999999999199995 0.08038585208744739
0 0.47099999999057995 0.27491961413907007 0.06599999999868 0.13183279742341372
0 0.5489999999890199 0.215434083594359 0.049999999999 0.10289389067193266
0 0.50699999998986 0.20578778134386533 0.04599999999908 0.0771704180039495
0 0.60899999998782 0.12218649517292005 0.0299999999994 0.04501607716897054
0 0.59099999998818 0.08681672025444319 0.025999999999479998 0.04501607716897054
0 0.2949999999941 0.08842443729619213 0.025999999999479998 0.04180064308547264
0 0.28299999999434 0.03215434083497896 0.025999999999479998 0.03858520900197475
0 0.3249999999935 0.02411575562623422 0.01799999999964 0.03536977491847686
0 0.33799999999324 0.06913183279520475 0.019999999999599997 0.054662379419464224
0 0.36199999999276 0.11254019292242635 0.02399999999952 0.05144694533596633
0 0.30099999999397997 0.22025723471960587 0.03399999999932 0.0739549839204516
0 0.32099999999358 0.13665594854866056 0.0299999999994 0.04180064308547264
0 0.41599999999167997 0.1141479099641753 0.02799999999944 0.04823151125246844
0 0.44899999999101997 0.09485530546318792 0.02199999999956 0.04180064308547264
0 0.48799999999023996 0.11254019292242635 0.02399999999952 0.04501607716897054
0 0.55799999998884 0.054662379419464224 0.02399999999952 0.03858520900197475
0 0.5619999999887599 0.014469453375740531 0.02399999999952 0.02250803858448527
0 0.52799999998944 0.033762057876727904 0.019999999999599997 0.04823151125246844
0 0.49099999999017996 0.04823151125246844 0.02199999999956 0.03858520900197475
0 0.5029999999899399 0.02411575562623422 0.01799999999964 0.028938906751481062
0 0.48099999999037996 0.01768488745923843 0.01799999999964 0.028938906751481062
0 0.45699999999086 0.0369774919602258 0.02199999999956 0.04180064308547264
0 0.41699999999166 0.06913183279520475 0.01799999999964 0.04180064308547264
0 0.40799999999184 0.05627009646121318 0.01599999999968 0.03536977491847686
0 0.3799999999924 0.02250803858448527 0.019999999999599997 0.03215434083497896
0 0.35999999999279997 0.05305466237771528 0.01599999999968 0.03536977491847686
0 0.34199999999316 0.014469453375740531 0.019999999999599997 0.02250803858448527
0 0.44099999999118 0.019292604500987375 0.02199999999956 0.03215434083497896
0 0.4099999999918 0.16398713825839267 0.03599999999928 0.057877813502962124
0 0.46599999999068 0.14630225079915427 0.02399999999952 0.04823151125246844
0 0.51199999998976 0.15594855304964794 0.02799999999944 0.04823151125246844
0 0.52099999998958 0.12861736333991583 0.03399999999932 0.04501607716897054
