0 0.11516203703659275 0.5900205761286522 0.04976851851832651 0.05967078189269717
0 0.14872685185127807 0.6368312757168888 0.061342592592355936 0.0730452674893362
0 0.21296296296214134 0.57767489711637 0.04629629629611769 0.06378600823012456
0 0.2621527777767664 0.6646090534945237 0.06288580246889319 0.09156378600775945
0 0.2692901234557512 0.615226337445395 0.040895061728237286 0.06584362139883826
0 0.17824074074005308 0.8670267489667335 0.14120370370315893 0.23096707818811232
0 0.42071759259096947 0.7199074074037043 0.08449074074041478 0.12808641975242754
0 0.42708333333168563 0.6309156378568369 0.0493827160491922 0.07458847736587146
0 0.34355709876410667 0.6550925925892228 0.05902777777755005 0.07664609053458515
0 0.3337191358011817 0.6010802469104883 0.053240740740535336 0.06944444444408723
0 0.5216049382695926 0.7019032921774594 0.07021604938244516 0.10751028806529059
0 0.5607638888867255 0.7584876543170861 0.08912037037002654 0.12808641975242754
0 0.5812114197508441 0.6466049382682788 0.05748456790101279 0.10185185185132793
0 0.5509259259238005 0.43827160493601713 0.040895061728237286 0.058641975308340324
0 0.6699459876517364 0.7435699588439117 0.07214506172811673 0.1332304526742118
0 0.6541280864172295 0.6563786008196689 0.05516975308620691 0.08950617283904576
0 0.7108410493799736 0.6898148148112665 0.053626543209669655 0.08950617283904576
0 0.7814429012315531 0.701388888885281 0.055941358024475536 0.0992798353904358
