0 0.10933333333260445 0.5106666666621275 0.04666666666635556 0.059555555555026174
0 0.13033333333246447 0.5448888888840454 0.047333333333017785 0.06399999999943111
0 0.15699999999895334 0.5862222222170114 0.059333333332937783 0.08444444444369383
0 0.20566666666529557 0.6124444444390005 0.09266666666604889 0.13155555555438617
0 0.50699999999662 0.833333333325926 0.20466666666530223 0.27288888888646323
0 0.4733333333301778 0.648888888883121 0.09733333333268446 0.12622222222110024
0 0.5046666666633023 0.5799999999948445 0.059999999999600005 0.09333333333250371
0 0.5156666666632289 0.5199999999953778 0.05399999999964 0.08533333333257481
0 0.35199999999765336 0.5982222222169047 0.05866666666627556 0.0871111111103368
0 0.38533333333076447 0.5168888888842943 0.04799999999968001 0.08266666666593185
0 0.2706666666648622 0.5395555555507595 0.05199999999965334 0.05688888888838321
0 0.6063333333292912 0.5311111111063902 0.04999999999966667 0.07022222222159803
0 0.6483333333290112 0.6253333333277749 0.07399999999950667 0.09866666666578963
0 0.6966666666620223 0.5377777777729975 0.04799999999968001 0.07999999999928889
0 0.7383333333284112 0.5053333333288416 0.04066666666639556 0.050666666666216296
0 0.7939999999947067 0.5035555555510796 0.03466666666643556 0.05422222222174025
0 0.8119999999945867 0.614666666661203 0.08266666666611557 0.10755555555459952
0 0.8143333333279045 0.5626666666616652 0.05799999999961334 0.07111111111047902
0 0.8576666666609489 0.5151111111065324 0.047333333333017785 0.07022222222159803
0 0.9396666666604023 0.6377777777721086 0.07133333333285778 0.10577777777683754
0 0.9586666666602757 0.7479999999933511 0.08266666666611557 0.21955555555360395
