0 0.0249999999995 0.5757097791616496 0.04199999999916 0.078864353309815
0 0.05599999999888 0.5473186119701161 0.03599999999928 0.0662460567802446
0 0.12299999999754 0.5930599368898088 0.06199999999876 0.11356466876613361
0 0.17899999999642 0.5268138801095642 0.037999999999239996 0.0694006309126372
0 0.26399999999472 0.5126182965137975 0.039999999999199995 0.0662460567802446
0 0.2949999999941 0.6119873816841644 0.05799999999884 0.1009463722365632
0 0.30099999999397997 0.5536277602349013 0.049999999999 0.078864353309815
0 0.35399999999292 0.6293375394123237 0.06799999999864 0.11671924289852621
0 0.36899999999262 0.5283911671757605 0.04199999999916 0.07255520504502981
0 0.41899999999161996 0.552050473168705 0.04199999999916 0.0757097791774224
0 0.46199999999075997 0.5441640378377235 0.051999999998959996 0.10410094636895581
0 0.51199999998976 0.5362776025067421 0.03599999999928 0.0694006309126372
0 0.42299999999154 0.8517350157460021 0.1299999999974 0.2145110410026968
0 0.5649999999887 0.6561514195376609 0.0699999999986 0.1198738170309188
0 0.57599999998848 0.5378548895729384 0.04399999999912 0.0851735015746002
0 0.70099999998598 0.5299684542419568 0.04599999999908 0.0757097791774224
0 0.7329999999853399 0.5914826498236125 0.05799999999884 0.09148264983938541
0 0.70399999998592 0.7397476340460647 0.12799999999744 0.19873817034073382
0 0.849999999983 0.37697160882091574 0.03199999999936 0.0662460567802446
0 0.84199999998316 0.5599369084996866 0.04399999999912 0.0851735015746002
0 0.91299999998174 0.651419558339072 0.09399999999811999 0.141955835957667
0 0.9109999999817799 0.5583596214334903 0.04599999999908 0.08201892744220761
0 0.93799999998124 0.9085173501290689 0.12399999999752 0.16403785488441522
