0 0.013396375098397193 0.4471496437001526 0.025216706067571187 0.07957244655487443
0 0.07210401891196136 0.4750593824171608 0.02127659574451319 0.03800475059337286
0 0.046887312844390176 0.4602137767166245 0.011820330969173993 0.032066508313158354
0 0.05594956658742357 0.47030878859298914 0.012608353033785593 0.023752969120858038
0 0.09259259259186295 0.562351543936314 0.029156816390629184 0.060570071258187995
0 0.11899133175635154 0.6573634204197463 0.055161544522811974 0.08432304037904603
0 0.15681639085770832 0.6864608075927973 0.06146572103970477 0.1306413301647192
0 0.18006304176375051 0.5973871733895797 0.033884948778298785 0.07125890736257412
0 0.1883372734421723 0.5546318289720352 0.025216706067571187 0.045130641329630274
0 0.2151300236389667 0.5665083135324642 0.028368794326017584 0.052256532065887686
0 0.3301812450722602 0.6745843230323683 0.04885736800591917 0.08313539192300314
0 0.3163908589415572 0.6300475059307594 0.04964539007053077 0.07244655581861702
0 0.2895981087447628 0.5564133016560996 0.02127659574451319 0.039192399049415766
0 0.31954294720000365 0.5617577197082926 0.026004728132182787 0.047505938241716075
0 0.3833727344335432 0.44952494061223836 0.04491725768286118 0.07482185273070283
0 0.4227738376641232 0.5498812351478636 0.022852639873736386 0.04038004750545866
0 0.48581560283305114 0.6116389548620945 0.04018912529519158 0.06888361045048831
0 0.48699763592996853 0.5665083135324642 0.025216706067571187 0.03562945368128706
0 0.5027580772222006 0.5391923990434775 0.025216706067571187 0.04275534441754447
0 0.5397951142589457 0.5813539192330005 0.025216706067571187 0.039192399049415766
0 0.5610717100034589 0.6383610451230598 0.04728132387669597 0.08432304037904603
0 0.560677698971153 0.5380047505874346 0.022852639873736386 0.03800475059337286
0 0.5791962174895257 0.5528503562879709 0.02206461780912479 0.03681710213732996
0 0.6174152876231883 0.557007125884121 0.030732860519852384 0.049881235153801884
0 0.6516942474337929 0.5985748218456226 0.04412923561824958 0.0617577197142309
0 0.676910953501364 0.5492874109198421 0.026792750196794387 0.039192399049415766
0 0.7107959022796628 0.6086698337219872 0.03940110323057998 0.0653206650823596
0 0.7194641449903905 0.5475059382357778 0.025216706067571187 0.047505938241716075
0 0.7454688731225733 0.5795724465489361 0.026792750196794387 0.045130641329630274
0 0.830575256100626 0.5985748218456226 0.034672970842910385 0.057007125890059296
0 0.8459416863605521 0.5718527315846573 0.029156816390629184 0.04394299287358737
0 0.9440504334046963 0.5861045130571721 0.033096926713687184 0.05106888360984478
