0 0.0149999999998125 0.5636704119744631 0.027499999999656247 0.07490636703979577
0 0.2737499999965781 0.6994382022340929 0.08249999999896875 0.14794007490359662
0 0.239999999997 0.582397003734412 0.0399999999995 0.06741573033581619
0 0.21562499999730467 0.5337078651585448 0.026249999999671873 0.04868913857586724
0 0.1987499999975156 0.5018726591666316 0.029999999999625 0.05617977527984682
0 0.2637499999967031 0.5065543071066189 0.027499999999656247 0.05430711610385193
0 0.28562499999642965 0.48314606740668264 0.028749999999640622 0.05992509363183661
0 0.306874999996164 0.5177902621625882 0.031249999999609375 0.05056179775186214
0 0.31937499999600777 0.5636704119744631 0.03874999999951562 0.06741573033581619
0 0.36124999999548435 0.6048689138463508 0.04249999999946875 0.07865168539178555
0 0.47499999999406245 0.6769662921221542 0.0749999999990625 0.1292134831436477
0 0.43624999999454683 0.6020599250823584 0.03749999999953125 0.07677902621579065
0 0.4006249999949922 0.5440074906265168 0.033749999999578124 0.05430711610385193
0 0.40999999999487496 0.5121722846346035 0.024999999999687498 0.039325842695892774
0 0.4406249999944922 0.5056179775186214 0.021249999999734374 0.04119850187188767
0 0.4893749999938828 0.5234082396905729 0.036249999999546874 0.05805243445584172
0 0.5024999999937187 0.4897003745226648 0.027499999999656247 0.05056179775186214
0 0.5449999999931875 0.46348314605873625 0.027499999999656247 0.05056179775186214
0 0.5437499999932031 0.5308988763945525 0.027499999999656247 0.05430711610385193
0 0.5749999999928125 0.546816479390509 0.0399999999995 0.07490636703979577
0 0.6193749999922578 0.5290262172185576 0.031249999999609375 0.05805243445584172
0 0.6206249999922422 0.680711610474144 0.07874999999901562 0.13670411984762726
0 0.6481249999918984 0.4953183520506495 0.026249999999671873 0.04681647939987235
0 0.6849999999914375 0.5430711610385193 0.0399999999995 0.07865168539178555
0 0.69999999999125 0.4897003745226648 0.027499999999656247 0.04307116104788256
0 0.7374999999907812 0.5018726591666316 0.027499999999656247 0.04868913857586724
0 0.7499999999906249 0.5730337078544375 0.04249999999946875 0.07490636703979577
0 0.7693749999903827 0.5280898876305601 0.031249999999609375 0.06367041198382639
0 0.8081249999898984 0.5056179775186214 0.028749999999640622 0.044943820223877454
0 0.8306249999896171 0.5308988763945525 0.033749999999578124 0.05805243445584172
0 0.8399999999894999 0.5720973782664401 0.0449999999994375 0.07677902621579065
0 0.8231249999897109 0.6507490636582257 0.05374999999932812 0.0955056179757396
0 0.9049999999886874 0.6488764044822308 0.054999999999312495 0.0955056179757396
0 0.9643749999879453 0.5477528089785065 0.03874999999951562 0.06928838951181109
0 0.9856249999876796 0.6385767790142589 0.028749999999640622 0.10486891385571406
