0 0.08071428571313265 0.26008492568449926 0.05857142857059184 0.08280254776894262
0 0.030714285713846937 0.25583864118352784 0.03285714285667347 0.0785562632679712
0 0.03928571428515306 0.6815286624059124 0.0557142857134898 0.1316348195301139
0 0.16642857142619388 0.3906581740893703 0.03571428571377551 0.05944798301359983
0 0.18999999999728573 0.37579617833597034 0.028571428571020407 0.04670912951068558
0 0.2528571428535306 0.4352441613495702 0.048571428570734695 0.07218683651651409
0 0.28357142856737755 0.41613588109519883 0.03571428571377551 0.06369426751457125
0 0.2992857142814388 0.3747346072107275 0.02999999999957143 0.040339702759228456
0 0.3357142857094898 0.41825902334568454 0.03428571428522449 0.042462845009714166
0 0.33999999999514285 0.3864118895883989 0.02571428571391837 0.03821656050874275
0 0.31142857142412245 0.4554140127291844 0.03999999999942857 0.06581740976505696
0 0.3064285714241939 0.5276008492456985 0.044285714285081636 0.0743099787669998
0 0.3657142857090612 0.567940552004927 0.06857142857044898 0.10403397027379971
0 0.4378571428508878 0.4055201698427703 0.027142857142469386 0.04670912951068558
0 0.45857142856487754 0.4171974522204417 0.028571428571020407 0.04883227176117129
0 0.4657142857076327 0.45010615710297014 0.028571428571020407 0.05520169851262842
0 0.5135714285640919 0.4819532908602558 0.03857142857087755 0.06794055201554267
0 0.5028571428499592 0.4309978768485988 0.028571428571020407 0.06369426751457125
0 0.4671428571361837 0.7770700636777692 0.10285714285567348 0.16985138003885666
0 0.9107142857012755 0.662420382151541 0.10142857142712244 0.152866242034971
0 0.7542857142749387 0.5838641188835698 0.0628571428562449 0.11040339702525684
0 0.7042857142756531 0.5520169851262842 0.05428571428493877 0.07218683651651409
0 0.596428571420051 0.5031847133651128 0.04999999999928571 0.0764331210174855
0 0.6464285714193367 0.3683651804592704 0.021428571428265306 0.03184713375728562
0 0.6721428571332551 0.36093418258257043 0.018571428571163267 0.029723991506799916
0 0.6799999999902857 0.35350318470587044 0.014285714285510204 0.03184713375728562
0 0.7049999999899286 0.36730360933402756 0.021428571428265306 0.03397027600777133
0 0.768571428560449 0.37261146496024183 0.017142857142612246 0.02335456475534279
0 0.7771428571317551 0.3598726114573276 0.019999999999714285 0.03184713375728562
0 0.8078571428456021 0.3588110403320847 0.015714285714061225 0.03397027600777133
0 0.8349999999880714 0.3588110403320847 0.015714285714061225 0.0254777070058285
0 0.8535714285592347 0.36942675158451327 0.012857142856959184 0.0254777070058285
0 0.9057142857013469 0.2855626326903278 0.02571428571391837 0.044585987260199876
