0 0.18833333333019445 0.46999999998955555 0.0299999999995 0.055555555554320984
0 0.262499999995625 0.46999999998955555 0.024999999999583335 0.03777777777693827
0 0.31833333332802777 0.45222222221217284 0.026666666666222222 0.042222222221283946
0 0.367499999993875 0.45333333332325926 0.02833333333286111 0.04888888888780247
0 0.42666666665955555 0.46111111110086417 0.0299999999995 0.05111111110997531
0 0.4833333333252778 0.4666666666562963 0.026666666666222222 0.044444444443456785
0 0.5316666666578056 0.46888888887846913 0.026666666666222222 0.03999999999911111
0 0.5783333333236944 0.4677777777673827 0.0299999999995 0.055555555554320984
0 0.6258333333229028 0.4644444444341234 0.02833333333286111 0.044444444443456785
0 0.6758333333220694 0.4644444444341234 0.02833333333286111 0.044444444443456785
0 0.73499999998775 0.4733333333228148 0.03333333333277778 0.04888888888780247
0 0.7783333333203611 0.4799999999893333 0.0299999999995 0.04888888888780247
0 0.8308333333194861 0.46555555554520983 0.02833333333286111 0.042222222221283946
