0 0.09865824782873987 0.41421052631142935 0.04262036306201562 0.0705263157887313
0 0.01617995264391334 0.44052631578483653 0.029202841357307004 0.05789473684149584
0 0.19810576164010968 0.4257894736797285 0.03788476716623611 0.05789473684149584
0 0.2501973164936843 0.45736842104781716 0.05524861878409433 0.07894736842022161
0 0.32912391475667624 0.42736842104813294 0.04262036306201562 0.061052631578304706
0 0.34648776637453443 0.4794736842054792 0.05367008681883449 0.06842105263085872
0 0.35990528807924305 0.3226315789439723 0.029992107339936923 0.041052631578515235
0 0.47395422256926634 0.3231578947334404 0.029202841357307004 0.0442105263153241
0 0.574980268345896 0.41421052631142935 0.027624309392047165 0.043157894736387814
0 0.661799526435187 0.42999999999547367 0.03551696921834636 0.062105263157241
0 0.6732438831833208 0.4036842105220665 0.0331491712704566 0.041052631578515235
0 0.7596685082812971 0.4699999999950526 0.041831097079385704 0.06421052631511358
0 0.8287292817614149 0.4305263157849418 0.041041831096755785 0.061052631578304706
0 0.8630623520058164 0.44315789473217726 0.04814522494042506 0.06947368420979501
