0 0.08684654300022182 0.5803571428398703 0.10286677908764137 0.16071428570950255
0 0.17706576728200563 0.5863095237920741 0.06408094434967823 0.11309523809187216
0 0.27993254636964704 0.6071428571247873 0.08768971332061232 0.2142857142793367
0 0.37015177065143084 0.6711309523609782 0.1433389544663855 0.23511904761205002
0 0.4637436762147767 0.6086309523628384 0.07419898819436427 0.13988095237678924
0 0.5573355817781225 0.6428571428380102 0.1096121416507654 0.2202380952315405
0 0.31703204046682915 0.44345238093918293 0.026981450252496098 0.05357142856983418
0 0.415682967952518 0.5446428571266475 0.03878583473796314 0.07738095237864936
0 0.5969645868364761 0.5669642856974118 0.06070826306811622 0.11011904761577025
0 0.6492411467006873 0.5684523809354627 0.040472175378744146 0.09523809523526076
0 0.7065767284872415 0.3735119047507883 0.053962900504992195 0.11607142856797406
0 0.8018549746913683 0.6547619047424178 0.18381112984512965 0.3392857142756165
0 0.8819561551284661 0.6071428571247873 0.07419898819436427 0.2142857142793367
0 0.9485666104393159 0.6964285714078443 0.10286677908764137 0.2678571428491709
0 0.953625632361659 0.558035714269106 0.05227655986421119 0.11011904761577025
0 0.22512647554426432 0.5342261904602909 0.028667790893277104 0.06249999999813988
