0 12950000000.0 44750000000.0 10100000000.0 11100000000.0
0 19550000000.0 42300000000.0 13700000000.0 13200000000.0
0 26450000000.0 56050000000.0 16900000000.0 19500000000.0
0 36650000000.0 41050000000.0 8700000000.0 9100000000.0
0 45400000000.0 41600000000.0 10400000000.0 10800000000.0
0 55050000000.0 44150000000.0 14300000000.0 12300000000.0
0 70850000000.0 53450000000.0 18700000000.0 16300000000.0
0 78150000000.0 38600000000.0 8500000000.0 10000000000.0
0 93850000000.0 17900000000.0 11500000000.0 11800000000.0
0 113000000000.0 40550000000.0 8000000000.0 9300000000.0
0 42700000000.0 14950000000.0 7000000000.0 8500000000.0
0 103950000000.0 63600000000.0 26100000000.0 23600000000.0
