0 0.1521276595728497 0.30697674417890747 0.14468085106229064 0.27906976743537043
0 0.13882978723256564 0.15813953488004326 0.10319148936060435 0.17674418604240127
0 0.33776595744321525 0.16162790697298537 0.09893617021171344 0.2860465116212547
0 0.3797872340385129 0.23255813952947538 0.10638297872227252 0.2511627906918334
0 0.43936170212298553 0.3186046511553813 0.07446808510559076 0.19534883720475932
0 0.5255319148880263 0.39418604650246075 0.10425531914782707 0.2720930232494862
0 0.7111702127583919 0.4093023255718766 0.1010638297861589 0.27441860464478096
0 0.6856382978650464 0.2581395348777177 0.09468085106282255 0.26976744185419144
0 0.8154255319062189 0.3790697674330449 0.0670212765950317 0.23720930232006487
0 0.8702127659481892 0.3523255813871552 0.08510638297781802 0.25348837208712816
