0 0.6382978723336351 0.4822097378186852 0.031914893616681754 0.07303370786380087
0 0.5425531914835898 0.38764044943094306 0.014893617021118154 0.029962546815918305
0 0.5505319148877603 0.36985018725899155 0.013829787233895429 0.02808988763992341
0 0.4409574468038196 0.3782771535509686 0.02021276595723178 0.033707865167908094
0 0.42765957446353553 0.36329588014300945 0.019148936170009054 0.029962546815918305
0 0.4212765957401992 0.406367041190892 0.019148936170009054 0.044943820223877454
0 0.39946808510213333 0.4241573033628435 0.02659574468056813 0.05056179775186214
0 0.38617021276184926 0.39700374531091753 0.017021276595563604 0.033707865167908094
0 0.4111702127615833 0.3764044943749737 0.01808510638278633 0.03745318351989788
0 0.39787234042129926 0.35580524343902986 0.012765957446672704 0.029962546815918305
0 0.4058510638254697 0.3164794007431371 0.011702127659449977 0.022471910111938727
0 0.36489361701739476 0.29588014980719324 0.008510638297781802 0.01872659175994894
0 0.36223404254933794 0.37359550561098137 0.015957446808340877 0.035580524343902985
0 0.3398936170176607 0.4475655430627797 0.03085106382945903 0.06367041198382639
0 0.32553191489015393 0.37734082396297114 0.021276595744454504 0.035580524343902985
0 0.3372340425496039 0.3988764044869124 0.023404255318899954 0.04119850187188767
0 0.29361702127347217 0.4260299625388384 0.019148936170009054 0.04681647939987235
0 0.2872340425501358 0.40262172283890224 0.017021276595563604 0.03745318351989788
0 0.29680851063514035 0.38014981272696347 0.017021276595563604 0.033707865167908094
0 0.23936170212511318 0.41292134830687416 0.027659574467790857 0.05805243445584172
0 0.26382978723123585 0.45411985017876183 0.03404255319112721 0.06928838951181109
0 0.19946808510426098 0.45411985017876183 0.035106382978349934 0.0617977528078315
0 0.17978723404064056 0.3988764044869124 0.027659574467790857 0.04868913857586724
0 0.13297872340284064 0.46161048688274137 0.04255319148890901 0.06554307115982129
0 0.05372340425474762 0.45880149811874904 0.039361702127240834 0.06367041198382639
0 0.8202127659487212 0.43726591759480776 0.031914893616681754 0.0617977528078315
0 0.8388297872251188 0.4925093632866571 0.035106382978349934 0.07865168539178555
