0 0.0699999999986 0.46493902437606893 0.051999999998959996 0.08841463414364589
0 0.13699999999726 0.4573170731567891 0.06199999999876 0.08536585365593397
0 0.25399999999492 0.49085365852162033 0.05599999999888 0.10365853658220553
0 0.41099999999178 0.44664634144979737 0.05799999999884 0.11280487804534131
0 0.51699999998966 0.4435975609620854 0.037999999999239996 0.07012195121737433
0 0.6099999999878 0.44664634144979737 0.039999999999199995 0.06402439024195047
0 0.72099999998558 0.43445121949894966 0.03399999999932 0.06402439024195047
0 0.8119999999837599 0.4451219512059414 0.03199999999936 0.05487804877881469
0 0.8249999999834999 0.4786585365707726 0.04199999999916 0.07317073170508626
0 0.9299999999813999 0.47560975608306066 0.04399999999912 0.08536585365593397
