0 0.08363636363484298 0.4685792349598749 0.029090909090380163 0.04098360655625728
0 0.12909090908856197 0.4357923497148691 0.061818181817057845 0.09562841529793366
0 0.23545454545026445 0.5519125682909314 0.034545454544826444 0.049180327867508734
0 0.2563636363589752 0.5382513661055123 0.021818181817785123 0.038251366119173465
0 0.2999999999945454 0.5478142076353056 0.029090909090380163 0.04098360655625728
0 0.45545454544626446 0.5846994535359372 0.045454545453719006 0.07103825136417928
0 0.43181818181033055 0.5396174863240542 0.023636363635933882 0.04644808743042492
0 0.428181818174033 0.5054644808605064 0.01999999999963636 0.03278688524500582
0 0.43999999999199996 0.5095628415161322 0.0181818181814876 0.03551912568208964
0 0.4627272727188595 0.5040983606419646 0.023636363635933882 0.03551912568208964
0 0.46909090908238016 0.542349726761138 0.02545454545408264 0.04644808743042492
0 0.485454545445719 0.5095628415161322 0.0181818181814876 0.024590163933754367
0 0.5072727272635041 0.4959016393307131 0.0181818181814876 0.030054644807922005
0 0.519090909081471 0.5396174863240542 0.034545454544826444 0.05191256830459256
0 0.5499999999899999 0.5327868852313447 0.01999999999963636 0.0437158469933411
0 0.5754545454440826 0.5409836065425961 0.027272727272231404 0.049180327867508734
0 0.6045454545344627 0.6338797814034459 0.06363636363520661 0.09836065573501747
0 0.5372727272629586 0.5997267759398982 0.045454545453719006 0.06830601092709547
0 0.6309090908976198 0.573770491787602 0.0363636363629752 0.06557377049001165
0 0.655454545442628 0.5901639344101048 0.05272727272631405 0.08196721311251456
0 0.6427272727155867 0.4945355191121712 0.01999999999963636 0.0437158469933411
0 0.655454545442628 0.4959016393307131 0.016363636363338842 0.03551912568208964
0 0.712727272714314 0.5655737704763505 0.0363636363629752 0.06010928961584401
0 0.7236363636232066 0.482240437145294 0.021818181817785123 0.04098360655625728
0 0.8036363636217521 0.4836065573638359 0.021818181817785123 0.03278688524500582
0 0.810909090894347 0.5614754098207247 0.032727272726677685 0.06284153005292784
0 0.8599999999843636 0.527322404357177 0.02545454545408264 0.049180327867508734
0 0.8699999999841818 0.5696721311319762 0.034545454544826444 0.057377049178760194
0 0.913636363619752 0.5368852458869704 0.030909090908528922 0.05191256830459256
0 0.9309090908921652 0.4808743169267521 0.02545454545408264 0.0437158469933411
0 0.9072727272562313 0.7499999999795083 0.08363636363484298 0.1448087431654424
0 0.9399999999829091 0.663934426211368 0.0727272727259504 0.12021857923168802
