0 0.045454545453684575 0.5937499999793836 0.0871212121195621 0.1597222222166763
0 0.07102272727138215 0.5034722222047405 0.05113636363539514 0.09722222221884644
0 0.16761363636046187 0.4947916666494864 0.054924242423202194 0.07986111110833816
0 0.21969696969280877 0.5850694444241294 0.06439393939271981 0.12847222221776136
0 0.23768939393489225 0.4999999999826389 0.05871212121100924 0.10416666666304976
0 0.2897727272672391 0.5104166666489438 0.05303030302929867 0.11111111110725308
0 0.32007575756969553 0.5156249999820963 0.05681818181710571 0.10763888888515143
0 0.3674242424172836 0.498263888871588 0.04924242424149162 0.1006944444409481
0 0.36458333332642834 0.6059027777567394 0.054924242423202194 0.1006944444409481
0 0.4318181818100034 0.5503472222031129 0.05681818181710571 0.1006944444409481
0 0.5179924242326137 0.5486111110920621 0.03598484848416695 0.07638888888623649
0 0.5321969696868902 0.48958333331633386 0.037878787878070475 0.06944444444203318
0 0.5577651515045877 0.661458333310366 0.08901515151346562 0.19791666665979454
0 0.692234848471738 0.5868055555351803 0.07765151515004448 0.16666666666087962
0 0.7840909090760588 0.5590277777583671 0.06060606060491276 0.13888888888406636
0 0.8693181818017174 0.5677083333136212 0.04924242424149162 0.12152777777355805
0 0.9611742424060383 0.6388888888667053 0.06628787878662333 0.13888888888406636
0 0.9640151514968937 0.7812499999728733 0.06818181818052686 0.26388888887972606
