0 0.19296874999698488 0.778026905812152 0.14218749999777833 0.21524663676647432
0 0.10312499999838867 0.5269058295845985 0.03437499999946289 0.04484304932634881
0 0.14921874999766846 0.5257847533514398 0.029687499999536134 0.03811659192739649
0 0.26093749999592286 0.4798206277919323 0.04062499999936524 0.06278026905688834
0 0.34218749999465337 0.5459641255482968 0.04999999999921875 0.0605381165905709
0 0.40703124999364015 0.5515695067140904 0.045312499999291996 0.05381165919161858
0 0.43281249999323734 0.5179372197193288 0.021874999999658203 0.03139013452844417
0 0.3703124999942139 0.5123318385535351 0.018749999999707032 0.024663677129491846
0 0.4960937499922486 0.5919282511078043 0.05468749999914551 0.0717488789221581
0 0.5156249999919433 0.5224215246519637 0.024999999999609376 0.03139013452844417
0 0.49921874999219973 0.5156950672530114 0.017187499999731445 0.03139013452844417
0 0.5671874999911377 0.5201793721856462 0.024999999999609376 0.03139013452844417
0 0.6335937499901001 0.7365470851852792 0.11406249999821778 0.15022421524326854
0 0.9226562499855836 0.8789237667964368 0.1453124999977295 0.2107623318338394
0 0.6820312499893433 0.5941704035741218 0.05468749999914551 0.08071748878742786
0 0.6468749999898926 0.5661434977451538 0.03124999999951172 0.06502242152320578
0 0.7078124999889405 0.5156950672530114 0.04062499999936524 0.06278026905688834
0 0.01796874999971924 0.5538116591804079 0.026562499999584963 0.04484304932634881
0 0.03515624999945068 0.5403587443825032 0.02343749999963379 0.04035874439371393
