0 0.065999999999736 0.7032348804451249 0.0855999999996576 0.1378340365672445
0 0.0381999999998472 0.4454992967619867 0.0283999999998864 0.047116736989823375
0 0.0091999999999632 0.4437412095608739 0.015999999999936 0.05766526019650025
0 0.0771999999996912 0.3850210970437059 0.0207999999999168 0.037271448663591625
0 0.0977999999996088 0.5618846694756549 0.0499999999998 0.09282700421875649
0 0.161999999999352 0.5165260196869443 0.035999999999856 0.06258790435961613
0 0.1413999999994344 0.48417721518646856 0.0323999999998704 0.04992967651160387
0 0.16019999999935922 0.4208860759464073 0.0227999999999088 0.03867791842448187
0 0.1693999999993224 0.3860759493643736 0.017999999999928 0.032348804500475746
0 0.2291999999990832 0.39029535864704434 0.015999999999936 0.033755274261366
0 0.2665999999989336 0.4356540084357549 0.021999999999912 0.040084388185372126
0 0.2677999999989288 0.40119549929394377 0.0211999999999152 0.03867791842448187
0 0.29259999999882963 0.3793952180001449 0.0147999999999408 0.034458509141811124
0 0.3297999999986808 0.38185654008170283 0.0155999999999376 0.026722925456914747
0 0.3111999999987552 0.5474683544265297 0.0295999999998816 0.05977496483783562
0 0.3463999999986144 0.5527426160298682 0.0447999999998208 0.07735583684896374
0 0.318999999998724 0.44198312235976106 0.017999999999928 0.04289732770715262
0 0.355999999998576 0.4233473980279652 0.0183999999999264 0.03516174402225625
0 0.376999999998492 0.40541490857661455 0.0123999999999504 0.027426160337359874
0 0.390999999998436 0.40541490857661455 0.0123999999999504 0.027426160337359874
0 0.3925999999984296 0.3628691983096845 0.0131999999999472 0.0253164556960245
0 0.41499999999834003 0.4170182841039591 0.017999999999928 0.0309423347395855
0 0.4543999999981824 0.41385372714195606 0.019199999999923202 0.03867791842448187
0 0.48259999999806963 0.3793952180001449 0.013999999999944 0.021800281293798875
0 0.5077999999979688 0.3945147679297151 0.0211999999999152 0.03797468354403675
0 0.6807999999972768 0.7352320675053782 0.09039999999963841 0.1469760900130311
0 0.708999999997164 0.5330520393774048 0.0323999999998704 0.07172995780540274
0 0.7229999999971081 0.5291842475349565 0.026799999999892802 0.05696202531605512
0 0.813999999996744 0.48417721518646856 0.0271999999998912 0.04992967651160387
0 0.8451999999966192 0.5355133614589627 0.0351999999998592 0.07383966244673812
0 0.8935999999964256 0.6705344585044266 0.0911999999996352 0.13572433192590913
0 0.9411999999962353 0.5291842475349565 0.043999999999824 0.06962025316406738
0 0.9745999999961016 0.4817158931049106 0.0475999999998096 0.06891701828362225
