0 0.11288088642502934 0.2519607843087851 0.05955678670277622 0.11176470588016148
0 0.2347645429330365 0.4549019607753941 0.11495844875187038 0.17254901960445984
0 0.2583102493039015 0.26862745097512497 0.056786703600321516 0.08235294117485582
0 0.38988919667050015 0.2735294117593426 0.040166204985593264 0.06862745097904652
0 0.467451523539232 0.26372549019090735 0.051246537395412094 0.08431372548854286
0 0.5457063711835775 0.2617647058772203 0.0332409972294565 0.05686274509692426
0 0.6211911357254682 0.26862745097512497 0.03462603878068385 0.06666666666535948
0 0.6419667589938786 0.3009803921509612 0.051246537395412094 0.06862745097904652
0 0.7029085872478822 0.5480392156755286 0.13434903046905333 0.18235294117289505
0 0.8220221606534346 0.3058823529351788 0.054016620497866805 0.07058823529273356
0 0.8337950138388671 0.2617647058772203 0.04432132963927533 0.07254901960642061
0 0.739612188355407 0.26372549019090735 0.0332409972294565 0.049019607842176086
0 0.9051246537270758 0.4666666666575163 0.09833795013714212 0.14117647058546712
0 0.934903047078464 0.3068627450920223 0.06371191135645828 0.08823529411591696
