0 0.06845238095221118 0.5618386243367665 0.1225198412695374 0.19047619047556058
0 0.09474206349182851 0.4361772486758063 0.08035714285694355 0.12301587301546622
0 0.2507440476184257 0.54728835978655 0.11706349206320171 0.1514550264545256
0 0.25086805555493336 0.43121693121550525 0.07812499999980624 0.08928571428541902
0 0.3244047619039573 0.4214616402102465 0.06597222222205859 0.0962301587298405
0 0.4165426587291256 0.49470899470735874 0.09250992063469118 0.1362433862429357
0 0.5111607142844465 0.45171957671808294 0.07738095238076045 0.12037037036997232
0 0.4138144841259578 0.40013227513095195 0.061755952380799214 0.08730158730129861
0 0.36656746031655113 0.3619378306866338 0.057043650793509315 0.0810185185182506
0 0.4600694444433034 0.3540013227501521 0.032242063491983525 0.051256613756444254
0 0.5111607142844465 0.33548280423169485 0.027777777777708883 0.04596560846545646
0 0.5566716269827463 0.3604497354485435 0.032986111111029295 0.05026455026438405
0 0.6168154761889464 0.4652777777762392 0.05555555555541777 0.09325396825365988
0 0.6723710317443641 0.45353835978685997 0.05109126984114312 0.09226190476159966
0 0.6475694444428384 0.37648809523685023 0.04365079365068539 0.06845238095215458
0 0.6803075396808523 0.3735119047606696 0.024801587301525787 0.04993386243369731
0 0.6010664682524774 0.3589616402104532 0.028521825396754658 0.03935185185172172
0 0.6197916666651294 0.3609457671945736 0.01785714285709857 0.037367724867601294
0 0.17410714285671103 0.3698743386231155 0.04067460317450229 0.07506613756588933
0 0.21999007936453374 0.37599206349082015 0.057043650793509315 0.09325396825365988
0 0.2814980158723177 0.3708664021151757 0.05109126984114312 0.07308201058176891
0 0.3792162698403293 0.2681878306869438 0.04216269841259384 0.06216931216910658
0 0.31274801587224016 0.3182870370359845 0.021825396825342694 0.03604497354485435
0 0.29315476190403483 0.3073743386233222 0.018849206349159597 0.04199735449721562
0 0.2767857142850278 0.3073743386233222 0.018849206349159597 0.03802910052897477
0 0.25384424603111644 0.31183862433759313 0.02703373015866311 0.04298941798927583
0 0.23127480158672797 0.29695767195668993 0.01959325396820537 0.03108465608455329
0 0.21242559523756838 0.2872023809514312 0.02108134920629692 0.03009259259249308
0 0.19432043650745454 0.2962962962953165 0.02554563492057156 0.040343915343781935
0 0.17447916666623392 0.31894841269735796 0.04290674603163961 0.05324074074056468
0 0.13913690476155968 0.2536375661367274 0.032242063491983525 0.04497354497339625
0 0.16468253968213123 0.27232142857052805 0.017361111111068053 0.022156084656011387
0 0.08320932539661902 0.3675595238083083 0.061755952380799214 0.08829365079335881
0 0.017361111111068053 0.2967923280413466 0.032242063491983525 0.05720899470880553
0 0.012152777777747635 0.33382936507826116 0.021825396825342694 0.061177248677046374
0 0.05121527777765075 0.2447089947081855 0.031001984126907235 0.03902116402103498
0 0.010292658730133202 0.2536375661367274 0.018105158730113827 0.037037037036914564
0 0.09188988095215304 0.3214285714275085 0.04439484126973116 0.05820105820086574
0 0.09250992063469118 0.29232804232707565 0.03670634920625817 0.044312169312022774
0 0.7284226190458124 0.3935185185172172 0.03373015873007507 0.05224867724850447
0 0.7250744047601064 0.35482804232686893 0.02554563492057156 0.037037037036914564
0 0.7678571428552384 0.3875661375648559 0.04067460317450229 0.06018518518498616
0 0.7991071428551609 0.3959986772473677 0.032242063491983525 0.05919312169292595
0 0.8231646825376409 0.38905423280294626 0.027777777777708883 0.05919312169292595
0 0.8498263888867811 0.3804563492050911 0.02108134920629692 0.04794973544957688
0 0.8650793650772195 0.37648809523685023 0.021825396825342694 0.0400132275130952
0 0.8831845238073334 0.3720238095225793 0.024801587301525787 0.046957671957516676
0 0.9064980158707675 0.3730158730146395 0.021825396825342694 0.03505291005279414
0 0.9264632936484958 0.3740079365066997 0.01661706349202228 0.03505291005279414
0 0.9455605158706707 0.35598544973427254 0.017113095238052795 0.024801587301505286
0 0.41679067460214086 0.3303571428560504 0.028521825396754658 0.04828042328026362
0 0.43377976190368606 0.32688492063383967 0.020337301587251146 0.04332010581996257
0 0.5348462301574036 0.2693452380943474 0.01959325396820537 0.03009259259249308
0 0.5130208333320609 0.28373015872922047 0.013640873015839184 0.021164021163951177
0 0.4785466269829401 0.26173941798855244 0.01512896825393073 0.02678571428562571
