0 0.08099999999837999 0.5826666666511289 0.0699999999986 0.1199999999968
0 0.1399999999972 0.5106666666530488 0.0599999999988 0.08266666666446222
0 0.19899999999602 0.4026666666559289 0.037999999999239996 0.04799999999872
0 0.43099999999138 0.49199999998688 0.04199999999916 0.07199999999808
0 0.5149999999897 0.5533333333185778 0.0699999999986 0.09333333333084444
0 0.40699999999186 0.4533333333212444 0.03399999999932 0.05866666666510222
0 0.3799999999924 0.4386666666549689 0.02799999999944 0.04533333333212444
0 0.35999999999279997 0.4093333333224178 0.02399999999952 0.03999999999893333
0 0.45199999999095997 0.3866666666563556 0.02799999999944 0.03733333333233778
0 0.48099999999037996 0.4093333333224178 0.025999999999479998 0.03999999999893333
0 0.51099999998978 0.41866666665550223 0.025999999999479998 0.04266666666552889
0 0.549999999989 0.43333333332177776 0.03199999999936 0.05066666666531555
0 0.549999999989 0.3906666666562489 0.019999999999599997 0.03999999999893333
0 0.57799999998844 0.39999999998933333 0.019999999999599997 0.03199999999914667
0 0.62299999998754 0.45866666665443556 0.0299999999994 0.05866666666510222
0 0.63699999998726 0.41866666665550223 0.02199999999956 0.03733333333233778
0 0.6849999999863 0.42666666665528885 0.025999999999479998 0.04266666666552889
0 0.72899999998542 0.41599999998890663 0.025999999999479998 0.03733333333233778
0 0.7149999999857 0.5053333333198577 0.037999999999239996 0.07733333333127111
0 0.77399999998452 0.45199999998794665 0.03199999999936 0.05599999999850667
0 0.8369999999832599 0.5439999999854933 0.07399999999852 0.09066666666424888
0 0.8639999999827199 0.47599999998730663 0.039999999999199995 0.07199999999808
0 0.8949999999821 0.4533333333212444 0.04199999999916 0.053333333331911106
0 0.97899999998042 0.5373333333190045 0.04199999999916 0.08266666666446222
