0 0.10337078651453098 0.24999999999166667 0.08539325842504733 0.13999999999533333
0 0.19213483145635651 0.39499999998683333 0.06516853932437823 0.1033333333298889
0 0.20337078651228377 0.3566666666547778 0.05168539325726549 0.07333333333088889
0 0.3584269662840803 0.33833333332205556 0.038202247190152756 0.06999999999766666
0 0.40674157302456754 0.35166666665494445 0.05393258426845095 0.08999999999700001
0 0.4640449438097967 0.36333333332122225 0.05168539325726549 0.10666666666311111
0 0.6269662921207423 0.34999999998833337 0.04494382022370912 0.09333333333022223
0 0.6921348314451204 0.34999999998833337 0.05393258426845095 0.09333333333022223
0 0.7865168539149097 0.4316666666522778 0.12134831460401463 0.1766666666607778
0 0.8303370786330261 0.3283333333223889 0.04719101123489458 0.08333333333055556
0 0.9314606741363716 0.33333333332222226 0.056179775279636406 0.09999999999666667
