0 3400000000.0 10200000000.0 1800000000.0 2200000000.0
0 4350000000.0 10600000000.0 1900000000.0 2400000000.0
0 5600000000.0 11150000000.0 2200000000.0 2700000000.0
0 7050000000.0 11800000000.0 2900000000.0 2800000000.0
0 10900000000.0 12150000000.0 3200000000.0 2900000000.0
0 14400000000.0 13950000000.0 3800000000.0 4500000000.0
0 18800000000.0 15450000000.0 5400000000.0 5900000000.0
0 24700000000.0 17800000000.0 6800000000.0 6800000000.0
0 11700000000.0 9500000000.0 2400000000.0 2200000000.0
0 13850000000.0 9950000000.0 1900000000.0 2100000000.0
0 16000000000.0 9750000000.0 1800000000.0 2500000000.0
0 18050000000.0 10400000000.0 1700000000.0 2000000000.0
0 18000000000.0 8600000000.0 1800000000.0 1600000000.0
0 17850000000.0 5700000000.0 1500000000.0 1600000000.0
0 22700000000.0 3800000000.0 1200000000.0 1600000000.0
0 23400000000.0 11050000000.0 2200000000.0 2700000000.0
0 24250000000.0 9600000000.0 1700000000.0 2000000000.0
0 24900000000.0 8550000000.0 1400000000.0 1500000000.0
0 26950000000.0 6150000000.0 1300000000.0 1700000000.0
0 20350000000.0 8700000000.0 1900000000.0 1800000000.0
0 22150000000.0 9100000000.0 1700000000.0 1600000000.0
0 27600000000.0 11550000000.0 3400000000.0 3500000000.0
0 32700000000.0 12200000000.0 4000000000.0 4400000000.0
0 39050000000.0 13400000000.0 3900000000.0 4800000000.0
0 41200000000.0 11000000000.0 2600000000.0 2800000000.0
0 43150000000.0 9350000000.0 2100000000.0 2700000000.0
0 42750000000.0 7350000000.0 2100000000.0 2500000000.0
0 42200000000.0 6250000000.0 1800000000.0 1900000000.0
0 44250000000.0 4400000000.0 1500000000.0 1800000000.0
0 46950000000.0 4650000000.0 1500000000.0 1700000000.0
0 47500000000.0 6300000000.0 2800000000.0 3400000000.0
0 48350000000.0 11000000000.0 2700000000.0 3200000000.0
0 38800000000.0 6000000000.0 1800000000.0 1800000000.0
0 39350000000.0 4650000000.0 1300000000.0 1700000000.0
0 36050000000.0 7300000000.0 1900000000.0 2200000000.0
0 36550000000.0 6100000000.0 1500000000.0 1600000000.0
0 35200000000.0 10100000000.0 2400000000.0 3400000000.0
0 30400000000.0 9800000000.0 2200000000.0 2200000000.0
0 29350000000.0 7400000000.0 2100000000.0 2400000000.0
0 27550000000.0 8800000000.0 2300000000.0 2400000000.0
0 31300000000.0 5450000000.0 1600000000.0 2100000000.0
0 32950000000.0 4900000000.0 1500000000.0 1600000000.0
0 33950000000.0 6050000000.0 1100000000.0 1700000000.0
0 32750000000.0 7600000000.0 1900000000.0 2400000000.0
