0 0.8813186812993117 0.47499999998173076 0.03516483516406231 0.057692307690088755
0 0.9505494505285593 0.4499999999826923 0.032967032966308416 0.0692307692281065
0 0.8703296703105422 0.39615384613860943 0.021978021977538946 0.04615384615207101
0 0.7846153845981403 0.4499999999826923 0.03076923076855452 0.06153846153609467
0 0.6989010988857385 0.42884615382965974 0.03516483516406231 0.057692307690088755
0 0.6428571428430141 0.3826923076775887 0.024175824175292838 0.057692307690088755
0 0.5956043955913054 0.36923076921656806 0.026373626373046733 0.05384615384408284
0 0.48461538460473375 0.371153846139571 0.02857142857080063 0.057692307690088755
0 0.4307692307597633 0.27499999998942304 0.03076923076855452 0.07307692307411243
0 0.6065934065800749 0.44423076921368343 0.06593406593261683 0.11153846153417159
0 0.5032967032856418 0.551923076901849 0.0395604395595701 0.08076923076612426
0 0.27802197801586764 0.45576923075170117 0.041758241757324 0.07307692307411243
0 0.2351648351596667 0.4019230769076183 0.03516483516406231 0.08846153845813609
0 0.16153846153491125 0.5307692307488165 0.05054945054833957 0.10769230768816568
0 0.19890109889672744 0.788461538431213 0.09010989010790967 0.16923076922426034
0 0.10439560439330998 0.6288461538219674 0.0813186813168941 0.1576923076862426
0 0.02747252747192368 0.49230769228875737 0.05054945054833957 0.138461538456213
