0 0.19454545454191735 0.6218749999805664 0.05818181818076033 0.11874999999628905
0 0.25181818181360327 0.5453124999829589 0.05272727272631405 0.10312499999677734
0 0.3054545454489917 0.5906249999815429 0.047272727271867765 0.0937499999970703
0 0.3736363636295702 0.5593749999825195 0.049090909090016524 0.10624999999667968
0 0.46818181817330573 0.59999999998125 0.05272727272631405 0.11249999999648437
0 0.5727272727168594 0.6671874999791503 0.05818181818076033 0.10937499999658203
0 0.67454545453319 0.5718749999821289 0.05090909090816528 0.12499999999609374
0 0.7990909090763801 0.3328124999895996 0.049090909090016524 0.10312499999677734
0 0.8472727272573223 0.2890624999909668 0.047272727271867765 0.10937499999658203
0 0.9045454545290083 0.2984374999906738 0.059999999998909086 0.11562499999638672
0 0.7499999999863636 0.30312499999052733 0.049090909090016524 0.09999999999687499
0 0.7363636363502479 0.23593749999262692 0.047272727271867765 0.09062499999716796
0 0.6909090908965289 0.28437499999111326 0.05454545454446281 0.11874999999628905
0 0.640909090897438 0.24531249999233395 0.045454545453719006 0.08437499999736327
0 0.5918181818074214 0.28593749999106444 0.049090909090016524 0.10312499999677734
0 0.5481818181718512 0.24531249999233395 0.05272727272631405 0.10312499999677734
0 0.5072727272635041 0.30156249999057616 0.05818181818076033 0.10312499999677734
0 0.45090909090089254 0.2484374999922363 0.047272727271867765 0.09687499999697265
0 0.4009090909018016 0.29531249999077147 0.049090909090016524 0.09687499999697265
0 0.3472727272664132 0.3062499999904297 0.04363636363557025 0.07499999999765625
0 0.2963636363582479 0.3421874999893066 0.047272727271867765 0.08437499999736327
0 0.2590909090861983 0.3046874999904785 0.034545454544826444 0.07812499999755859
0 0.22272727272322312 0.32968749998969726 0.045454545453719006 0.09687499999697265
0 0.12999999999763637 0.3359374999895019 0.05272727272631405 0.10312499999677734
