0 0.05562499999930468 0.592499999990125 0.031249999999609375 0.048333333332527775
0 0.07687499999903906 0.5783333333236944 0.028749999999640622 0.04999999999916667
0 0.14687499999816406 0.5958333333234027 0.031249999999609375 0.04499999999925
0 0.21249999999734373 0.6024999999899583 0.03249999999959375 0.048333333332527775
0 0.2531249999968359 0.6466666666558889 0.04874999999939062 0.06999999999883333
0 0.2693749999966328 0.5283333333245278 0.018749999999765624 0.026666666666222222
0 0.41124999999485934 0.7974999999867083 0.09999999999874999 0.14499999999758334
0 0.3906249999951172 0.6474999999892084 0.031249999999609375 0.05833333333236111
0 0.4093749999948828 0.6016666666566389 0.031249999999609375 0.04333333333261111
0 0.4981249999937734 0.5991666666566805 0.028749999999640622 0.04166666666597222
0 0.47687499999403904 0.592499999990125 0.028749999999640622 0.038333333332694446
0 0.5274999999934062 0.5874999999902083 0.027499999999656247 0.04166666666597222
0 0.6412499999919844 0.7641666666539305 0.0849999999989375 0.13499999999775
0 0.5881249999926484 0.5808333333236527 0.023749999999703123 0.038333333332694446
0 0.6174999999922812 0.6208333333229861 0.0349999999995625 0.04499999999925
0 0.6331249999920859 0.5949999999900834 0.033749999999578124 0.04333333333261111
0 0.6181249999922734 0.5624999999906249 0.021249999999734374 0.034999999999416664
0 0.669999999991625 0.5691666666571805 0.02249999999971875 0.03166666666613889
0 0.6912499999913594 0.553333333324111 0.01749999999978125 0.03666666666605556
0 0.7206249999909922 0.5708333333238195 0.023749999999703123 0.038333333332694446
0 0.7362499999907969 0.5983333333233611 0.03249999999959375 0.04999999999916667
0 0.7674999999904062 0.637499999989375 0.03749999999953125 0.051666666665805557
0 0.7824999999902187 0.5483333333241944 0.024999999999687498 0.0299999999995
0 0.8318749999896016 0.6233333333229444 0.04124999999948437 0.06666666666555555
0 0.8756249999890546 0.6191666666563472 0.04124999999948437 0.06499999999891666
0 0.8674999999891562 0.5808333333236527 0.02249999999971875 0.038333333332694446
0 0.8318749999896016 0.5591666666573473 0.018749999999765624 0.038333333332694446
0 0.8031249999899609 0.5516666666574722 0.016249999999796875 0.0299999999995
0 0.9024999999887187 0.5566666666573888 0.024999999999687498 0.0299999999995
0 0.9437499999882031 0.5624999999906249 0.01999999999975 0.03166666666613889
0 0.9212499999884843 0.6166666666563889 0.0349999999995625 0.05666666666572222
0 0.9824999999877188 0.5908333333234861 0.027499999999656247 0.048333333332527775
