0 0.09374999999908448 0.7273462783053828 0.15820312499845507 0.2702265372124559
0 0.16064453124843123 0.48220064724138834 0.0986328124990368 0.2006472491876918
0 0.25976562499746325 0.4490291262063264 0.07617187499925614 0.16990291261860999
0 0.30712890624700073 0.46359223300220725 0.04980468749951363 0.10841423948044637
0 0.5307617187448168 0.6051779935177156 0.13964843749863626 0.2783171520990564
0 0.6113281249940301 0.48867313915066873 0.09374999999908448 0.17475728155057027
0 0.708007812493086 0.4983818770145893 0.080078124999218 0.1391585760495282
0 0.7890624999922944 0.45307443364962663 0.06835937499933244 0.14239482200416836
0 0.893554687491274 0.17799352750521047 0.0878906249991417 0.1682847896412899
0 0.9521484374907018 0.7249190938394026 0.09570312499906541 0.2944983818722573
