0 0.12312499999846094 0.3386491557159728 0.07374999999907812 0.1069418386471493
0 0.1887499999976406 0.34990619136304113 0.0649999999991875 0.1144465290785282
0 0.22499999999718748 0.4005628517748487 0.069999999999125 0.1219512195099071
0 0.28749999999640624 0.4127579737258394 0.07749999999903125 0.13133208254913073
0 0.3674999999954062 0.4446529080591997 0.089999999998875 0.14258911819619907
0 0.36124999999548435 0.3386491557159728 0.057499999999281244 0.09568480300008095
0 0.33312499999583595 0.3255159474610597 0.04124999999948437 0.0769230769216337
0 0.5049999999936875 0.3480300187551964 0.06249999999921875 0.11069418386283875
0 0.5074999999936562 0.2861163226963205 0.049999999999374996 0.0769230769216337
0 0.563124999992961 0.3245778611571374 0.05374999999932812 0.10506566603930458
0 0.5918749999926015 0.44183864914743265 0.10124999999873437 0.17073170731386994
0 0.606874999992414 0.37523452156894493 0.06374999999920312 0.09756097560792568
0 0.616874999992289 0.3123827392061466 0.05624999999929687 0.08067542213732316
0 0.676874999991539 0.2945590994316218 0.03874999999951562 0.07879924952947844
0 0.7024999999912187 0.35178236397088586 0.054999999999312495 0.11069418386283875
0 0.7581249999905234 0.38930581612778037 0.07874999999901562 0.1144465290785282
0 0.7324999999908437 0.497185741078852 0.11749999999853124 0.19512195121585135
0 0.8731249999890859 0.4136960600297618 0.09374999999882812 0.14821763601973326
0 0.9624999999879688 0.3977485928630816 0.0749999999990625 0.15759849905895687
0 0.9112499999886093 0.3602251407061871 0.052499999999343745 0.11257035647068347
0 0.8143749999898203 0.3367729831081281 0.05874999999926562 0.1144465290785282
0 0.8593749999892578 0.2945590994316218 0.04624999999942187 0.07879924952947844
0 0.8993749999887578 0.3001876172551559 0.04124999999948437 0.08255159474516788
0 0.9431249999882109 0.28986866791200994 0.033749999999578124 0.06566604127456536
0 0.9731249999878359 0.2983114446473112 0.036249999999546874 0.06003752345103119
