0 0.06277777777708025 0.34083333332765275 0.04333333333285185 0.05833333333236111
0 0.13944444444289508 0.32583333332790276 0.04333333333285185 0.061666666665638886
0 0.2099999999976667 0.34583333332756944 0.06666666666592592 0.12166666666463889
0 0.25888888888601236 0.33083333332781945 0.055555555554938275 0.09833333333169444
0 0.3149999999965 0.32749999999454166 0.036666666666259264 0.061666666665638886
0 0.3138888888854013 0.29333333332844447 0.02999999999966667 0.053333333332444444
0 0.3572222222182531 0.3641666666605972 0.0744444444436173 0.13166666666447222
0 0.38777777777346917 0.3091666666615139 0.0355555555551605 0.07166666666547222
0 0.4211111111064321 0.2983333333283611 0.02444444444417284 0.04666666666588889
0 0.4549999999949445 0.25833333332902775 0.025555555555271607 0.04333333333261111
0 0.48722222221680866 0.2666666666622222 0.025555555555271607 0.04333333333261111
0 0.5005555555499939 0.2591666666623472 0.018888888888679015 0.034999999999416664
0 0.5016666666610926 0.39083333332681947 0.08333333333240742 0.16166666666397222
0 0.561666666660426 0.31583333332806945 0.036666666666259264 0.06833333333219445
0 0.4838888888835124 0.31833333332802777 0.05666666666603704 0.06666666666555555
0 0.5827777777713025 0.2841666666619306 0.0322222222218642 0.04499999999925
0 0.6016666666599815 0.33333333332777776 0.05444444444383951 0.10666666666488889
0 0.6744444444369506 0.3208333333279861 0.09111111111009877 0.1816666666636389
0 0.7538888888805124 0.33999999999433334 0.05666666666603704 0.14666666666422223
0 0.7438888888806235 0.25749999999570833 0.02999999999966667 0.048333333332527775
0 0.7677777777692469 0.21666666666305556 0.02222222222197531 0.04333333333261111
0 0.7988888888800124 0.2516666666624722 0.02444444444417284 0.04666666666588889
0 0.8072222222132531 0.31999999999466666 0.04333333333285185 0.08666666666522221
0 0.8416666666573149 0.29333333332844447 0.03444444444406173 0.06999999999883333
0 0.8444444444350618 0.24916666666251389 0.02222222222197531 0.04499999999925
0 0.8488888888794569 0.21499999999641667 0.02444444444417284 0.04333333333261111
0 0.809999999991 0.22749999999620832 0.02444444444417284 0.038333333332694446
0 0.9199999999897779 0.337499999994375 0.10444444444328396 0.18499999999691666
0 0.8944444444345062 0.19583333333006944 0.028888888888567905 0.04166666666597222
