0 0.9789062499847047 0.6821266968171464 0.04218749999934082 0.1334841628929076
0 0.8734374999863526 0.7692307692133658 0.06562499999897461 0.09954751130996498
0 0.9218749999855957 0.6527149321119294 0.043749999999316405 0.06561085972702237
0 0.9109374999857667 0.6097285067735355 0.04687499999926758 0.07013574660474806
0 0.7960937499875611 0.6255656108455754 0.03906249999938965 0.06108597284929669
0 0.611718749990442 0.5214932126578847 0.051562499999194336 0.07466063348247373
0 0.5710937499910766 0.6131221719318297 0.029687499999536134 0.04524886877725681
0 0.4960937499922486 0.6662895927451065 0.026562499999584963 0.04298642533839397
0 0.467968749992688 0.7002262443280491 0.026562499999584963 0.038461538460668285
0 0.3976562499937866 0.7036199094863433 0.03281249999948731 0.05429864253270817
0 0.3468749999945801 0.7420814479470117 0.04062499999936524 0.06787330316588522
0 0.26249999999589846 0.7624434388967772 0.04687499999926758 0.0723981900436109
0 0.2343749999963379 0.6708144796228321 0.024999999999609376 0.04298642533839397
0 0.3382812499947144 0.6572398189896551 0.026562499999584963 0.04751131221611965
0 0.3726562499941773 0.6357466063204582 0.026562499999584963 0.03619909502180545
0 0.2343749999963379 0.6153846153706926 0.021874999999658203 0.03619909502180545
0 0.21406249999665528 0.559954751118553 0.018749999999707032 0.03393665158294261
0 0.18671874999708252 0.6425339366370467 0.026562499999584963 0.04524886877725681
0 0.18359374999713135 0.5633484162768473 0.02343749999963379 0.03619909502180545
0 0.12421874999805908 0.5667420814351415 0.026562499999584963 0.03393665158294261
0 0.09374999999853516 0.5667420814351415 0.021874999999658203 0.03393665158294261
0 0.07734374999879151 0.5486425339242388 0.014062499999780275 0.024886877827491244
0 0.0671874999989502 0.5882352941043385 0.024999999999609376 0.04072398189953113
0 0.038281249999401856 0.5803167420683186 0.02343749999963379 0.03393665158294261
0 0.037499999999414065 0.680995475097715 0.03437499999946289 0.04524886877725681
0 0.10312499999838867 0.6640271493062436 0.02812499999956055 0.04298642533839397
