0 0.07062499999911719 0.5572232645298832 0.12124999999848438 0.2288930581570564
0 0.13999999999825 0.5028142589023862 0.07249999999909375 0.1538461538432674
0 0.19312499999758592 0.3977485928630816 0.05374999999932812 0.08630393996085733
0 0.26187499999672653 0.41088180111799466 0.06374999999920312 0.12007504690206237
0 0.33749999999578123 0.40619136959838287 0.03749999999953125 0.07317073170594426
0 0.3737499999953281 0.4080675422062276 0.05999999999925 0.1069418386471493
0 0.4574999999942812 0.548780487794582 0.089999999998875 0.14821763601973326
0 0.5337499999933281 0.6904315196868587 0.15749999999803124 0.258911819882572
0 0.7349999999908124 0.5093808630298428 0.09749999999878124 0.17073170731386994
0 0.9212499999884843 0.5656660412651845 0.149999999998125 0.31707317072575847
0 0.73999999999075 0.43902439023566553 0.08249999999896875 0.11257035647068347
0 0.6787499999915156 0.4399624765395879 0.054999999999312495 0.11819887429421765
0 0.6456249999919297 0.4183864915493736 0.05624999999929687 0.09380863039223623
0 0.7756249999903047 0.3902439024317027 0.05374999999932812 0.07879924952947844
0 0.7187499999910156 0.26266416509826146 0.024999999999687498 0.04502814258827339
0 0.6443749999919453 0.2654784240100285 0.021249999999734374 0.03564727954904977
0 0.563749999992953 0.2636022514021838 0.01999999999975 0.04315196998042867
0 0.49249999999384375 0.27204502813748505 0.024999999999687498 0.04127579737258394
0 0.40312499999496093 0.2636022514021838 0.026249999999671873 0.04690431519611812
0 0.32124999999598436 0.2786116322649416 0.02249999999971875 0.03939962476473922
0 0.5137499999935781 0.48968105064747314 0.07249999999909375 0.11257035647068347
0 0.5581249999930235 0.40900562851015 0.04874999999939062 0.09756097560792568
0 0.5006249999937422 0.4333958724121314 0.05124999999935937 0.07879924952947844
0 0.5049999999936875 0.3808630393924791 0.04249999999946875 0.06378986866672064
