0 0.1651348039210627 0.6631944444417354 0.08578431372522738 0.12540849673151386
0 0.04856004901945907 0.5974264705857949 0.056066176470416465 0.0935457516336048
0 0.04258578431359502 0.480596405226795 0.0367647058822403 0.06658496731998945
0 0.012714460784274772 0.4785539215666726 0.019914215686213498 0.06658496731998945
0 0.13756127450938246 0.4550653594752653 0.03370098039205361 0.053921568627230715
0 0.1908700980386309 0.46160130718765685 0.0447303921567257 0.05310457516318176
0 0.20618872548956438 0.5447303921546376 0.05759803921550981 0.07802287581667475
0 0.2503063725482527 0.45118464052103274 0.03063725490186692 0.04207516339852094
0 0.30637254901866917 0.4426062091485188 0.0318627450979416 0.048611111110912535
0 0.35493259803812827 0.5298202614357442 0.038296568627333646 0.055555555555328616
0 0.3391544117636668 0.6215277777752388 0.07107843137233125 0.11560457516292645
0 0.3881740196066539 0.48100490195881945 0.03431372549009095 0.05187908496710834
0 0.4211090686261608 0.44403594771060445 0.02971813725481091 0.049836601306985966
0 0.46063112744956913 0.49509803921366385 0.04197303921555768 0.049836601306985966
0 0.4662990196064145 0.5496323529389313 0.037990196078314976 0.05596405228735309
0 0.5447303921551938 0.45751633986741214 0.02634803921560555 0.04493464052269226
0 0.572763480390402 0.5228758169913281 0.040134803921445666 0.07189542483630762
0 0.6329656862725705 0.5104166666645816 0.0367647058822403 0.06086601307164679
0 0.641390931370584 0.6066176470563456 0.06280637254882718 0.10539215686231458
0 0.7480085784290809 0.553717320259176 0.056066176470416465 0.08946078431336005
0 0.8593749999973671 0.5398284313703439 0.05024509803906175 0.07393790849642999
