0 0.09749999999878124 0.5819672131028285 0.0849999999989375 0.14344262294788027
0 0.04187499999947656 0.46106557376104373 0.04624999999942187 0.07786885245742071
0 0.16874999999789062 0.5061475409732347 0.069999999999125 0.11475409835830422
0 0.20062499999749217 0.45696721310539 0.04374999999945312 0.08606557376872816
0 0.17562499999780468 0.4026639344179782 0.028749999999640622 0.0471311475400178
0 0.23687499999703904 0.39344262294275734 0.031249999999609375 0.06557377049045955
0 0.37124999999535935 0.42827868851581397 0.0349999999995625 0.06967213114611327
0 0.38187499999522656 0.4016393442540648 0.028749999999640622 0.05737704917915211
0 0.4474999999944062 0.42110655736841995 0.03249999999959375 0.06352459016263269
0 0.4912499999938594 0.4098360655653722 0.024999999999687498 0.06147540983480583
0 0.5274999999934062 0.40778688523754536 0.03249999999959375 0.06147540983480583
0 0.573124999992836 0.43135245900755426 0.03874999999951562 0.0840163934409013
0 0.6106249999923672 0.39241803277884385 0.028749999999640622 0.06352459016263269
0 0.6737499999915781 0.4334016393353811 0.0399999999995 0.07172131147394013
0 0.8112499999898594 0.5297131147432436 0.06249999999921875 0.11680327868613108
0 0.926874999988414 0.5983606557254434 0.09874999999876562 0.18442622950441748
0 0.7956249999900546 0.45184426228582286 0.05374999999932812 0.09631147540786246
0 0.7849999999901874 0.3913934426149304 0.029999999999625 0.05737704917915211
0 0.8818749999889766 0.4129098360571125 0.028749999999640622 0.05942622950697897
0 0.9093749999886328 0.4334016393353811 0.04874999999939062 0.07991803278524758
