0 0.149999999997 0.27666666665744444 0.1199999999976 0.2866666666571111
0 0.08499999999829999 0.25833333332472225 0.08999999999819999 0.2233333333258889
0 0.13599999999728 0.11499999999616667 0.08799999999824 0.1633333333278889
0 0.29299999999414 0.4583333333180556 0.149999999997 0.3166666666561111
0 0.49499999999009997 0.08333333333055556 0.07799999999844 0.1599999999946667
0 0.6349999999873 0.3483333333217222 0.1299999999974 0.2899999999903333
0 0.6209999999875799 0.18499999999383335 0.12199999999755999 0.209999999993
0 0.5679999999886399 0.21833333332605556 0.09199999999816 0.24999999999166667
0 0.81299999998374 0.08166666666394445 0.07799999999844 0.15666666666144444
0 0.85299999998294 0.16999999999433335 0.08599999999828 0.18666666666044446
0 0.90099999998198 0.13166666666227778 0.10599999999788 0.2566666666581111
0 0.9169999999816599 0.4583333333180556 0.14599999999708 0.34999999998833337
0 0.9599999999808 0.3116666666562778 0.07599999999847999 0.27666666665744444
0 0.92599999998148 0.23666666665877778 0.08799999999824 0.21999999999266667
