0 0.03738317756939471 0.6124999999829861 0.048598130840213125 0.07499999999791666
0 0.25327102803264917 0.4763888888756559 0.039252336447864446 0.0638888888871142
0 0.16355140186610184 0.8208333333105324 0.11401869158665386 0.16944444443973766
0 0.35794392522695434 0.5486111110958719 0.039252336447864446 0.05277777777631173
0 0.70654205606156 0.14583333332928242 0.08598130840960783 0.12499999999652778
0 0.9271028037209887 0.4583333333206019 0.05233644859715259 0.10555555555262346
0 0.9598130840942092 0.7138888888690587 0.08037383177419863 0.1777777777728395
0 0.8177570093305092 0.7819444444227238 0.1327102803713512 0.18055555555054012
0 0.7663551401725915 0.5749999999840278 0.04485981308327365 0.06666666666481481
0 0.7831775700788192 0.526388888874267 0.022429906541636825 0.041666666665509264
0 0.8158878504520395 0.5388888888739197 0.039252336447864446 0.061111111109413585
0 0.7261682242854922 0.67499999998125 0.06542056074644075 0.09999999999722223
0 0.6102803738203686 0.7361111110906636 0.10280373831583545 0.14999999999583333
0 0.5850467289610272 0.6444444444265433 0.05233644859715259 0.07777777777561729
0 0.6448598130720588 0.6097222222052855 0.048598130840213125 0.07499999999791666
0 0.6112149532596035 0.5458333333181713 0.041121495326334176 0.06944444444251544
0 0.5887850467179666 0.5819444444282793 0.04485981308327365 0.0638888888871142
0 0.5757009345686785 0.5527777777624229 0.029906542055515767 0.06666666666481481
0 0.5551401869055114 0.5694444444286265 0.041121495326334176 0.07222222222021606
0 0.5252336448499957 0.6263888888714892 0.048598130840213125 0.06944444444251544
0 0.47943925232748713 0.6222222222049383 0.06542056074644075 0.08888888888641976
0 0.4822429906451917 0.5402777777627701 0.03364485981245524 0.0638888888871142
0 0.45887850466432006 0.5708333333174769 0.03551401869092497 0.058333333331712964
0 0.42056074765569046 0.6013888888721837 0.04485981308327365 0.06944444444251544
0 0.4196261682164556 0.5583333333178241 0.03551401869092497 0.05555555555401235
0 0.08317757009190323 0.773611111089622 0.08411214953113809 0.15277777777353396
0 0.10654205607277492 0.6722222222035494 0.05607476635409206 0.08333333333101853
0 0.12897196261441174 0.6222222222049383 0.05233644859715259 0.08333333333101853
