0 0.052901023888979486 0.4863636363415289 0.06484641638003937 0.1090909090859504
0 0.08191126279583921 0.42954545452592974 0.04778156996423954 0.07727272726921487
0 0.14846416381745856 0.44545454543429747 0.0716723549463593 0.09999999999545454
0 0.2764505119359573 0.479545454523657 0.09556313992847908 0.13181818181219007
0 0.27303754265279734 0.3840909090734504 0.04778156996423954 0.068181818178719
0 0.41467576790393595 0.3840909090734504 0.04436860068107957 0.059090909088223134
0 0.4829351535671353 0.37954545452820243 0.03754266211475964 0.059090909088223134
0 0.7098976108972731 0.3999999999818182 0.05460750853055947 0.07272727272396694
0 0.9675767917758507 0.4272727272533058 0.05802047781371944 0.0818181818144628
0 0.9709897610590106 0.3954545454365702 0.03754266211475964 0.0545454545429752
