0 0.059999999999 0.7649999999808751 0.11666666666472222 0.224999999994375
0 0.119999999998 0.6424999999839376 0.13999999999766666 0.204999999994875
0 0.11166666666480556 0.5249999999868751 0.06666666666555555 0.09499999999762501
0 0.17666666666372222 0.4924999999876875 0.059999999999 0.0999999999975
0 0.20749999999654167 0.6062499999848437 0.08499999999858333 0.1424999999964375
0 0.24666666666255554 0.5737499999856562 0.06999999999883333 0.1374999999965625
0 0.2908333333284861 0.5399999999865001 0.05833333333236111 0.10999999999725
0 0.5133333333247778 0.6737499999831563 0.10999999999816666 0.19749999999506251
0 0.41666666665972224 0.8512499999787188 0.21666666666305556 0.26249999999343754
0 0.4391666666593472 0.6437499999839063 0.06833333333219445 0.1124999999971875
0 0.43833333332602775 0.5037499999874063 0.03999999999933333 0.07749999999806251
0 0.5416666666576389 0.484999999987875 0.04999999999916667 0.06999999999825
0 0.5424999999909583 0.5349999999866251 0.051666666665805557 0.08999999999775
0 0.49583333332506946 0.5387499999865313 0.061666666665638886 0.07749999999806251
0 0.6058333333232361 0.5299999999867501 0.04499999999925 0.084999999997875
0 0.6358333333227361 0.5487499999862813 0.051666666665805557 0.07749999999806251
0 0.6591666666556806 0.504999999987375 0.04166666666597222 0.0599999999985
0 0.6891666666551806 0.5462499999863438 0.07499999999875 0.1024999999974375
0 0.6666666666555555 0.6262499999843438 0.07333333333211112 0.1274999999968125
0 0.7333333333211111 0.634999999984125 0.07999999999866667 0.14999999999625002
0 0.8124999999864583 0.6287499999842813 0.1183333333313611 0.19749999999506251
0 0.7741666666537639 0.5324999999866875 0.06833333333219445 0.08999999999775
0 0.7474999999875417 0.34874999999128126 0.04499999999925 0.0724999999981875
0 0.9208333333179861 0.7124999999821875 0.12499999999791667 0.239999999994
0 0.8874999999852083 0.5687499999857812 0.06833333333219445 0.10749999999731251
0 0.9324999999844583 0.56999999998575 0.061666666665638886 0.11499999999712501
