0 0.049999999999 0.3333333333244444 0.03599999999928 0.05866666666510222
0 0.12299999999754 0.3906666666562489 0.037999999999239996 0.05066666666531555
0 0.18699999999626 0.3973333333227378 0.04199999999916 0.053333333331911106
0 0.1949999999961 0.35599999999050663 0.037999999999239996 0.03999999999893333
0 0.23799999999524 0.4373333333216711 0.04799999999904 0.06933333333148445
0 0.32399999999351997 0.4093333333224178 0.03599999999928 0.05599999999850667
0 0.34599999999308 0.4253333333219911 0.039999999999199995 0.05599999999850667
0 0.39399999999212 0.42933333332188445 0.04399999999912 0.07999999999786667
0 0.44699999999106 0.3866666666563556 0.037999999999239996 0.053333333331911106
0 0.54299999998914 0.4253333333219911 0.037999999999239996 0.07199999999808
0 0.5749999999884999 0.48933333332028445 0.07799999999844 0.11466666666360889
0 0.6009999999879799 0.40666666665582224 0.0299999999994 0.06133333333169778
0 0.7299999999854 0.45599999998783997 0.051999999998959996 0.07999999999786667
0 0.74099999998518 0.3946666666561422 0.037999999999239996 0.053333333331911106
0 0.80299999998394 0.39999999998933333 0.04199999999916 0.05866666666510222
0 0.9689999999806199 0.44133333332156444 0.05799999999884 0.08266666666446222
