0 0.7460937499883423 0.4718309859044171 0.05468749999914551 0.07981220657089642
0 0.5398437499915649 0.5798122065591593 0.03281249999948731 0.056338028167691595
0 0.48671874999239506 0.6044600938825244 0.03281249999948731 0.05399061032737111
0 0.43203124999324954 0.6197183098446075 0.03906249999938965 0.06103286384833256
0 0.3656249999942871 0.6150234741639665 0.04687499999926758 0.056338028167691595
0 0.37421874999415283 0.5727699530381979 0.03593749999943848 0.051643192487050626
0 0.4007812499937378 0.5680751173575569 0.026562499999584963 0.051643192487050626
0 0.4468749999930176 0.5739436619583581 0.02812499999956055 0.044600938966089174
0 0.490624999992334 0.5610328638365955 0.03124999999951172 0.03755868544512773
0 0.5234374999918213 0.5563380281559545 0.021874999999658203 0.042253521125768696
0 0.5562499999913086 0.5481220657148328 0.021874999999658203 0.03521126760480724
0 0.494531249992273 0.5234741783914677 0.02031249999968262 0.03286384976448676
0 0.47968749999250493 0.49061032862698095 0.018749999999707032 0.03286384976448676
0 0.45078124999295655 0.5293427229922689 0.02343749999963379 0.03990610328544821
0 0.40703124999364015 0.5293427229922689 0.02343749999963379 0.03521126760480724
0 0.40703124999364015 0.49061032862698095 0.02031249999968262 0.03286384976448676
0 0.42734374999332275 0.48474178402617973 0.014062499999780275 0.03521126760480724
0 0.3703124999942139 0.5328638497527496 0.024999999999609376 0.03755868544512773
0 0.3242187499949341 0.5399061032737111 0.026562499999584963 0.042253521125768696
0 0.2749999999957031 0.5680751173575569 0.037499999999414065 0.051643192487050626
0 0.20390624999681398 0.5727699530381979 0.04218749999934082 0.07042253520961449
0 0.12109374999810792 0.5516431924753135 0.03593749999943848 0.056338028167691595
0 0.08437499999868164 0.592723004680922 0.04687499999926758 0.07746478873057594
0 0.02109374999967041 0.5410798121938714 0.03281249999948731 0.06338028168865303
0 0.032031249999499516 0.4741784037447376 0.03281249999948731 0.04694835680640966
0 0.08828124999862061 0.4953051643076219 0.029687499999536134 0.051643192487050626
0 0.14843749999768066 0.4988262910681026 0.03437499999946289 0.044600938966089174
0 0.20234374999683838 0.5340375586729099 0.03281249999948731 0.04929577464673014
0 0.25937499999594726 0.5316901408325894 0.02812499999956055 0.044600938966089174
0 0.2992187499953247 0.4999999999882629 0.02343749999963379 0.042253521125768696
0 0.33906249999470217 0.4999999999882629 0.021874999999658203 0.03755868544512773
0 0.36093749999436037 0.4788732394253785 0.01562499999975586 0.03286384976448676
0 0.3710937499942017 0.46596244130361586 0.017187499999731445 0.03051643192416628
0 0.38281249999401856 0.48239436618585924 0.01562499999975586 0.03051643192416628
0 0.3453124999946045 0.4612676056229749 0.01562499999975586 0.03051643192416628
0 0.3242187499949341 0.476525821585058 0.014062499999780275 0.02347417840320483
0 0.28124999999560546 0.4741784037447376 0.018749999999707032 0.03286384976448676
0 0.2789062499956421 0.44835680750121226 0.014062499999780275 0.02347417840320483
0 0.2710937499957642 0.4413145539802508 0.014062499999780275 0.02347417840320483
0 0.25937499999594726 0.42488262909800745 0.012499999999804688 0.02347417840320483
0 0.2960937499953736 0.44366197182057127 0.017187499999731445 0.028169014083845798
0 0.30937499999516604 0.45070422534153276 0.01562499999975586 0.02347417840320483
0 0.2445312499961792 0.4741784037447376 0.02031249999968262 0.03286384976448676
0 0.2351562499963257 0.4542253521020135 0.017187499999731445 0.025821596243525313
0 0.2343749999963379 0.42840375585848817 0.018749999999707032 0.025821596243525313
0 0.199999999996875 0.49413145538746167 0.03124999999951172 0.03521126760480724
0 0.19296874999698488 0.476525821585058 0.02031249999968262 0.03286384976448676
0 0.19609374999693605 0.4553990610221737 0.017187499999731445 0.02347417840320483
0 0.2007812499968628 0.4307511736988086 0.017187499999731445 0.025821596243525313
0 0.2109374999967041 0.40258215961496285 0.018749999999707032 0.03051643192416628
0 0.17578124999725342 0.37676056337143754 0.014062499999780275 0.021126760562884348
0 0.14374999999775392 0.4612676056229749 0.024999999999609376 0.03521126760480724
0 0.1562499999975586 0.4319248826189689 0.01562499999975586 0.028169014083845798
0 0.16718749999738772 0.42253521125768695 0.012499999999804688 0.02347417840320483
0 0.1679687499973755 0.39201877933352064 0.00781249999987793 0.018779342722563864
0 0.16015624999749756 0.3732394366109568 0.010937499999829101 0.018779342722563864
0 0.1460937499977173 0.383802816892399 0.014062499999780275 0.021126760562884348
0 0.1335937499979126 0.40258215961496285 0.014062499999780275 0.021126760562884348
0 0.12578124999803467 0.4154929577367255 0.017187499999731445 0.028169014083845798
0 0.10859374999830324 0.42840375585848817 0.017187499999731445 0.03051643192416628
0 0.09843749999846192 0.451877934261693 0.018749999999707032 0.03051643192416628
0 0.07187499999887696 0.46830985914393636 0.024999999999609376 0.03990610328544821
0 0.03984374999937745 0.44483568074073154 0.02031249999968262 0.03051643192416628
0 0.06171874999903565 0.42840375585848817 0.017187499999731445 0.03051643192416628
0 0.07031249999890136 0.4107981220560845 0.01562499999975586 0.028169014083845798
0 0.09218749999855957 0.39788732393432186 0.01562499999975586 0.025821596243525313
0 0.10703124999832764 0.3814553990520785 0.014062499999780275 0.025821596243525313
0 0.11953124999813233 0.3673708920101556 0.014062499999780275 0.021126760562884348
0 0.08671874999864503 0.3650234741698351 0.017187499999731445 0.021126760562884348
0 0.06249999999902344 0.37676056337143754 0.012499999999804688 0.025821596243525313
0 0.04843749999924317 0.40258215961496285 0.021874999999658203 0.025821596243525313
0 0.009374999999853516 0.42605633801816767 0.01562499999975586 0.03521126760480724
0 0.008593749999865723 0.49413145538746167 0.014062499999780275 0.05399061032737111
0 0.008593749999865723 0.383802816892399 0.014062499999780275 0.03051643192416628
0 0.022656249999645998 0.37206572769079654 0.017187499999731445 0.03051643192416628
0 0.04218749999934082 0.35446009388839295 0.01562499999975586 0.028169014083845798
0 0.008593749999865723 0.3509389671279122 0.014062499999780275 0.025821596243525313
