0 0.08499999999829999 0.4714828897159132 0.11799999999763999 0.25855513307001693
0 0.199999999996 0.36121673002428833 0.07999999999839999 0.19011406843383596
0 0.16799999999664 0.2870722433350923 0.07599999999847999 0.13307984790368518
0 0.24199999999516 0.2965779467567841 0.0599999999988 0.12927756653500846
0 0.37599999999247996 0.30228136880979917 0.04799999999904 0.09505703421691798
0 0.47699999999046 0.30038022812546084 0.037999999999239996 0.09125475284824126
0 0.61299999998774 0.32129277565318276 0.04199999999916 0.09505703421691798
0 0.7199999999855999 0.3479087452339198 0.04799999999904 0.12547528516633175
0 0.76299999998474 0.2832699619664156 0.03399999999932 0.07984790874221111
0 0.7789999999844199 0.3536121672869349 0.06199999999876 0.1368821292723619
0 0.8779999999824399 0.338403041812228 0.05599999999888 0.11406844106030158
0 0.9169999999816599 0.43916349808216104 0.08599999999828 0.17110266159045237
0 0.96699999998066 0.3688212927616418 0.053999999998919995 0.11406844106030158
