0 0.04099999999918 0.5334224598787854 0.04199999999916 0.06684491978430895
0 0.019999999999599997 0.5026737967780034 0.03199999999936 0.04812834224470245
0 0.019999999999599997 0.47593582886427976 0.02799999999944 0.037433155079213014
0 0.08299999999834 0.4879679144254554 0.025999999999479998 0.04545454545333009
0 0.12899999999741998 0.48262032084271067 0.02199999999956 0.040106951870585376
0 0.1349999999973 0.5387700534615302 0.037999999999239996 0.056149732618819524
0 0.17399999999652 0.5387700534615302 0.04399999999912 0.07219251336705368
0 0.17399999999652 0.4946524064038863 0.02799999999944 0.04278074866195773
0 0.22199999999556 0.49064171121682776 0.02399999999952 0.04545454545333009
0 0.24799999999504 0.4959893047995725 0.02399999999952 0.03475935828784066
0 0.24799999999504 0.5334224598787854 0.04799999999904 0.06149732620156424
0 0.31199999999376 0.4933155080082001 0.03599999999928 0.04545454545333009
0 0.36899999999262 0.4946524064038863 0.03399999999932 0.04812834224470245
0 0.40399999999192 0.4812834224470245 0.02799999999944 0.04278074866195773
0 0.40299999999193997 0.5641711229795676 0.06199999999876 0.0962566844894049
0 0.49299999999014 0.4812834224470245 0.025999999999479998 0.04278074866195773
0 0.51699999998966 0.5093582887564343 0.0299999999994 0.050802139036074806
0 0.52599999998948 0.48262032084271067 0.01599999999968 0.040106951870585376
0 0.5549999999888999 0.5040106951736896 0.0299999999994 0.04545454545333009
0 0.5949999999880999 0.4786096256556521 0.02199999999956 0.04812834224470245
0 0.83599999998328 0.3863636363533058 0.07199999999856 0.09358288769803254
