0 0.014166666666430554 0.41922005569862897 0.024999999999583335 0.06406685236590343
0 0.06499999999891666 0.465181058482864 0.026666666666222222 0.05013927576462007
0 0.09499999999841667 0.4498607242214523 0.026666666666222222 0.0473537604443634
0 0.12333333333127777 0.4373259052802973 0.026666666666222222 0.061281337045646755
0 0.15999999999733333 0.44011142060055397 0.04333333333261111 0.07799442896718678
0 0.2416666666626389 0.4136490250581156 0.06333333333227778 0.10306406684949682
0 0.2899999999951667 0.4289693593195273 0.03333333333277778 0.07799442896718678
0 0.3549999999940833 0.44428969358093895 0.026666666666222222 0.05292479108487674
0 0.41916666665968055 0.44011142060055397 0.034999999999416664 0.07799442896718678
0 0.382499999993625 0.45821727018222236 0.01833333333302778 0.04178272980385006
0 0.337499999994375 0.45543175486196563 0.01499999999975 0.030640668522823378
0 0.32666666666122224 0.4665738161429923 0.01666666666638889 0.03621169916333672
0 0.4616666666589722 0.452646239541709 0.026666666666222222 0.05292479108487674
0 0.5258333333245694 0.41922005569862897 0.05499999999908333 0.1142061281305235
0 0.6016666666566389 0.435933147620169 0.03999999999933333 0.09749303620898347
0 0.6366666666560555 0.461002785502479 0.0299999999995 0.06963788300641677
0 0.7033333333216111 0.4665738161429923 0.03666666666605556 0.08077994428744345
0 0.7591666666540139 0.4958217270056874 0.01833333333302778 0.05013927576462007
0 0.967499999983875 0.37743732589477885 0.024999999999583335 0.0473537604443634
0 0.9533333333174444 0.3788300835549072 0.023333333332944444 0.05013927576462007
