0 0.03333333333305556 0.7192211055186027 0.05666666666619445 0.0967336683404933
0 0.10041666666582987 0.6620603014992203 0.05083333333290973 0.07035175879308603
0 0.14041666666549654 0.6922110552676858 0.04916666666625695 0.07286432160712482
0 0.16708333333194098 0.6645728643132591 0.04749999999960417 0.07788944723520239
0 0.27583333333103477 0.7788944723520239 0.07833333333268057 0.12060301507386176
0 0.31874999999734377 0.7028894472273506 0.060833333332826395 0.0967336683404933
0 0.37291666666355905 0.6670854271272979 0.04916666666625695 0.07035175879308603
0 0.38916666666342364 0.6388190954693616 0.03999999999966667 0.061557788943950274
0 0.44666666666294447 0.7669597989853396 0.07166666666606945 0.1143216080387648
0 0.4762499999960313 0.7192211055186027 0.05083333333290973 0.08165829145626056
0 0.503333333329139 0.6727386934588852 0.04333333333297223 0.0741206030141442
0 0.5070833333291077 0.6300251256202258 0.039166666666340284 0.06658291457202785
0 0.5995833333283369 0.6394472361728712 0.040833333332993056 0.07286432160712482
0 0.6208333333281598 0.733040200995816 0.06666666666611112 0.10929648241068722
0 0.6529166666612257 0.6727386934588852 0.044166666666298614 0.07160804020010542
0 0.6845833333276286 0.7770100502414948 0.07083333333274307 0.10929648241068722
0 0.6829166666609757 0.9327889447118995 0.12249999999897918 0.13442211055107509
0 0.7983333333266807 0.6972361808957633 0.06666666666611112 0.10552763818962904
0 0.812083333326566 0.6457286432079682 0.044166666666298614 0.057788944722892095
0 0.6899999999942501 0.4265075376830841 0.034999999999708334 0.06407035175798906
0 0.8737499999927189 0.6118090452184446 0.044166666666298614 0.06532663316500846
0 0.8937499999925521 0.7298994974782675 0.07083333333274307 0.11809045225982298
0 0.9437499999921355 0.6538944723535942 0.044166666666298614 0.08668341708433815
0 0.9716666666585695 0.6966080401922536 0.05666666666619445 0.10175879396857086
