0 0.573749999992828 0.6058333333232361 0.13249999999834375 0.16499999999724999
0 0.7799999999902499 0.5033333333249445 0.11749999999853124 0.16333333333061112
0 0.7643749999904452 0.3699999999938333 0.07124999999910937 0.09666666666505555
0 0.4743749999940703 0.42166666665963887 0.061249999999234375 0.07999999999866667
0 0.3349999999958125 0.3883333333268611 0.079999999999 0.09666666666505555
0 0.19062499999761717 0.43749999999270833 0.08874999999889062 0.13499999999775
0 0.1843749999976953 0.3633333333272778 0.061249999999234375 0.08666666666522221
0 0.11062499999861718 0.4091666666598472 0.06874999999914062 0.08833333333186111
0 0.14624999999817187 0.2708333333288194 0.0399999999995 0.05833333333236111
0 0.12624999999842187 0.24083333332931944 0.03749999999953125 0.048333333332527775
0 0.07437499999907031 0.2341666666627639 0.033749999999578124 0.04499999999925
0 0.07562499999905468 0.202499999996625 0.023749999999703123 0.038333333332694446
0 0.045624999999429684 0.2458333333292361 0.036249999999546874 0.048333333332527775
0 0.21312499999733592 0.2758333333287361 0.03874999999951562 0.051666666665805557
0 0.24312499999696094 0.29916666666168057 0.04124999999948437 0.04499999999925
0 0.24249999999696875 0.22249999999629166 0.027499999999656247 0.04499999999925
0 0.289999999996375 0.25249999999579165 0.027499999999656247 0.038333333332694446
0 0.33687499999578907 0.24666666666255554 0.021249999999734374 0.03666666666605556
0 0.3443749999956953 0.33166666666113886 0.036249999999546874 0.05666666666572222
0 0.4124999999948437 0.2949999999950833 0.0399999999995 0.05666666666572222
0 0.40124999999498434 0.232499999996125 0.027499999999656247 0.034999999999416664
0 0.43499999999456246 0.2749999999954167 0.03249999999959375 0.05666666666572222
0 0.4481249999943984 0.23583333332940276 0.026249999999671873 0.038333333332694446
0 0.4781249999940234 0.24999999999583333 0.028749999999640622 0.04333333333261111
0 0.49562499999380466 0.2866666666618889 0.031249999999609375 0.04333333333261111
0 0.53999999999325 0.2824999999952917 0.029999999999625 0.048333333332527775
0 0.5193749999935078 0.2383333333293611 0.033749999999578124 0.03666666666605556
0 0.5624999999929687 0.25083333332915275 0.01999999999975 0.03166666666613889
0 0.6143749999923203 0.2741666666620972 0.023749999999703123 0.04166666666597222
0 0.576874999992789 0.3133333333281111 0.033749999999578124 0.053333333332444444
0 0.6162499999922968 0.23916666666268055 0.024999999999687498 0.03166666666613889
0 0.646874999991914 0.22749999999620832 0.021249999999734374 0.034999999999416664
0 0.6674999999916562 0.2658333333289028 0.027499999999656247 0.04166666666597222
0 0.6931249999913359 0.30083333332831946 0.03874999999951562 0.05833333333236111
0 0.6731249999915859 0.23583333332940276 0.021249999999734374 0.034999999999416664
0 0.6949999999913125 0.25083333332915275 0.027499999999656247 0.04166666666597222
0 0.7424999999907187 0.26916666666218053 0.027499999999656247 0.034999999999416664
0 0.8068749999899141 0.3041666666615972 0.033749999999578124 0.04166666666597222
0 0.8124999999898437 0.2708333333288194 0.027499999999656247 0.04166666666597222
0 0.8962499999887968 0.37499999999375 0.07249999999909375 0.08333333333194444
0 0.8968749999887891 0.3116666666614722 0.031249999999609375 0.04333333333261111
0 0.8924999999888437 0.2791666666620139 0.024999999999687498 0.038333333332694446
0 0.916874999988539 0.2833333333286111 0.028749999999640622 0.04666666666588889
0 0.9681249999878984 0.2958333333284028 0.026249999999671873 0.04499999999925
0 0.9843749999876953 0.3699999999938333 0.031249999999609375 0.06333333333227778
