0 0.16666666666388888 0.479999999988 0.119999999998 0.19499999999512502
0 0.4699999999921667 0.484999999987875 0.019999999999666666 0.039999999999
0 0.517499999991375 0.4874999999878125 0.021666666666305553 0.04999999999875
0 0.5341666666577639 0.4587499999885313 0.01833333333302778 0.0324999999991875
0 0.5558333333240695 0.4962499999875938 0.024999999999583335 0.047499999998812506
0 0.5574999999907083 0.4562499999885938 0.021666666666305553 0.037499999999062505
0 0.5966666666567222 0.439999999989 0.019999999999666666 0.02999999999925
0 0.6199999999896667 0.4512499999887188 0.019999999999666666 0.0424999999989375
0 0.6033333333232778 0.4912499999877188 0.023333333332944444 0.0424999999989375
0 0.6483333333225277 0.4874999999878125 0.0299999999995 0.054999999998625
0 0.6366666666560555 0.42749999998931254 0.019999999999666666 0.034999999999125
0 0.667499999988875 0.45999999998850005 0.024999999999583335 0.039999999999
0 0.67499999998875 0.42374999998940627 0.019999999999666666 0.037499999999062505
0 0.7258333333212361 0.43874999998903125 0.024999999999583335 0.0424999999989375
0 0.7158333333214028 0.4974999999875625 0.03166666666613889 0.0599999999985
0 0.7783333333203611 0.4987499999875313 0.03333333333277778 0.05749999999856251
0 0.8124999999864583 0.444999999988875 0.03166666666613889 0.054999999998625
0 0.7983333333200278 0.4062499999898438 0.019999999999666666 0.037499999999062505
0 0.8641666666522638 0.404999999989875 0.024999999999583335 0.04999999999875
0 0.9258333333179027 0.4424999999889375 0.04166666666597222 0.06999999999825
0 0.8716666666521389 0.5087499999872813 0.04666666666588889 0.06749999999831251
