0 0.04150390624959469 0.35766961651389867 0.05371093749947548 0.084070796458937
0 0.06542968749936104 0.28687315633795174 0.048828124999523166 0.07817109144427477
0 0.1494140624985409 0.2912979350989484 0.044921874999561316 0.06342182890761915
0 0.20312499999801636 0.2507374631231455 0.03710937499963761 0.05309734513196022
0 0.13330078124869824 0.22713864306449646 0.03613281249964714 0.06489675516128471
0 0.04296874999958039 0.7625368731450953 0.080078124999218 0.16519174041054288
0 0.19677734374807837 0.4793510324413075 0.07128906249930382 0.11799410029324492
0 0.3247070312468291 0.35914454276756425 0.04785156249953271 0.07227138642961252
0 0.366699218746419 0.46312684365098633 0.07128906249930382 0.1268436578152383
0 0.29150390624715333 0.7256637168034563 0.10644531249896051 0.18289085545452963
0 0.41357421874596123 0.3561946902602331 0.04785156249953271 0.08112094395160588
0 0.36474609374643807 0.2647492625329683 0.040039062499609 0.06637168141495027
0 0.3837890624962521 0.23967551622065375 0.031249999999694827 0.051622418878294656
0 0.45410156249556544 0.2647492625329683 0.04101562499959946 0.06637168141495027
0 0.47753906249533656 0.22566371681083092 0.03710937499963761 0.061946902653953584
0 0.6274414062438727 0.23967551622065375 0.03222656249968529 0.06342182890761915
0 0.6313476562438346 0.11578171091274658 0.024414062499761583 0.03982300884897016
0 0.645019531243701 0.2802359881964567 0.03417968749966622 0.07079646017594696
0 0.6708984374934484 0.3370206489625808 0.048828124999523166 0.09292035398093038
0 0.7045898437431193 0.23672566371332263 0.03222656249968529 0.06047197640028802
0 0.731445312492857 0.2802359881964567 0.039062499999618534 0.06784660766861583
0 0.7880859374923039 0.3451327433577414 0.05664062499944687 0.09439528023459594
0 0.7138671874930287 0.47345132742664525 0.06835937499933244 0.1150442477859138
0 0.7539062499926377 0.6637168141495027 0.10156249999900818 0.18879056046919188
0 0.8735351562414695 0.44616519173383234 0.06738281249934197 0.12831858406890384
0 0.97998046874043 0.2794985250696239 0.040039062499609 0.0575221238929569
0 0.9584960937406398 0.22861356931816204 0.03808593749962807 0.05899705014662246
0 0.9042968749911691 0.2345132743328243 0.039062499999618534 0.07079646017594696
