0 0.8930693069130086 0.48765432097260325 0.03960396039525537 0.08641975308375248
0 0.7950495049347516 0.569444444426869 0.025742574256915993 0.046296296294867395
0 0.7504950494900893 0.5679012345503734 0.02772277227667876 0.04320987654187624
0 0.6999999999861387 0.5601851851678955 0.021782178217390452 0.04012345678888508
0 0.6742574257292226 0.5617283950443911 0.021782178217390452 0.04320987654187624
0 0.5722772277114401 0.5462962962794353 0.023762376237153222 0.03703703703589392
0 0.5356435643458289 0.540123456773453 0.021782178217390452 0.03703703703589392
0 0.5168316831580826 0.5848765431918248 0.031683168316204297 0.05246913580084972
0 0.48811881187152245 0.5339506172674706 0.01782178217786492 0.030864197529911597
0 0.4782178217727086 0.5108024691200369 0.01782178217786492 0.03395061728290276
0 0.46633663365413197 0.5447530864029397 0.021782178217390452 0.04012345678888508
0 0.4297029702885208 0.580246913562338 0.02772277227667876 0.03703703703589392
0 0.42475247523911386 0.5524691357854176 0.025742574256915993 0.03703703703589392
0 0.43663366335769044 0.5200617283790104 0.01782178217786492 0.027777777776920438
0 0.4089108910810117 0.5262345678849928 0.021782178217390452 0.03395061728290276
0 0.39900990098219785 0.49382716047858555 0.01386138613833938 0.02469135802392928
0 0.37425742573516324 0.5895061728213116 0.031683168316204297 0.06172839505982319
0 0.3445544554387217 0.5663580246738779 0.023762376237153222 0.046296296294867395
0 0.33465346533990786 0.5941358024507982 0.031683168316204297 0.046296296294867395
0 0.2970297029644153 0.5555555555384087 0.02772277227667876 0.04938271604785856
0 0.3148514851422802 0.5030864197375591 0.019801980197627685 0.030864197529911597
0 0.27425742573714346 0.5262345678849928 0.021782178217390452 0.03395061728290276
0 0.26732673266797374 0.5061728394905503 0.015841584158102148 0.030864197529911597
0 0.2633663366284482 0.6126543209687453 0.051485148513831985 0.07098765431879668
0 0.2386138613814136 0.5709876543033646 0.025742574256915993 0.04320987654187624
0 0.2257425742529556 0.5493827160324265 0.023762376237153222 0.03703703703589392
0 0.2257425742529556 0.5154320987495237 0.019801980197627685 0.03703703703589392
0 0.19900990098615823 0.5185185185025148 0.025742574256915993 0.03703703703589392
0 0.17920792078853054 0.5185185185025148 0.01782178217786492 0.030864197529911597
0 0.1831683168280561 0.5030864197375591 0.01782178217786492 0.030864197529911597
0 0.15643564356125872 0.5046296296140547 0.019801980197627685 0.027777777776920438
0 0.13564356435374963 0.4999999999845679 0.01782178217786492 0.03703703703589392
0 0.12673267326481719 0.5632716049208867 0.03960396039525537 0.06481481481281436
0 0.13663366336363103 0.5586419752913999 0.023762376237153222 0.055555555553840875
0 0.025742574256915993 0.6697530863990817 0.047524752474306445 0.09876543209571712
0 0.06336633663240859 0.5617283950443911 0.031683168316204297 0.055555555553840875
0 0.07128712871145967 0.5354938271439662 0.019801980197627685 0.04012345678888508
0 0.0811881188102735 0.5231481481320016 0.019801980197627685 0.03395061728290276
0 0.0881188118794432 0.5015432098610635 0.01782178217786492 0.03395061728290276
0 0.05346534653359475 0.4984567901080723 0.023762376237153222 0.03395061728290276
0 0.011881188118576611 0.5339506172674706 0.019801980197627685 0.04938271604785856
0 0.03069306930632291 0.5370370370204618 0.01782178217786492 0.03703703703589392
0 0.029702970296441526 0.4984567901080723 0.019801980197627685 0.03395061728290276
