0 0.04150390624959469 0.6686197916579607 0.0771484374992466 0.11848958333179051
0 0.16943359374834538 0.47265624999384565 0.06152343749939919 0.06770833333245171
0 0.24414062499761585 0.5123697916599952 0.05468749999946595 0.07682291666566637
0 0.2988281249970818 0.6126302083253564 0.06445312499937059 0.0872395833321974
0 0.259277343747468 0.700520833324212 0.06738281249934197 0.1067708333319431
0 0.34130859374666694 0.5104166666600206 0.03613281249964714 0.07291666666571724
0 0.3608398437464762 0.4687499999938965 0.03417968749966622 0.04687499999938965
0 0.46191406249548916 0.5540364583261194 0.039062499999618534 0.06119791666586982
0 0.4179687499959183 0.6940104166576301 0.06054687499940873 0.07291666666571724
0 0.5610351562445212 0.42838541666108876 0.02636718749974251 0.05208333333265516
0 0.5209960937449122 0.46354166666063096 0.028320312499723437 0.04687499999938965
0 0.5991210937441492 0.4576822916607073 0.022460937499780658 0.04296874999944051
0 0.6503906249936486 0.5091145833267042 0.04687499999954224 0.08333333333224827
0 0.7260742187429096 0.5195312499932353 0.041992187499589925 0.0624999999991862
0 0.7705078124924756 0.5592447916593849 0.05664062499944687 0.0872395833321974
0 0.7231445312429381 0.47200520832718745 0.022460937499780658 0.04557291666607327
0 0.7890624999922944 0.662760416658037 0.07812499999923707 0.11458333333184137
0 0.9360351562408591 0.7994791666562568 0.10449218749897958 0.1432291666648017
0 0.9340820312408782 0.5449218749929047 0.08105468749920845 0.10807291666525946
0 0.8720703124914838 0.5279947916597918 0.044921874999561316 0.0690104166657681
0 0.8671874999915314 0.4798177083270857 0.031249999999694827 0.04557291666607327
