0 0.524999999997375 0.23290758827773927 0.051999999999740004 0.10067618332005504
0 0.5692499999971539 0.617580766336457 0.11249999999943751 0.1818181818168158
0 0.6092499999969538 0.5488354620544792 0.06149999999969251 0.09241172051019977
0 0.7169999999964151 0.5811419984930043 0.061999999999690004 0.10593538692632656
0 0.8299999999958501 0.7261457550659194 0.160999999999195 0.2637114951144725
0 0.4692499999976538 0.6589030803857333 0.09249999999953751 0.15326821938277035
0 0.3957499999980213 0.7779864763277388 0.13449999999932752 0.21863260706071655
0 0.24849999999875752 0.6664162283946927 0.10499999999947501 0.1878287002239833
0 0.17649999999911753 0.6712997746005163 0.08999999999955001 0.11945905334245337
0 0.16199999999919001 0.5833959428956921 0.07199999999964 0.11044327573170216
0 0.2744999999986275 0.5428249436473117 0.07099999999964501 0.10142749812095098
