0 13300000000.0 15000000000.0 9400000000.0 11000000000.0
0 34150000000.0 15000000000.0 8300000000.0 10200000000.0
0 41550000000.0 11200000000.0 4100000000.0 4600000000.0
0 51800000000.0 15200000000.0 6200000000.0 8600000000.0
0 60300000000.0 13050000000.0 5400000000.0 7300000000.0
0 63000000000.0 10900000000.0 2000000000.0 3800000000.0
0 57550000000.0 11150000000.0 2500000000.0 2900000000.0
0 56000000000.0 10050000000.0 2200000000.0 2500000000.0
0 50500000000.0 3200000000.0 3400000000.0 4000000000.0
0 39750000000.0 9050000000.0 1900000000.0 2900000000.0
0 37000000000.0 8600000000.0 1600000000.0 1800000000.0
0 30450000000.0 8750000000.0 1500000000.0 2300000000.0
0 28450000000.0 10050000000.0 2500000000.0 3300000000.0
0 24900000000.0 9450000000.0 2800000000.0 3700000000.0
0 21500000000.0 9850000000.0 3800000000.0 4900000000.0
0 19400000000.0 8650000000.0 2200000000.0 3300000000.0
0 17450000000.0 8500000000.0 1900000000.0 2200000000.0
0 15350000000.0 8600000000.0 2700000000.0 3400000000.0
0 12050000000.0 8700000000.0 2900000000.0 2800000000.0
0 8750000000.0 9150000000.0 2700000000.0 3700000000.0
0 5500000000.0 9600000000.0 4800000000.0 7000000000.0
0 2650000000.0 8900000000.0 2900000000.0 3200000000.0
0 1450000000.0 7300000000.0 1900000000.0 2200000000.0
0 13950000000.0 5400000000.0 1100000000.0 1400000000.0
