0 0.029709591134830515 0.5956237567473839 0.05101260985851928 0.07786302926945762
0 0.05406954528075264 0.5520034100581075 0.03324417271678784 0.05996021597027577
0 0.021207489491743968 0.5578289286713333 0.03974016048903374 0.056834327933910675
0 0.10718379824205736 0.5177607274779262 0.030569354222333648 0.03978402955373747
0 0.17185708826868198 0.6187837453804524 0.05941918226966103 0.06962205171904058
0 0.1647879251047673 0.5640807047440635 0.04528085594183172 0.05456095481655425
0 0.15533053114223286 0.5339585109390909 0.03324417271678784 0.05569764137523246
0 0.2299388612911159 0.5619494174465418 0.03534581581957328 0.05029838022151095
0 0.23423767672863158 0.5171923841985872 0.028276652655658624 0.040920716112415684
0 0.22038593809663665 0.5183290707572654 0.02197172334730231 0.03694231315704194
0 0.27837218188712576 0.5166240409192481 0.023309132594529408 0.0335322534810073
0 0.3155330531136501 0.5782892867275411 0.04528085594183172 0.07899971582813584
0 0.3085594191816803 0.5241545893704912 0.024073366450087747 0.040068201193407024
0 0.36826518914717565 0.523017902811813 0.030378295758444064 0.042341574310763457
0 0.34887275506238274 0.5009946007374226 0.01834161253340019 0.03580562659836373
0 0.38555598012918313 0.572037510654811 0.03821169277791706 0.05797101449258889
0 0.4322697745501867 0.6192100028399569 0.06515093618634858 0.10628019323641297
0 0.5126098586157574 0.6177891446416091 0.04317921283904628 0.09036658141491798
0 0.5958158196396718 0.7109974424532226 0.08349254871974877 0.1420858198347767
0 0.6085212074883292 0.6034384768382967 0.05387848681686305 0.08098891730582271
0 0.6768246083288559 0.565643648762246 0.030378295758444064 0.051435066780189165
0 0.7303209782179398 0.5529980107969509 0.031142529614002403 0.05171923841985872
0 0.7455101260971618 0.5424836601291774 0.023309132594529408 0.049445865302502286
0 0.798910966754301 0.46987780619360653 0.021207489491743968 0.04518329070745899
0 0.8165838746640876 0.5704745666366284 0.04088651127237125 0.06109690252895398
0 0.9128773404644386 0.7392725206003431 0.09629346580035099 0.16112531969263677
0 0.9474589224284535 0.6803069053689108 0.06648834543357568 0.10855356635376939
0 0.9517577378659692 0.6287297527688869 0.05941918226966103 0.07246376811573611
0 0.9354222392034096 0.5814151747639063 0.03974016048903374 0.05797101449258889
0 0.9379059992339742 0.55356635407629 0.03744745892235872 0.050582551861180505
0 0.624761176918944 0.5372264847952907 0.024073366450087747 0.036658141517372386
0 0.5855941918215789 0.5240125035506564 0.029040886511216966 0.03807899971572015
0 0.5306648834533232 0.5409207161109949 0.026939243408431526 0.05029838022151095
0 0.4928353076031853 0.5181869849374305 0.02770347726398987 0.03893151463472881
0 0.43628200229186803 0.5197499289556131 0.026175009552873187 0.04433077578845033
0 0.4043752388223073 0.5393577720928123 0.02770347726398987 0.049445865302502286
