0 0.12592592592359395 0.8827160493609205 0.1370370370344993 0.20493827159987804
0 0.1555555555526749 0.6864197530694711 0.09629629629451303 0.12345679012040847
0 0.3138888888830761 0.7481481481296753 0.09444444444269547 0.16790123456375552
0 0.42037037036258573 0.7481481481296753 0.09999999999814814 0.1530864197493065
0 0.5129629629534637 0.802469135782655 0.10740740740541838 0.14814814814449015
0 0.5379629629530006 0.47654320986477666 0.07962962962815501 0.10370370370114311
0 0.691666666653858 0.7308641975128182 0.08703703703542523 0.11851851851559213
0 0.7953703703556413 0.8061728394862673 0.1018518518499657 0.14074074073726564
0 0.7574074073933813 0.9086419752862063 0.2037037036999314 0.18271604937820454
0 0.8222222222069958 0.7061728394887364 0.10740740740541838 0.1382716049348575
