0 0.021249999999822917 0.4139844617046173 0.03583333333303473 0.04217536070985377
0 0.1366666666655278 0.5793562708037807 0.07499999999937501 0.10432852386121723
0 0.19166666666506946 0.5094339622584969 0.06999999999941667 0.07547169811236991
0 0.2879166666642674 0.4722530521590205 0.05249999999956251 0.06104328523794625
0 0.32041666666399654 0.44284128745346457 0.03249999999972917 0.04217536070985377
0 0.3549999999970417 0.43562708101625275 0.029999999999750004 0.03884572696960216
0 0.3487499999970938 0.4084350721375313 0.022499999999812503 0.033296337402516134
0 0.5787499999951772 0.4173140954448689 0.029166666666423615 0.04439511653668818
0 0.6133333333282223 0.4461709211937162 0.04166666666631945 0.05549389567086022
0 0.6379166666613507 0.48501664816331835 0.044166666666298614 0.05771365149769463
0 0.6387499999946772 0.5438401775744303 0.07083333333274307 0.07103218645870109
0 0.7687499999935938 0.577691453933655 0.08916666666592361 0.09655937846729679
0 0.812083333326566 0.7058823529333421 0.10916666666575696 0.15094339622473982
0 0.7891666666600904 0.45005549389067645 0.03333333333305556 0.052164261930608614
0 0.7549999999937084 0.43229744727600117 0.029999999999750004 0.045504994450105384
0 0.7291666666605904 0.4167591564881603 0.024999999999791668 0.03662597114276775
0 0.8829166666593091 0.4583795782413055 0.04749999999960417 0.05771365149769463
0 0.8683333333260973 0.40732519422411406 0.03333333333305556 0.04439511653668818
0 0.9058333333257848 0.42452830188208074 0.021666666666486114 0.03218645948909893
0 0.9670833333252744 0.43729189788637857 0.03583333333303473 0.04661487236352259
