0 0.109230769229929 0.4284064665077551 0.0753846153840355 0.11778290992935585
0 0.16307692307566865 0.3654734411043248 0.049230769230390534 0.058891454964677924
0 0.150769230768071 0.33140877597769736 0.0384615384612426 0.05080831408717311
0 0.2403846153827663 0.407621247108457 0.07153846153791124 0.08545034641933659
0 0.3146153846129645 0.4439953810572287 0.06615384615333728 0.10277136258541834
0 0.31269230768990236 0.3429561200884185 0.04230769230736686 0.0646651270200385
0 0.28999999999776926 0.32736720553894494 0.0353846153843432 0.056581986142533694
0 0.4430769230735148 0.3845265588870147 0.06153846153798817 0.08775981524148083
0 0.5161538461498758 0.38799076212023104 0.05846153846108876 0.08545034641933659
0 0.5353846153804971 0.2078521939929809 0.0353846153843432 0.07390300230861543
0 0.4507692307657633 0.5554272517256879 0.09999999999923077 0.16859122401652896
0 0.6215384615336805 0.7673210161574212 0.14307692307582248 0.23210161662549536
0 0.7057692307638018 0.47575057736171183 0.088461538460858 0.13394919168436548
0 0.8096153846091568 0.4595842956067022 0.057692307691863905 0.09699769053005776
0 0.8388461538397012 0.2055427251708367 0.056153846153414205 0.09006928406362506
0 0.96230769230029 0.486720554266897 0.0738461538455858 0.1374133949175818
