0 8500000000.0 21900000000.0 7000000000.0 7600000000.0
0 1750000000.0 10800000000.0 3300000000.0 4200000000.0
0 18300000000.0 11850000000.0 3800000000.0 3500000000.0
0 25600000000.0 16850000000.0 4800000000.0 5700000000.0
0 25550000000.0 7550000000.0 2900000000.0 2900000000.0
0 36050000000.0 6950000000.0 2900000000.0 3300000000.0
0 38150000000.0 14650000000.0 3900000000.0 3700000000.0
0 42500000000.0 19000000000.0 3800000000.0 5600000000.0
0 48400000000.0 19850000000.0 4200000000.0 4900000000.0
0 51100000000.0 17050000000.0 2600000000.0 3700000000.0
0 45150000000.0 8850000000.0 1700000000.0 2500000000.0
0 56000000000.0 8850000000.0 2200000000.0 2900000000.0
0 63000000000.0 16250000000.0 3800000000.0 3900000000.0
0 66350000000.0 9150000000.0 2700000000.0 2900000000.0
0 71400000000.0 12550000000.0 2800000000.0 2900000000.0
0 74950000000.0 11000000000.0 2100000000.0 2800000000.0
