0 0.08454545454391735 0.4094707520777306 0.05272727272631405 0.07799442896718678
0 0.05545454545353719 0.40389972143721725 0.04181818181742149 0.0668523676861601
0 0.2327272727230413 0.4498607242214523 0.05454545454446281 0.08077994428744345
0 0.21999999999599998 0.37465181057452224 0.0363636363629752 0.058495821725390085
0 0.2590909090861983 0.3426183843915705 0.030909090908528922 0.05013927576462007
0 0.32272727272140495 0.32869080779028714 0.034545454544826444 0.05013927576462007
0 0.34454545453919005 0.3189415041693888 0.023636363635933882 0.0473537604443634
0 0.3899999999929091 0.3328690807706721 0.027272727272231404 0.05292479108487674
0 0.45636363635533883 0.3272980501301588 0.029090909090380163 0.0473537604443634
0 0.4418181818101487 0.4080779944176023 0.0363636363629752 0.07520891364693011
0 0.39909090908365286 0.4637883008227357 0.05272727272631405 0.08635097492795679
0 0.31999999999418177 0.465181058482864 0.05090909090816528 0.08356545960770012
0 0.3654545454479008 0.39554317547644724 0.03999999999927272 0.061281337045646755
0 0.5145454545360991 0.465181058482864 0.061818181817057845 0.10584958216975349
0 0.5136363636270248 0.40250696377708894 0.04181818181742149 0.06406685236590343
0 0.5218181818086942 0.3593314763131105 0.0363636363629752 0.05013927576462007
0 0.5227272727177685 0.32869080779028714 0.034545454544826444 0.04456824512410673
0 0.5981818181709421 0.3147632311890038 0.032727272726677685 0.055710306405133414
0 0.6181818181705785 0.3426183843915705 0.0363636363629752 0.0668523676861601
0 0.6009090908981652 0.4247910863391423 0.05272727272631405 0.10306406684949682
0 0.6336363636248429 0.4874651810449174 0.05636363636261157 0.11699164345078017
0 0.712727272714314 0.4136490250581156 0.05454545454446281 0.10306406684949682
0 0.758181818168033 0.48189415040440403 0.05818181818076033 0.11699164345078017
0 0.8090909090761983 0.45821727018222236 0.05818181818076033 0.09192200556847013
0 0.8672727272569586 0.40529247909734556 0.05818181818076033 0.1142061281305235
0 0.944545454528281 0.5083565459468424 0.08909090908928925 0.13649025069257686
0 0.978181818164033 0.43454038996004063 0.04363636363557025 0.12256267409129351
