0 0.10186757215446744 0.4060402684427503 0.06451612903116272 0.14765100670645467
0 0.02631578947323742 0.2550335570384217 0.049235993207992594 0.1208053691234629
0 0.10865874363143194 0.22483221475755596 0.05093378607723372 0.10738255033196703
0 0.21561969439362275 0.2583892617362957 0.05432937181571597 0.11409395972771497
0 0.28522920203250884 0.442953020119364 0.06451612903116272 0.1208053691234629
0 0.3327674023712603 0.2701342281788546 0.04414261460026923 0.110738255029841
0 0.39643463496780246 0.2651006711320436 0.04584040746951035 0.11409395972771497
0 0.42105263157179873 0.4530201342129859 0.06112054329268046 0.14765100670645467
0 0.4821731748644792 0.26006711408523264 0.047538200338751474 0.10402684563409306
0 0.5670628183265354 0.4177852348853092 0.05093378607723372 0.1308724832170848
0 0.5831918505843261 0.3104026845533422 0.04584040746951035 0.09731543623834513
0 0.5670628183265354 0.25167785234054774 0.037351443123304726 0.08724832214472321
0 0.6723259762194851 0.29194630871503535 0.04414261460026923 0.09395973154047116
0 0.7368421052506479 0.28020134227247645 0.04414261460026923 0.09731543623834513
0 0.7775891341124348 0.3020134228086573 0.037351443123304726 0.10738255033196703
0 0.719015280123616 0.42785234897893115 0.04584040746951035 0.09731543623834513
0 0.8166383701049806 0.46140939595767083 0.04414261460026923 0.10402684563409306
0 0.8845500848746256 0.3171140939490901 0.047538200338751474 0.10402684563409306
0 0.8870967741784873 0.48489932884278864 0.049235993207992594 0.11744966442558893
0 0.9278438030402743 0.29530201341290935 0.035653650254063605 0.08053691274897527
0 0.9804753819867491 0.44966442951511193 0.03904923599254585 0.1006711409362191
