0 0.026428571428193878 0.3551502145846534 0.03571428571377551 0.06652360514878704
0 0.07285714285610204 0.4023605150128249 0.03999999999942857 0.06652360514878704
0 0.10642857142705102 0.35836909870475603 0.021428571428265306 0.04721030042817145
0 0.16071428571198978 0.43133047209374825 0.03571428571377551 0.060085836908581845
0 0.15857142856916326 0.36266094419822614 0.022857142856816327 0.03862660944123118
0 0.21214285713982653 0.39699570814598717 0.03285714285667347 0.04721030042817145
0 0.23214285713954083 0.5547210300310146 0.06714285714189797 0.10085836909654809
0 0.24428571428222448 0.4881974248822275 0.03999999999942857 0.06223175965531691
0 0.25428571428208163 0.4474248926942612 0.028571428571020407 0.053648068668376646
0 0.31071428570984694 0.4849785407621249 0.03571428571377551 0.060085836908581845
0 0.3778571428517449 0.6008583690858185 0.07571428571320409 0.11587982832369356
0 0.45142857142212245 0.5568669527777496 0.05142857142783674 0.08369098712266757
0 0.3157142857097755 0.3723175965585339 0.02571428571391837 0.03648068669449612
0 0.3721428571375408 0.37339055793190146 0.018571428571163267 0.034334763947761054
0 0.3457142857093469 0.4345493562138508 0.028571428571020407 0.053648068668376646
0 0.45785714285060203 0.4023605150128249 0.024285714285367348 0.040772532187966254
0 0.44499999999364287 0.3712446351851664 0.021428571428265306 0.034334763947761054
0 0.4949999999929286 0.4002145922660898 0.021428571428265306 0.03648068669449612
0 0.5199999999925714 0.571888412004895 0.037142857142326534 0.07081545064225718
0 0.5442857142779388 0.5793991416184678 0.04571428571363265 0.07725321888246237
0 0.599285714277153 0.5354077253103989 0.03571428571377551 0.06223175965531691
0 0.634285714276653 0.5343347639370314 0.03142857142812245 0.060085836908581845
0 0.5849999999916429 0.4366952789605859 0.027142857142469386 0.04935622317490652
0 0.557142857134898 0.3776824034253716 0.017142857142612246 0.034334763947761054
0 0.6435714285622347 0.4656652360415093 0.03285714285667347 0.04721030042817145
0 0.6828571428473877 0.4721030042817145 0.02571428571391837 0.05150214592164158
0 0.7221428571325408 0.5193133047098859 0.027142857142469386 0.05150214592164158
0 0.7357142857037755 0.47424892702844956 0.022857142856816327 0.04291845493470132
0 0.6942857142757959 0.3937768240258846 0.014285714285510204 0.03218884120102599
0 0.733571428560949 0.4195278969867054 0.027142857142469386 0.03648068669449612
0 0.7571428571320408 0.5193133047098859 0.028571428571020407 0.05150214592164158
0 0.8028571428456734 0.521459227456621 0.03999999999942857 0.07296137338899224
0 0.7999999999885714 0.45493562230783396 0.022857142856816327 0.03862660944123118
0 0.8699999999875714 0.521459227456621 0.037142857142326534 0.06437768240205198
0 0.9121428571298266 0.5042918454827405 0.02999999999957143 0.05150214592164158
0 0.9192857142725817 0.45493562230783396 0.027142857142469386 0.03862660944123118
0 0.9821428571288265 0.5128755364696808 0.021428571428265306 0.04721030042817145
