0 0.16666666666387495 0.0433673469376692 0.02847571189232034 0.06122448979435652
0 0.0845896147389516 0.31632653060417537 0.08207705192492333 0.1326530612211058
0 0.14405360133762055 0.49107142855890124 0.1306532663294698 0.20153061223975688
0 0.28978224455125995 0.27168367346245703 0.06365159128871606 0.09438775509963296
0 0.454773869339116 0.46938775509006664 0.0887772194289987 0.15816326530208769
0 0.476549413727361 0.2959183673393898 0.06197654941269721 0.09693877550773115
0 0.4614740368431914 0.7512755101849165 0.18592964823809163 0.28826530611509527
0 0.7529313232704702 0.5561224489654051 0.15242881071771477 0.23469387754503332
0 0.8484087102035442 0.5178571428439322 0.09547738693307409 0.18877551019926592
0 0.8668341708397516 0.2806122448908007 0.07872696817288564 0.11734693877251666
0 0.9798994974710235 0.18749999999521683 0.040201005024452244 0.0841836734672402
0 0.7830820770388094 0.2142857142802478 0.035175879396395715 0.0663265306105529
0 0.750418760456442 0.1505102040777931 0.030150753768339183 0.05612244897816014
0 0.6549413735233678 0.15816326530208769 0.02345058626426381 0.04591836734576739
0 0.556113902838256 0.16454081632233314 0.020100502512226122 0.038265306121472824
