0 0.03333333333277778 0.16666666666252072 0.06333333333227778 0.1393034825835994
0 0.127499999997875 0.37562189053791983 0.10499999999825 0.19900497511942772
0 0.17583333333040277 0.22636815919834904 0.04499999999925 0.06467661691381402
0 0.22166666666297222 0.19651741293043487 0.03333333333277778 0.06467661691381402
0 0.44333333332594443 0.11940298507165664 0.059999999999 0.1343283582056137
0 0.49749999999170835 0.3743781094434234 0.09166666666513888 0.16666666666252072
0 0.419999999993 0.5335820895389656 0.1366666666643889 0.1815920397964778
0 0.4016666666599722 0.18656716417446348 0.06999999999883333 0.11442786069367095
0 0.547499999990875 0.15049751243406723 0.08166666666530556 0.1119402985046781
0 0.6433333333226111 0.20024875621392416 0.06333333333227778 0.1069651741266924
0 0.6666666666555555 0.1604477611900386 0.04999999999916667 0.09203980099273533
0 0.7433333333209444 0.16417910447352788 0.053333333332444444 0.10945273631568525
0 0.8441666666525972 0.14179104477259225 0.20499999999658333 0.2786069651671988
0 0.9524999999841249 0.10572139303219598 0.06833333333219445 0.12686567163863519
