0 0.09199999999816 0.481981981967508 0.08399999999832 0.135135135131077
0 0.1249999999975 0.4264264264136208 0.06599999999868 0.10810810810486161
0 0.16099999999678 0.38138138136992844 0.053999999998919995 0.09609609609321032
0 0.12799999999744 0.34084084083060534 0.051999999998959996 0.0930930930902975
0 0.23699999999526 0.3843843843728413 0.053999999998919995 0.09009009008738468
0 0.26299999999474 0.3603603603495387 0.04199999999916 0.07207207206990773
0 0.24799999999504 0.3228228228131284 0.03199999999936 0.05705705705534363
0 0.20399999999592 0.5450450450286772 0.10399999999791999 0.1711711711660309
0 0.32099999999358 0.456456456442749 0.04599999999908 0.10210210209903596
0 0.36799999999264 0.4774774774631388 0.07999999999839999 0.14414414413981547
0 0.41199999999175996 0.5690690690519798 0.10399999999791999 0.1711711711660309
0 0.36899999999262 0.295795795786913 0.03399999999932 0.05705705705534363
0 0.48099999999037996 0.28678678677817454 0.10599999999788 0.18918918918350783
0 0.6549999999869 0.795795795771898 0.149999999997 0.2942942942854566
0 0.73399999998532 0.4504504504369234 0.04799999999904 0.10810810810486161
0 0.7259999999854799 0.3708708708597336 0.04799999999904 0.06906906906699492
0 0.7599999999848 0.3423423423320618 0.03599999999928 0.0660660660640821
0 0.82599999998348 0.3093093093000207 0.039999999999199995 0.0660660660640821
0 0.89199999998216 0.46096096094711825 0.07599999999847999 0.15315315314855396
0 0.9049999999819 0.3843843843728413 0.037999999999239996 0.060060060058256454
