0 0.06930693068963828 0.3490099009728213 0.10891089108371729 0.11386138613297717
0 0.22029702969206452 0.42326732671171946 0.1039603960344574 0.1039603960344574
0 0.4381188118594991 0.4183168316624596 0.09405940593593766 0.1039603960344574
0 0.6287128712560043 0.5272277227461769 0.09900990098519753 0.12376237623149691
0 0.8712871286697383 0.6386138613545241 0.11881188118223704 0.13861386137927656
0 0.8267326732263994 0.4331683168102392 0.09900990098519753 0.12376237623149691
0 0.7648514851106509 0.2896039603817028 0.07425742573889815 0.0841584158374179
0 0.7079207920441624 0.24752475246299382 0.05940594059111852 0.07920792078815803
0 0.6212871286821146 0.3688118811698608 0.09405940593593766 0.11386138613297717
0 0.5495049504678463 0.29207920790633274 0.06930693068963828 0.08910891088667777
0 0.4158415841378296 0.3168316831526321 0.07920792078815803 0.07920792078815803
0 0.3811881187930105 0.24752475246299382 0.05940594059111852 0.06930693068963828
0 0.27970297028318303 0.2698019801846633 0.07425742573889815 0.07425742573889815
0 0.19059405939650526 0.29455445543096265 0.07425742573889815 0.1039603960344574
0 0.16336633662557593 0.23762376236447408 0.06930693068963828 0.08910891088667777
0 0.09900990098519753 0.22772277226595433 0.06930693068963828 0.06930693068963828
0 0.18564356434724538 0.160891089100946 0.07425742573889815 0.07425742573889815
0 0.2995049504802225 0.1410891089039065 0.06435643564037839 0.07425742573889815
0 0.46039603958116854 0.14356435642853643 0.06930693068963828 0.06930693068963828
0 0.4975247524506176 0.23762376236447408 0.07425742573889815 0.07920792078815803
0 0.6064356435343349 0.13118811880538672 0.07425742573889815 0.0841584158374179
0 0.762376237586021 0.14356435642853643 0.06930693068963828 0.08910891088667777
0 0.8985148514406676 0.2524752475122537 0.06435643564037839 0.08910891088667777
0 0.9678217821303059 0.29207920790633274 0.054455445541858646 0.07920792078815803
0 0.9430693068840065 0.22772277226595433 0.044554455443338886 0.06930693068963828
0 0.8960396039160377 0.15099009900242624 0.05940594059111852 0.0841584158374179
