0 0.08935546874912739 0.6106770833253818 0.04394531249957085 0.05208333333265516
0 0.08154296874920369 0.5781249999924724 0.028320312499723437 0.03906249999949137
0 0.18408203124820235 0.552734374992803 0.03222656249968529 0.05338541666597155
0 0.2109374999979401 0.5807291666591051 0.03515624999965668 0.04687499999938965
0 0.2714843749973488 0.5475260416595374 0.021484374999790196 0.035156249999542234
0 0.29345703124713424 0.5279947916597918 0.02050781249979973 0.040364583332807756
0 0.3081054687469912 0.5585937499927267 0.03222656249968529 0.03906249999949137
0 0.3247070312468291 0.6022135416588253 0.03808593749962807 0.06119791666586982
0 0.33935546874668604 0.5247395833265008 0.022460937499780658 0.0312499999995931
0 0.3789062499962998 0.5338541666597154 0.025390624999752046 0.03645833333285862
0 0.39208984374617106 0.5130208333266534 0.022460937499780658 0.03385416666622586
0 0.43847656249571804 0.5156249999932861 0.021484374999790196 0.03645833333285862
0 0.4780273437453318 0.5338541666597154 0.03808593749962807 0.05989583333255344
0 0.4379882812457228 0.6393229166583422 0.05175781249949456 0.07552083333234999
0 0.4272460937458277 0.5807291666591051 0.03613281249964714 0.057291666665920685
0 0.5024414062450934 0.4993489583268314 0.018554687499818805 0.02994791666627672
0 0.503906249995079 0.5423177083262719 0.02343749999977112 0.04557291666607327
0 0.552246093744607 0.5266927083264754 0.02636718749974251 0.04557291666607327
0 0.6030273437441112 0.511718749993337 0.024414062499761583 0.0312499999995931
0 0.5927734374942113 0.4928385416602495 0.021484374999790196 0.027343749999643962
0 0.5971679687441683 0.5774739583258142 0.03808593749962807 0.050781249999338786
0 0.6523437499936295 0.5546874999927776 0.03710937499963761 0.044270833332756894
0 0.6928710937432337 0.5260416666598172 0.022460937499780658 0.03906249999949137
0 0.7070312499930955 0.4999999999934896 0.021484374999790196 0.03906249999949137
0 0.7255859374929142 0.5097656249933624 0.02343749999977112 0.04296874999944051
0 0.7373046874927999 0.6770833333245172 0.06445312499937059 0.11718749999847412
0 0.8208007812419844 0.6106770833253818 0.055664062499456414 0.08333333333224827
0 0.8256835937419368 0.5410156249929555 0.03808593749962807 0.06119791666586982
0 0.8330078124918653 0.49674479166019864 0.03515624999965668 0.050781249999338786
0 0.8803710937414028 0.5299479166597664 0.03808593749962807 0.04687499999938965
0 0.9013671874911977 0.5065104166600715 0.029296874999713902 0.044270833332756894
