0 0.6027832031220568 0.3821614583308453 0.07763671874962091 0.10286458333266366
0 0.3430175781233251 0.6321614583292178 0.10009765624951125 0.14062499999908448
0 0.1477050781242788 0.5680338541629686 0.086425781249578 0.12174479166587407
0 0.2246093749989033 0.5432942708297963 0.07519531249963284 0.09700520833270179
0 0.22778320312388778 0.47460937499691014 0.04052734374980212 0.06510416666624282
0 0.27343749999866485 0.46126302083033033 0.031249999999847414 0.05273437499965668
0 0.30126953124852895 0.49641927083010146 0.044921874999780655 0.08138020833280352
0 0.32641601562340616 0.4843749999968465 0.03564453124982596 0.0624999999995931
0 0.3649902343732178 0.4716796874969292 0.03173828124984503 0.0579427083329561
0 0.18969726562407374 0.4599609374970055 0.030761718749849797 0.06184895833293068
0 0.16284179687420489 0.5022786458300633 0.047363281249768734 0.0670572916662301
0 0.1298828124993658 0.4791666666635471 0.03613281249982357 0.06119791666626825
0 0.09301757812454582 0.4664713541636298 0.03759765624981642 0.05143229166633183
0 0.0644531249996853 0.5260416666632419 0.061523437499699594 0.08984374999941508
0 0.032958984374839066 0.49446614583011417 0.051269531249749666 0.07356770833285438
