0 0.18888888888469135 0.6534810126375481 0.08888888888691357 0.18037974682973482
0 0.2022222222177284 0.5015822784651398 0.07555555555387654 0.16139240505818378
0 0.4111111111019753 0.6170886075754085 0.11111111110864197 0.17721518986780965
0 0.4177777777684938 0.47151898732685066 0.07999999999822222 0.12658227847700687
0 0.4444444444345679 0.4082278480883472 0.05777777777649382 0.10126582278160551
0 0.44333333332348146 0.3465189873308063 0.05111111110997531 0.09177215189582999
0 0.4722222222117284 0.26424050632075186 0.05111111110997531 0.09177215189582999
0 0.3311111111037531 0.3496835442927315 0.06222222222083951 0.09810126581968033
0 0.2533333333277037 0.4082278480883472 0.07111111110953086 0.09493670885775517
0 0.09444444444234568 0.49367088606032683 0.0733333333317037 0.11392405062930619
0 0.04111111111019753 0.2373417721443879 0.055555555554320984 0.07594936708620413
0 0.024444444443901234 0.3291139240402179 0.044444444443456785 0.12025316455315654
0 0.1522222222188395 0.35759493669754444 0.055555555554320984 0.09493670885775517
0 0.18777777777360494 0.2262658227776498 0.055555555554320984 0.08544303797197965
0 0.31222222221528395 0.24208860758727566 0.04666666666562963 0.08544303797197965
0 0.3499999999922222 0.16297468353914638 0.042222222221283946 0.06012658227657827
0 0.5911111110979753 0.4952531645412894 0.09333333333125926 0.14240506328663274
0 0.6133333333197036 0.41613924049316015 0.06666666666518518 0.10443037974353069
0 0.5811111110981975 0.36392405062139477 0.05999999999866666 0.10759493670545585
0 0.7044444444287901 0.36075949365946963 0.06222222222083951 0.10126582278160551
0 0.7466666666500741 0.42405063289797307 0.06666666666518518 0.12025316455315654
0 0.7877777777602716 0.4857594936555139 0.06888888888735802 0.12974683543893206
0 0.719999999984 0.6598101265613984 0.10666666666429629 0.18670886075358514
0 0.8944444444245678 0.6392405063088847 0.10444444444212345 0.17721518986780965
0 0.892222222202395 0.42721518985989826 0.055555555554320984 0.10759493670545585
0 0.9788888888671358 0.36708860758331996 0.042222222221283946 0.09493670885775517
0 0.8511111110921975 0.3765822784690955 0.053333333332148146 0.10759493670545585
0 0.8188888888706913 0.23575949366342533 0.04666666666562963 0.07278481012427895
0 0.9366666666458519 0.2737341772065274 0.042222222221283946 0.07911392404812931
0 0.8977777777578271 0.18987341771551033 0.03999999999911111 0.08227848101005447
0 0.8622222222030617 0.1249999999960443 0.03999999999911111 0.06645569620042861
0 0.7533333333165926 0.10759493670545585 0.03999999999911111 0.06329113923850344
0 0.14555555555232097 0.12025316455315654 0.05111111110997531 0.07594936708620413
0 0.2033333333288148 0.14398734176759534 0.04666666666562963 0.07278481012427895
0 0.19111111110686418 0.05854430379561568 0.03555555555476543 0.06012658227657827
0 0.13111111110819754 0.018987341771551033 0.031111111110419754 0.03164556961925172
0 0.24777777777227158 0.09335443037679257 0.03777777777693827 0.07911392404812931
0 0.26888888888291357 0.050632911390802754 0.031111111110419754 0.056962025314653095
0 0.37999999999155554 0.05221518987176534 0.031111111110419754 0.07278481012427895
0 0.39777777776893825 0.030063291138289136 0.031111111110419754 0.047468354428877584
0 0.4822222222115062 0.12183544303411913 0.04888888888780247 0.07911392404812931
0 0.36999999999177774 0.11867088607219395 0.03777777777693827 0.06012658227657827
0 0.4722222222117284 0.06012658227657827 0.042222222221283946 0.056962025314653095
0 0.4733333333228148 0.028481012657326547 0.03999999999911111 0.050632911390802754
0 0.5755555555427654 0.10601265822449327 0.03999999999911111 0.06645569620042861
0 0.5588888888764691 0.1724683544249219 0.05111111110997531 0.06645569620042861
0 0.5833333333203703 0.2515822784730512 0.05111111110997531 0.09177215189582999
0 0.6688888888740246 0.1693037974629967 0.03999999999911111 0.07278481012427895
0 0.6677777777629382 0.10601265822449327 0.03333333333259259 0.06012658227657827
0 0.6422222222079506 0.047468354428877584 0.031111111110419754 0.056962025314653095
0 0.5655555555429876 0.030063291138289136 0.03333333333259259 0.047468354428877584
0 0.5555555555432099 0.07911392404812931 0.031111111110419754 0.050632911390802754
0 0.7355555555392098 0.0680379746813912 0.03555555555476543 0.053797468352727924
