0 0.015624999999877931 0.526377491201332 0.02656249999979248 0.09847596717352314
0 0.05468749999957276 0.5457209847532741 0.040624999999682616 0.08089097303539401
0 0.09765624999923707 0.5158264947184545 0.05624999999956055 0.08675263774810373
0 0.1554687499987854 0.5187573270748094 0.05312499999958496 0.07151230949505848
0 0.14960937499883117 0.2924970691642146 0.052343749999591065 0.07151230949505848
0 0.2503906249980438 0.48944900351126086 0.04921874999961548 0.08323563892047789
0 0.3191406249975067 0.4953106682239706 0.041406249999676514 0.08323563892047789
0 0.40859374999680786 0.4847596717410931 0.040624999999682616 0.07620164126522624
0 0.4621093749963898 0.48827667056871893 0.041406249999676514 0.07385697538014235
0 0.5484374999957153 0.50703399764939 0.045312499999646 0.07854630715031012
0 0.6230468749951324 0.47948417349965433 0.057031249999554445 0.08675263774810373
0 0.82304687499357 0.35990621336037626 0.11953124999906617 0.2086752637724657
0 0.8578124999932983 0.08792497069064566 0.10781249999915772 0.16647127784095578
