0 19100000000.0 10450000000.0 1800000000.0 2300000000.0
0 11050000000.0 16800000000.0 3900000000.0 4200000000.0
0 13900000000.0 15800000000.0 2800000000.0 3200000000.0
0 22650000000.0 18150000000.0 4700000000.0 4500000000.0
0 32350000000.0 23050000000.0 9500000000.0 11700000000.0
0 39400000000.0 19650000000.0 7400000000.0 7500000000.0
0 34950000000.0 15750000000.0 2500000000.0 2500000000.0
0 42450000000.0 15750000000.0 1900000000.0 2300000000.0
0 42650000000.0 14100000000.0 2100000000.0 2000000000.0
0 44400000000.0 15550000000.0 2600000000.0 2700000000.0
0 46750000000.0 15400000000.0 2700000000.0 2600000000.0
0 51950000000.0 15600000000.0 3300000000.0 3800000000.0
0 55150000000.0 19650000000.0 9100000000.0 9700000000.0
0 63000000000.0 16250000000.0 3800000000.0 4100000000.0
