0 0.024418604650594915 0.47799999998087994 0.020930232557652785 0.051999999997919995
0 0.046511627905895074 0.4859999999805599 0.03255813953412655 0.059999999997599994
0 0.08255813953296376 0.49799999998007993 0.034883720929421304 0.059999999997599994
0 0.11744186046238506 0.51599999997936 0.039534883720010815 0.06399999999744
0 0.15697674418239588 0.52599999997896 0.04883720930118983 0.09199999999632
0 0.21046511627417522 0.5479999999780799 0.04883720930118983 0.09599999999615999
0 0.2546511627847755 0.48799999998047994 0.034883720929421304 0.055999999997759994
0 0.31744186045773387 0.5979999999760799 0.07209302325413737 0.12399999999504
0 0.2918604651094916 0.44399999998223993 0.020930232557652785 0.047999999998079995
0 0.3383720930153867 0.44599999998215994 0.0302325581388318 0.051999999997919995
0 0.35465116278244996 0.41799999998327997 0.016279069767063274 0.043999999998239996
0 0.36744186045657107 0.47399999998104 0.03255813953412655 0.06799999999727999
0 0.3965116278977555 0.46999999998119996 0.0302325581388318 0.07599999999696
0 0.4023255813859924 0.42199999998311993 0.023255813952947537 0.043999999998239996
0 0.44418604650129795 0.4099999999836 0.01860465116235803 0.027999999998879997
0 0.47441860464012975 0.45199999998192 0.027906976743537044 0.06399999999744
0 0.47093023254718763 0.41799999998327997 0.016279069767063274 0.035999999998559996
0 0.499999999988372 0.41799999998327997 0.01860465116235803 0.043999999998239996
0 0.5499999999872093 0.42199999998311993 0.020930232557652785 0.043999999998239996
0 0.5209302325460248 0.49799999998007993 0.03255813953412655 0.06799999999727999
0 0.5732558139401568 0.49599999998016 0.04883720930118983 0.07999999999679999
0 0.6058139534742834 0.44799999998207995 0.0302325581388318 0.07199999999711999
0 0.6313953488225257 0.43999999998239997 0.020930232557652785 0.06399999999744
0 0.6476744185895889 0.43199999998272 0.02558139534824229 0.047999999998079995
0 0.6965116278907787 0.46999999998119996 0.0302325581388318 0.07599999999696
0 0.7674418604472687 0.43599999998255995 0.027906976743537044 0.055999999997759994
0 0.7430232557966738 0.65799999997368 0.09999999999767441 0.21199999999151997
0 0.8779069767237695 0.5759999999769599 0.07209302325413737 0.14399999999423999
0 0.8465116278872904 0.41799999998327997 0.027906976743537044 0.059999999997599994
0 0.9860465116049756 0.40599999998375996 0.027906976743537044 0.059999999997599994
