0 0.06426056337971602 0.5715962441247465 0.12323943661863347 0.199530516429583
0 0.23855633802606907 0.5575117370826583 0.09859154929490677 0.14084507042088212
0 0.306778169011384 0.45070422534682275 0.03433098591519075 0.049295774647308735
0 0.42869718309481786 0.5874413145470958 0.10387323943570535 0.1467136150217522
0 0.5343309859107894 0.5927230046878789 0.05809859154878435 0.0868544600928773
0 0.5066021126715968 0.5745305164251816 0.041373239436255524 0.06220657276922293
0 0.6205985915438328 0.5622065727633544 0.03521126760532385 0.049295774647308735
0 0.649647887318225 0.4553990610275188 0.02464788732372669 0.04460093896661267
0 0.7029049295712773 0.5909624413076179 0.12235915492850037 0.15610328638314433
0 0.8798415492880296 0.5786384976457907 0.04313380281652171 0.07981220657183319
0 0.91549295773842 0.5921361502277919 0.06514084506984912 0.08568075117270328
0 0.9828345070336019 0.5774647887256167 0.03433098591519075 0.09859154929461747
