0 0.07905544147823651 0.6325636942649977 0.07340862422979105 0.1281847133752859
0 0.13064681724812463 0.6793391719718179 0.0770020533878927 0.13972929936250109
0 0.20675051334649192 0.7263136942646246 0.1593942505129379 0.28702229299248794
0 0.41042094455746814 0.5583200636920449 0.05903490759738441 0.09593949044547795
0 0.3852669404507565 0.33678343948910516 0.035420944558430645 0.07404458598696638
0 0.5952258726884107 0.5762340764308271 0.0749486652975489 0.15087579617774333
0 0.5838039014358732 0.40943471337416626 0.036704312114895526 0.060111464967913565
0 0.6292351129347299 0.40187101910668044 0.036190965092309575 0.06648089171948057
0 0.8664014373694394 0.5674761146474224 0.12345995893192131 0.2217356687889262
0 0.8054414784373577 0.5493630573226538 0.056981519507040605 0.12898089171923177
