0 0.0525477706998002 0.5268817204187767 0.05095541401192746 0.06451612903087062
0 0.14171974522067327 0.5150537634297838 0.0382165605089456 0.05806451612778356
0 0.1886942675129189 0.5064516128923343 0.03980891719681833 0.05376344085905885
0 0.2189490445825008 0.5107526881610591 0.03025477706958193 0.04516129032160943
0 0.2436305732445282 0.5204301075156896 0.02547770700596373 0.04301075268724708
0 0.262738853499001 0.5258064516015956 0.03184713375745467 0.05806451612778356
0 0.28184713375347376 0.5451612903108567 0.041401273884691066 0.06236559139650827
0 0.30254777069581934 0.5075268817095155 0.0286624203817092 0.038709677418522374
0 0.3407643312047649 0.5129032257954215 0.0286624203817092 0.04516129032160943
0 0.34315286623657404 0.5795698924606544 0.05891719745129113 0.08387096774013181
0 0.3797770700576469 0.5322580645046826 0.03025477706958193 0.049462365590334144
0 0.3535031847077468 0.7225806451457509 0.11783439490258225 0.14193548386791535
0 0.423566878974147 0.5440860214936756 0.0382165605089456 0.04731182795597179
0 0.4323248407574471 0.5150537634297838 0.033439490445327395 0.04086021505288472
0 0.41878980891052886 0.637634408588438 0.07006369426640026 0.09247311827758121
0 0.4888535031769291 0.6634408602007862 0.07006369426640026 0.12258064515865418
0 0.5390127388449202 0.5731182795575673 0.0429936305725638 0.05806451612778356
0 0.5294585987176837 0.5376344085905885 0.036624203821072863 0.0516129032246965
0 0.5238853503101293 0.504301075257972 0.03184713375745467 0.04516129032160943
0 0.4769108280178836 0.5580645161170309 0.036624203821072863 0.05806451612778356
0 0.4816878980815018 0.522580645150052 0.03025477706958193 0.038709677418522374
0 0.4785031847057563 0.49677419353770375 0.023885350318090998 0.030107526881072957
0 0.5684713375705658 0.5129032257954215 0.022292993630218264 0.03225806451543531
0 0.5525477706918385 0.4999999999892473 0.02547770700596373 0.04086021505288472
0 0.5756369426659931 0.5516129032139439 0.03025477706958193 0.05806451612778356
0 0.597133757952275 0.595698924718372 0.05095541401192746 0.07311827956832004
0 0.6098726114552568 0.5451612903108567 0.03503184713320013 0.04516129032160943
0 0.6449044585884569 0.5623655913857556 0.04458598726043653 0.07526881720268239
0 0.6409235668687752 0.5182795698813273 0.027070063693836466 0.038709677418522374
0 0.6218152866143023 0.5021505376236096 0.03025477706958193 0.04086021505288472
0 0.6648089171868661 0.5559139784826685 0.027070063693836466 0.05376344085905885
0 0.7117834394791117 0.5204301075156896 0.0286624203817092 0.0516129032246965
0 0.7054140127276208 0.577419354826292 0.047770700636181995 0.06236559139650827
0 0.7157643311987936 0.6408602150399815 0.062101910827036595 0.08602150537449416
0 0.5748407643220567 0.7075268817052145 0.09235668789661852 0.12043010752429183
0 0.8288216560377576 0.7720430107360851 0.12579617834194592 0.16774193548026362
0 0.7635350318349756 0.5430107526764943 0.033439490445327395 0.04516129032160943
0 0.74283439489263 0.570967741923205 0.03980891719681833 0.05376344085905885
0 0.8439490445725486 0.5849462365465603 0.03503184713320013 0.04731182795597179
0 0.838375796164994 0.5602150537513932 0.03025477706958193 0.03655913978416002
0 0.8375796178210577 0.5268817204187767 0.03184713375745467 0.04301075268724708
0 0.9132165604950125 0.5548387096654873 0.027070063693836466 0.038709677418522374
0 0.9124203821510761 0.6064516128901838 0.03503184713320013 0.0559139784934212
0 0.942675159220658 0.6473118279430685 0.04458598726043653 0.07311827956832004
0 0.9546178343797036 0.7505376343924616 0.062101910827036595 0.11612903225556712
0 0.9347133757812944 0.5752688171919297 0.03503184713320013 0.049462365590334144
