0 0.08544921874916554 0.3367647058774005 0.040039062499609 0.061764705881444636
0 0.16894531249835015 0.3345588235244918 0.04296874999958039 0.057352941175627156
0 0.24462890624761108 0.31764705881885813 0.04394531249957085 0.061764705881444636
0 0.3129882812469435 0.3514705882301254 0.03613281249964714 0.05882352941089965
0 0.366699218746419 0.34338235293612673 0.040039062499609 0.06323529411671712
0 0.4160156249959374 0.3588235294064879 0.039062499999618534 0.0499999999992647
0 0.4946289062451697 0.34705882352430795 0.03417968749966622 0.07058823529307959
0 0.5581054687445498 0.36838235293575905 0.03808593749962807 0.057352941175627156
0 0.6293945312438536 0.3448529411713992 0.03613281249964714 0.057352941175627156
0 0.7143554687430239 0.33970588234794546 0.03222656249968529 0.07058823529307959
0 0.7617187499925614 0.3191176470541306 0.039062499999618534 0.07058823529307959
0 0.8227539062419654 0.34558823528903543 0.03417968749966622 0.07058823529307959
0 0.8681640624915219 0.3220588235246756 0.03710937499963761 0.07058823529307959
0 0.39990234374609473 0.5272058823451882 0.03808593749962807 0.07205882352835208
0 0.4877929687452364 0.5272058823451882 0.04394531249957085 0.07794117646944204
0 0.5874023437442637 0.5330882352862781 0.04394531249957085 0.06323529411671712
0 0.6831054687433291 0.5154411764630081 0.040039062499609 0.06911764705780708
