0 0.20812499999739842 0.3144208037750728 0.026249999999671873 0.052009456263545875
0 0.03937499999950781 0.7009456264609706 0.05124999999935937 0.09219858155810405
0 0.09812499999877343 0.6572104018757161 0.03874999999951562 0.09929078013949667
0 0.1449999999981875 0.8581560283485069 0.09749999999878124 0.19385342789139826
0 0.2543749999968203 0.8486997635733168 0.10124999999873437 0.2080378250541835
0 0.31124999999610936 0.8085106382787586 0.06249999999921875 0.1371158392402573
0 0.22124999999723435 0.6536643025850197 0.054999999999312495 0.1063829787208893
0 0.21812499999727342 0.5851063829648911 0.04624999999942187 0.07801418439531882
0 0.36624999999542185 0.6205673758718542 0.052499999999343745 0.11111111110848437
0 0.37124999999535935 0.5425531914765354 0.04249999999946875 0.0827423167829139
0 0.4781249999940234 0.549645390057928 0.04124999999948437 0.07801418439531882
0 0.45562499999430467 0.5437352245734342 0.026249999999671873 0.0709219858139262
0 0.5743749999928203 0.5260047281199526 0.036249999999546874 0.0827423167829139
0 0.7631249999904609 0.6016548463214739 0.07124999999910937 0.13947990543405486
0 0.8524999999893437 0.45035460991843135 0.029999999999625 0.0591016548449385
0 0.9731249999878359 0.5011820330850785 0.04874999999939062 0.118203309689877
0 0.9324999999883437 0.48936170211609076 0.04249999999946875 0.06619385342633112
0 0.9293749999883828 0.43853427894944363 0.036249999999546874 0.06382978723253357
