0 0.06499999999907143 0.4857142857027211 0.061428571427693875 0.1142857142829932
0 0.11571428571263265 0.4178571428471939 0.057142857142040815 0.08333333333134921
0 0.14214285714082653 0.3880952380859978 0.03857142857087755 0.07142857142687076
0 0.18785714285445917 0.347619047610771 0.03571428571377551 0.06666666666507937
0 0.09928571428429592 0.347619047610771 0.03285714285667347 0.06190476190328798
0 0.07071428571327551 0.34642857142032313 0.03571428571377551 0.05952380952239229
0 0.02571428571391837 0.32857142856360544 0.037142857142326534 0.05238095237970522
0 0.35214285713782656 0.46785714284600344 0.04714285714218367 0.07857142856955783
0 0.39571428570863265 0.5523809523678005 0.07999999999885714 0.12380952380657596
0 0.45999999999342855 0.6190476190328799 0.09999999999857143 0.18571428570986395
0 0.48071428570741837 0.5249999999875 0.061428571427693875 0.10714285714030612
0 0.4628571428505306 0.4488095237988379 0.048571428570734695 0.08333333333134921
0 0.4414285714222653 0.4130952380854025 0.03142857142812245 0.06904761904597506
0 0.33071428570956124 0.4238095237994331 0.041428571427979594 0.07142857142687076
0 0.3171428571383265 0.3619047618961451 0.028571428571020407 0.0571428571414966
0 0.3428571428522449 0.3642857142770408 0.028571428571020407 0.0571428571414966
0 0.36785714285188775 0.4047619047522676 0.03285714285667347 0.06666666666507937
0 0.40857142856559187 0.3952380952286848 0.03142857142812245 0.06190476190328798
0 0.34857142856644896 0.2988095238024093 0.028571428571020407 0.06428571428418367
0 0.4678571428504592 0.378571428562415 0.027142857142469386 0.047619047617913836
0 0.48642857142162244 0.3976190476095805 0.024285714285367348 0.05238095237970522
0 0.523571428563949 0.4309523809421202 0.03857142857087755 0.08095238095045351
0 0.5242857142782245 0.3916666666573413 0.028571428571020407 0.05952380952239229
0 0.5492857142778673 0.4071428571331633 0.027142857142469386 0.0571428571414966
0 0.5735714285632347 0.47023809522689913 0.041428571427979594 0.0880952380931406
0 0.6178571428483163 0.548809523796457 0.07285714285610204 0.13095238094926304
0 0.6907142857044184 0.6511904761749717 0.08142857142740817 0.15952380952001136
0 0.6257142857053469 0.8809523809314059 0.15999999999771428 0.23333333332777778
0 0.9192857142725817 0.6928571428406463 0.10714285714132653 0.19047619047165534
0 0.8349999999880714 0.5714285714149661 0.069999999999 0.12857142856836734
0 0.7942857142743673 0.47023809522689913 0.048571428570734695 0.07857142856955783
0 0.7957142857029184 0.4202380952280896 0.037142857142326534 0.07380952380776644
0 0.7392857142751531 0.4488095237988379 0.03857142857087755 0.06904761904597506
0 0.732142857132398 0.5476190476060091 0.04999999999928571 0.09523809523582767
0 0.6985714285614489 0.4880952380836168 0.03999999999942857 0.07619047618866213
0 0.6414285714194081 0.46428571427465987 0.037142857142326534 0.06666666666507937
0 0.6064285714199081 0.44047619046570297 0.03571428571377551 0.0571428571414966
0 0.6192857142768674 0.3833333333242064 0.03857142857087755 0.05238095237970522
0 0.6557142857049184 0.4083333333236111 0.03142857142812245 0.05476190476060091
0 0.6871428571330408 0.40119047618092407 0.028571428571020407 0.06904761904597506
0 0.7164285714183367 0.40595238094271546 0.027142857142469386 0.049999999998809525
0 0.8628571428448163 0.4464285714179422 0.03999999999942857 0.06904761904597506
0 0.9235714285582347 0.46071428570331635 0.02999999999957143 0.06904761904597506
0 0.9514285714149796 0.49761904760719955 0.03999999999942857 0.06190476190328798
