0 0.26499999999337503 0.4360902255475154 0.079999999998 0.10526315789077959
0 0.5124999999871875 0.3872180450982249 0.034999999999125 0.05263157894538979
0 0.6087499999847813 0.3665413533696789 0.0274999999993125 0.04887218044929052
0 0.6262499999843438 0.40601503757872126 0.0424999999989375 0.06766917292978687
0 0.6774999999830625 0.35150375938528183 0.024999999999375 0.04887218044929052
0 0.7187499999820313 0.38345864660212564 0.0274999999993125 0.05263157894538979
0 0.734999999981625 0.3308270676567358 0.024999999999375 0.04511278195319125
0 0.7799999999805001 0.35150375938528183 0.02999999999925 0.041353383457091976
0 0.8312499999792188 0.3496240601372322 0.0274999999993125 0.037593984960992706
0 0.839999999979 0.44360902253971396 0.054999999998625 0.09774436089858105
0 0.9112499999772188 0.4191729323150687 0.0424999999989375 0.0639097744336876
0 0.9662499999758438 0.3759398496099271 0.037499999999062505 0.05263157894538979
0 0.974999999975625 0.35150375938528183 0.034999999999125 0.05639097744148906
