0 0.1315384615364379 0.37990762123833927 0.09384615384471007 0.14549653579340652
0 0.2530769230730296 0.6524249422482118 0.06923076922970414 0.1085450346395255
0 0.4284615384549468 0.5531177828971565 0.056923076922201186 0.09930715935105525
0 0.46999999999276926 0.5230946882096282 0.044615384614698224 0.07621247112987961
0 0.5892307692217041 0.5265588914428045 0.0461538461531361 0.0831408775962323
0 0.6523076922976568 0.5288683602649221 0.0461538461531361 0.07390300230776205
0 0.7746153846034675 0.450346420312925 0.04153846153782249 0.07390300230776205
0 0.8576923076791124 0.5889145496399788 0.06307692307595267 0.1154734411058782
0 0.922307692293503 0.5323325634980985 0.05384615384532545 0.09468822170682012
0 0.98230769229258 0.5438799076086863 0.035384615384071005 0.09468822170682012
