0 0.14399999999856 0.9377811094312177 0.14799999999852 0.12143928035799942
0 0.11899999999881 0.7781109445160703 0.09199999999908 0.17991004497481394
0 0.07699999999923 0.7158920539622805 0.06799999999932 0.10644677661009824
0 0.099999999999 0.6356821589110093 0.06399999999936 0.08995502248740697
0 0.059499999999405 0.6079460269773921 0.03899999999961 0.0734632683647157
0 0.06949999999930499 0.5532233882975529 0.03099999999969 0.04797601199328372
0 0.06399999999936 0.5247376311765407 0.023999999999759998 0.03598200899496279
0 0.124499999998755 0.5239880059891456 0.02899999999971 0.049475262368073834
0 0.154499999998455 0.529235382300911 0.03099999999969 0.05397301349244418
0 0.15399999999846 0.5794602698563799 0.03399999999966 0.06446776611597499
0 0.199499999998005 0.6131934032891575 0.04699999999953 0.07796101948908604
0 0.219499999997805 0.6679160419689968 0.04699999999953 0.08545727136303663
0 0.2699999999973 0.6926536731530337 0.05599999999944 0.11394302848404883
0 0.37799999999621997 0.7893553223269961 0.09199999999908 0.1754122938504436
0 0.5499999999945 0.891304347812724 0.12599999999874 0.21739130434456685
0 0.320499999996795 0.4857571214319977 0.03899999999961 0.07796101948908604
0 0.22799999999772 0.5352323838000714 0.03199999999968 0.05097451274286395
0 0.2399999999976 0.516491754115195 0.023999999999759998 0.04347826086891337
0 0.17599999999824 0.5194902548647753 0.02599999999974 0.04347826086891337
0 0.273499999997265 0.5209895052395653 0.01499999999985 0.028485757121012208
0 0.373499999996265 0.5719640179824294 0.03099999999969 0.0734632683647157
0 0.40199999999598 0.5652173912958738 0.02599999999974 0.04797601199328372
0 0.41799999999582 0.6094452773521822 0.0399999999996 0.07046476761513545
0 0.33699999999663 0.5644677661084787 0.02799999999972 0.05247376311765407
0 0.37199999999628 0.5179910044899851 0.02199999999978 0.0464767616184936
0 0.411499999995885 0.5074962518664543 0.02499999999975 0.0464767616184936
0 0.42499999999575 0.5359820089874665 0.023999999999759998 0.04347826086891337
0 0.45799999999542 0.5659670164832689 0.03399999999966 0.06746626686555524
0 0.47149999999528497 0.5217391304269604 0.02299999999977 0.03898050974454302
0 0.494499999995055 0.6341829085362192 0.04499999999955 0.0929535232369872
0 0.525499999994745 0.619190404788318 0.03699999999963 0.07796101948908604
0 0.52899999999471 0.5644677661084787 0.02799999999972 0.04347826086891337
0 0.530499999994695 0.5322338830504912 0.02499999999975 0.03598200899496279
0 0.567499999994325 0.5329835082378863 0.02099999999979 0.037481259369752905
0 0.595499999994045 0.6259370314748736 0.04299999999957 0.08545727136303663
0 0.639499999993605 0.6814092953421078 0.05299999999947 0.09745127436135756
0 0.592499999994075 0.5704647676076392 0.02899999999971 0.0464767616184936
0 0.590499999994095 0.541979010486627 0.01899999999981 0.03448275862017267
0 0.623499999993765 0.5247376311765407 0.01899999999981 0.03598200899496279
0 0.68599999999314 0.5944527736042811 0.03399999999966 0.061469265366394764
0 0.657499999993425 0.5697151424202441 0.02699999999973 0.044977511243703486
0 0.67699999999323 0.5464767616109973 0.023999999999759998 0.04047976011933314
0 0.725499999992745 0.5509745127353677 0.02499999999975 0.0464767616184936
0 0.736499999992635 0.6784107945925276 0.05499999999945 0.10344827586051802
0 0.80899999999191 0.7143928035874904 0.07399999999926 0.1304347826067401
0 0.770499999992295 0.6319340329740339 0.03499999999965 0.06446776611597499
0 0.747499999992525 0.5869565217303305 0.02899999999971 0.05247376311765407
0 0.75499999999245 0.5494752623605775 0.02599999999974 0.04347826086891337
0 0.79799999999202 0.5659670164832689 0.02599999999974 0.049475262368073834
0 0.85099999999149 0.5779610194815898 0.023999999999759998 0.04347826086891337
0 0.87599999999124 0.5922038980420959 0.0299999999997 0.05397301349244418
0 0.8374999999916249 0.6416791604101697 0.03499999999965 0.05397301349244418
0 0.913499999990865 0.6949025487152188 0.05499999999945 0.10944527735967849
0 0.89199999999108 0.6551724137832807 0.0499999999995 0.07796101948908604
0 0.967499999990325 0.6551724137832807 0.05499999999945 0.0839580209882465
0 0.9679999999903199 0.5967016491664663 0.03599999999964 0.05997001499160465
0 0.922499999990775 0.5734632683572194 0.02899999999971 0.05247376311765407
