0 0.079999999998 0.39661654133847307 0.11499999999712501 0.16165413533226863
0 0.2074999999948125 0.45488721802801174 0.13499999999662501 0.22556390976595625
0 0.23124999999421877 0.28571428570354457 0.0724999999981875 0.1278195488673752
0 0.17499999999562502 0.2819548872074453 0.0599999999985 0.12030075187517666
0 0.2074999999948125 0.18233082706081463 0.06999999999825 0.10902255638687885
0 0.38374999999040627 0.27819548871134603 0.0724999999981875 0.12030075187517666
0 0.4162499999895938 0.2349624060062044 0.05749999999856251 0.10902255638687885
0 0.47374999998815626 0.3909774435943242 0.1124999999971875 0.2180451127737577
0 0.5212499999869687 0.2650375939749986 0.08749999999781251 0.16917293232446717
0 0.6087499999847813 0.25375939848670076 0.0624999999984375 0.13909774435567301
0 0.7237499999819063 0.319548872168438 0.08749999999781251 0.15037593984397082
0 0.6949999999826251 0.24999999999060152 0.054999999998625 0.10150375939468032
0 0.7237499999819063 0.5751879699031884 0.1424999999964375 0.24060150375035333
0 0.8824999999779376 0.5432330826863446 0.12999999999675 0.21428571427765844
0 0.8287499999792813 0.4285714285553169 0.0824999999979375 0.13533834585957374
0 0.9012499999774688 0.38909774434627453 0.0824999999979375 0.14661654134787155
0 0.8487499999787813 0.2932330826957431 0.0624999999984375 0.12030075187517666
0 0.9737499999756563 0.2593984962308497 0.0524999999986875 0.11278195488297812
