0 0.06963758954894725 0.7883782883756631 0.10598398651473666 0.19080919080855543
0 0.1290560471973682 0.6684981684959425 0.08997050147473669 0.14885114885065318
0 0.2648546144115785 0.6307026307005305 0.0779603876947367 0.14185814185766948
0 0.3092077538973679 0.7945387945361487 0.176359039190526 0.25641025640940257
0 0.39380530973368355 0.7650682650657175 0.11378002528421033 0.17082917082860197
0 0.3906447534757888 0.6496836496814863 0.09608091023999983 0.1465201465196586
0 0.4464812473652624 0.6195471195450565 0.07163927517894725 0.15551115551063768
0 0.6343236409594726 0.37479187479062676 0.059629161398947264 0.11888111888072302
0 0.6487568478705252 0.6378621378600138 0.07711757269263145 0.132201132200692
0 0.6923725242294725 0.678987678985418 0.09270965023157879 0.12121212121171758
0 0.6814159292021041 0.7738927738901968 0.10029498525052614 0.18648018647956552
0 0.8634639696568407 0.6658341658319487 0.07585335018947356 0.12753912753870283
0 0.8957016434873669 0.6878121878098974 0.0724820901810525 0.1255411255407075
0 0.9613358617763141 0.7047952047928578 0.07732827644315776 0.22344322344247938
