0 0.47967479673496816 0.5354166666443576 0.0813008130059268 0.13749999999427084
0 0.40379403792943647 0.4979166666459201 0.07046070460513656 0.1291666666612847
0 0.11382113820829752 0.39999999998333335 0.06504065040474144 0.09166666666284722
0 0.07994579945582803 0.3520833333186632 0.02981029810217316 0.04583333333142361
0 0.04200542005306218 0.3937499999835937 0.046070460703358525 0.07083333333038194
0 0.04878048780355608 0.34999999998541664 0.03252032520237072 0.04999999999791667
0 0.1368563685599768 0.34166666665243056 0.02439024390177804 0.05833333333090278
0 0.15176151761106338 0.32708333331970485 0.027100271001975602 0.04583333333142361
0 0.16531165311205118 0.3812499999841146 0.037940379402765845 0.07083333333038194
0 0.20731707316511336 0.3833333333173611 0.02981029810217316 0.05833333333090278
0 0.21815718156590358 0.32499999998645834 0.02981029810217316 0.04999999999791667
0 0.258807588068867 0.32708333331970485 0.02439024390177804 0.04583333333142361
0 0.2981029810217316 0.40624999998307293 0.04878048780355608 0.07083333333038194
0 0.33604336042449745 0.42499999998229165 0.04336043360316096 0.06666666666388889
0 0.283197831970645 0.34583333331892363 0.02981029810217316 0.04999999999791667
0 0.33604336042449745 0.31249999998697914 0.02168021680158048 0.04166666666493055
0 0.36314363142647305 0.3208333333199653 0.027100271001975602 0.033333333331944444
0 0.4146341463302267 0.3333333333194444 0.03252032520237072 0.04166666666493055
0 0.43089430893141206 0.37916666665086807 0.04336043360316096 0.05833333333090278
0 0.45121951218289374 0.31249999998697914 0.02981029810217316 0.05833333333090278
0 0.49186991868585717 0.3770833333176215 0.03523035230256828 0.06249999999739583
0 0.5108401083872401 0.34374999998567707 0.02981029810217316 0.04583333333142361
0 0.48509485093536325 0.31874999998671877 0.027100271001975602 0.04583333333142361
0 0.5013550135365487 0.30208333332074655 0.02168021680158048 0.0374999999984375
0 0.5311653116387218 0.31041666665373263 0.02168021680158048 0.0374999999984375
0 0.5555555555404998 0.30624999998723956 0.01626016260118536 0.04583333333142361
0 0.5745257452418827 0.36458333331814236 0.037940379402765845 0.06249999999739583
0 0.6124661246446486 0.36249999998489585 0.027100271001975602 0.04999999999791667
0 0.609756097544451 0.3145833333202257 0.01626016260118536 0.0374999999984375
0 0.6463414633971181 0.31041666665373263 0.02439024390177804 0.054166666664409724
0 0.6842818427998839 0.3145833333202257 0.018970189701382922 0.04583333333142361
0 0.7073170731515632 0.2479166666563368 0.02168021680158048 0.02916666666545139
0 0.5487804877900059 0.4583333333142361 0.05691056910414876 0.09166666666284722
0 0.6273712736957352 0.43958333331501737 0.046070460703358525 0.08749999999635416
0 0.6937669376505754 0.4708333333137153 0.05962059620434632 0.09999999999583334
0 0.7601626016054156 0.5833333333090278 0.08943089430651949 0.17499999999270832
0 0.8346883468608485 0.5187499999783854 0.06504065040474144 0.12083333332829861
0 0.8888888888647998 0.43958333331501737 0.04878048780355608 0.07916666666336805
0 0.8373983739610461 0.3895833333171007 0.037940379402765845 0.06249999999739583
0 0.7899728997075888 0.3979166666500868 0.046070460703358525 0.07916666666336805
0 0.7371273712537364 0.3562499999851562 0.027100271001975602 0.04583333333142361
0 0.7113821138018596 0.3333333333194444 0.02439024390177804 0.04166666666493055
0 0.7926829268077863 0.34166666665243056 0.02439024390177804 0.04999999999791667
0 0.7615176151555144 0.34583333331892363 0.027100271001975602 0.04999999999791667
0 0.8360433604109473 0.3541666666519097 0.02981029810217316 0.04999999999791667
0 0.8658536585131205 0.3687499999846354 0.02981029810217316 0.054166666664409724
0 0.9010840108156888 0.36458333331814236 0.02439024390177804 0.04583333333142361
0 0.89972899726559 0.339583333319184 0.02168021680158048 0.0374999999984375
0 0.9647696476703315 0.3895833333171007 0.03252032520237072 0.06249999999739583
0 0.9701897018707265 0.34166666665243056 0.027100271001975602 0.04999999999791667
0 0.9878048780220107 0.3687499999846354 0.02439024390177804 0.04583333333142361
0 0.930894308917862 0.37083333331788193 0.02439024390177804 0.05833333333090278
