0 0.05517578124946118 0.6569010416581132 0.06152343749939919 0.07682291666566637
0 0.021972656249785425 0.5468749999928793 0.028320312499723437 0.03906249999949137
0 0.18554687499818803 0.76236979165674 0.07031249999931335 0.09244791666546293
0 0.12597656249876976 0.6328124999917603 0.048828124999523166 0.054687499999287924
0 0.22558593749779704 0.6210937499919129 0.04101562499959946 0.057291666665920685
0 0.2236328124978161 0.6718749999912517 0.05078124999950409 0.05989583333255344
0 0.25683593749749184 0.6660156249913279 0.048828124999523166 0.0690104166657681
0 0.35498046874653344 0.7447916666569688 0.0693359374993229 0.09635416666541206
0 0.3657226562464285 0.6927083333243137 0.06152343749939919 0.0624999999991862
0 0.3608398437464762 0.6503906249915314 0.04980468749951363 0.05859374999923706
0 0.5097656249950219 0.6953124999909465 0.05468749999946595 0.08854166666551379
0 0.47412109374537 0.6152343749919892 0.03613281249964714 0.05338541666597155
0 0.520507812494917 0.638671874991684 0.03710937499963761 0.0559895833326043
0 0.5483398437446452 0.6223958333252292 0.03222656249968529 0.04947916666602241
0 0.5957031249941827 0.6484374999915569 0.044921874999561316 0.05989583333255344
0 0.5903320312442351 0.7708333333232965 0.0693359374993229 0.09635416666541206
0 0.6396484374937536 0.7773437499898783 0.05273437499948502 0.08333333333224827
0 0.619628906243949 0.9147135416547564 0.12207031249880793 0.15494791666464913
0 0.8686523437415171 0.8951822916550106 0.11425781249888421 0.14192708333148532
0 0.6562499999935913 0.6712239583245935 0.05468749999946595 0.07682291666566637
0 0.9453124999907685 0.49088541666027496 0.019531249999809267 0.03906249999949137
