0 0.09732072497953255 0.6637115839165046 0.052797478328977174 0.08628841607463017
0 0.04806934594130757 0.6353427895905989 0.04412923561824958 0.06264775413637533
0 0.08116627265499475 0.6187943262338205 0.05043341213514237 0.06737588652402629
0 0.2088258471220739 0.6932624113393232 0.05673758865203517 0.08865248226845565
0 0.26753349093563805 0.6152482269430822 0.04649330181208437 0.07683215129932823
0 0.2710795902263903 0.5839243498748946 0.025216706067571187 0.044917257682684196
0 0.28289992119556423 0.5679669030665725 0.033096926713687184 0.048463356973422425
0 0.3628841607536416 0.6211583924276459 0.04491725768286118 0.07683215129932823
0 0.3569739952690546 0.5732860520026799 0.033096926713687184 0.037825059101207745
0 0.5394011032266399 0.49408983450952615 0.027580772261405987 0.0591016548456371
0 0.7702915681578386 0.591016548456371 0.024428684002959587 0.044917257682684196
0 0.8045705279684432 0.6111111111038876 0.04097714735980318 0.06855791962093903
0 0.8396375098436594 0.5460992907736868 0.026004728132182787 0.037825059101207745
0 0.8577620173297261 0.5579196217428143 0.026004728132182787 0.047281323876509684
0 0.9074074074002569 0.6122931442008004 0.04176516942441478 0.07092198581476453
0 0.9247438928217121 0.5921985815532838 0.03861308116596838 0.0591016548456371
0 0.9322301024355223 0.680260047273283 0.06461780929815117 0.10992907801288501
0 0.9889676910875574 0.5484633569675122 0.02206461780912479 0.049645390070335166
