0 0.2456249999969297 0.43433395871605374 0.04874999999939062 0.0844277673530126
0 0.08187499999897656 0.6219512195005262 0.061249999999234375 0.0919324577843915
0 0.024999999999687498 0.6191369605887591 0.047499999999406246 0.12382739211775182
0 0.4581249999942734 0.5731707316965634 0.05874999999926562 0.0994371482157704
0 0.503124999993711 0.6425891181868182 0.06874999999914062 0.1219512195099071
0 0.5462499999931718 0.6360225140593616 0.079999999999 0.13508442776482016
0 0.6806249999914922 0.6688555346966443 0.10374999999870312 0.14071294558835434
0 0.6431249999919609 0.7579737335692688 0.10874999999864061 0.1688555347060252
0 0.6481249999918984 0.6097560975495355 0.04624999999942187 0.08630393996085733
0 0.6862499999914219 0.5966228892946224 0.049999999999374996 0.08255159474516788
0 0.7981249999900234 0.6360225140593616 0.08374999999895312 0.16135084427464633
0 0.7637499999904531 0.6529080675299641 0.0649999999991875 0.12382739211775182
