0 0.06147540983480583 0.2109374999934082 0.11885245901395794 0.22812499999287109
0 0.12909836065309224 0.11562499999638672 0.08606557376872816 0.1437499999955078
0 0.221311475405301 0.1390624999956543 0.06557377049045955 0.14062499999560546
0 0.2930327868792411 0.2109374999934082 0.11885245901395794 0.17812499999443357
0 0.3493852458944798 0.1265624999960449 0.07172131147394013 0.12187499999619139
0 0.4897540983506198 0.1609374999949707 0.10655737704699678 0.15312499999521484
0 0.5819672131028285 0.19999999999374998 0.073770491801767 0.12499999999609374
0 0.6874999999859118 0.154687499995166 0.06762295081828641 0.13437499999580077
0 0.7991803278524758 0.15624999999511718 0.08606557376872816 0.1437499999955078
0 0.8524590163759742 0.11718749999633787 0.05737704917915211 0.11562499999638672
0 0.9118852458829532 0.1437499999955078 0.06147540983480583 0.10624999999667968
0 0.9415983606364426 0.08593749999731444 0.06352459016263269 0.12187499999619139
