0 0.12060361216701378 0.6706081081052762 0.10622623574119243 0.23986486486385195
0 0.10325570342180786 0.5667229729705797 0.07961026615950663 0.13429054053997344
0 0.08246197718611582 0.42820945945765115 0.0399239543725287 0.08868243243205794
0 0.0994534220529956 0.39970439189020396 0.028754752851642695 0.07052364864835084
0 0.15316064638746874 0.4197635135117409 0.0259030418250335 0.06081081081055401
0 0.14377376425821348 0.37858952702542825 0.023764258555076606 0.04349662162143794
0 0.18250950570298835 0.415329391890138 0.029942965779396525 0.05954391891866747
0 0.19557984790828048 0.4518581081062 0.04467680608354402 0.07347972972941944
0 0.2507129277560582 0.40730574324152324 0.02946768060829499 0.05363175675653027
0 0.24762357414389824 0.5164695945924136 0.055133079847777725 0.11570945945897083
0 0.3643060836493244 0.5817145270245705 0.06226235741430071 0.1414695945939972
0 0.4201520912537544 0.6568834459431719 0.10266159695793094 0.18792229729650373
0 0.3702471482880935 0.4108952702685351 0.02946768060829499 0.06841216216187326
0 0.3884268060827271 0.4108952702685351 0.02780418250943963 0.050675675675461676
0 0.40720057034123763 0.43707770270085694 0.03208174904935342 0.05827702702678093
0 0.4334600760445973 0.4054054054036934 0.02043726235736588 0.04983108108087065
0 0.45971958174795696 0.44341216216028967 0.03635931558926721 0.06081081081055401
0 0.49881178707105794 0.44320101351164193 0.0266159695816858 0.04603040540521102
0 0.5439638783257035 0.4693834459439638 0.03564638783261491 0.07812499999967008
0 0.5398051330785651 0.41173986486312614 0.020199619771815114 0.0422297297295514
0 0.5173479087440177 0.4134290540523082 0.019011406844061284 0.03885135135118729
0 0.5537072243332849 0.42145270270092294 0.016159695817452094 0.04476351351332448
0 0.600285171101235 0.4220861486468662 0.02233840304177201 0.04603040540521102
0 0.6184648288958687 0.5023226351330139 0.03493346007596261 0.07474662162130598
0 0.6151378326981579 0.4476351351332448 0.02162547528511971 0.03969594594577831
0 0.6334363117855669 0.4271537162144124 0.017347908745205923 0.04856418918898411
0 0.6613593155877819 0.44003378378192554 0.02043726235736588 0.04983108108087065
0 0.6763307984774802 0.4624155405385878 0.023764258555076606 0.052364864864643736
0 0.7137595057017259 0.506545608105969 0.051093155893414705 0.1178209459454484
0 0.7385931558917809 0.46368243243047436 0.025190114068381203 0.054898648648416815
0 0.6903517110249754 0.4227195945928095 0.015209125475249028 0.03716216216200523
0 0.729919201519178 0.4271537162144124 0.020199619771815114 0.03842905405389177
0 0.7875475285152387 0.4885979729709097 0.04039923954363023 0.07685810810778354
0 0.7819629277547957 0.44320101351164193 0.018298479087408986 0.040962837837664856
0 0.8041825095037923 0.4524915540521432 0.023764258555076606 0.054476351351121305
0 0.8001425855494293 0.558699324321965 0.041825095056934825 0.09543918918878616
0 0.8662072243325423 0.5728462837813647 0.08032319391615893 0.10937499999953812
0 0.8385218631158781 0.5002111486465363 0.03208174904935342 0.08065878378344317
0 0.8256891634961366 0.4486908783764836 0.024477186311728905 0.062077702702440556
0 0.8856939163477051 0.46790540540342945 0.028517110266091928 0.06334459459432709
0 0.9388070342183014 0.5705236486462394 0.06630228136866373 0.12162162162110803
0 0.9594819391612179 0.5215371621599597 0.04348859315579019 0.07854729729696559
0 0.989900190111716 0.5185810810788911 0.020199619771815114 0.08277027026992073
0 0.9710076045604301 0.47043918918720257 0.028517110266091928 0.06081081081055401
0 0.9258555133057845 0.469172297295316 0.030893536121599587 0.06587837837810018
