0 0.149999999998125 0.8677298311281851 0.09499999999881249 0.14071294558835434
0 0.14312499999821093 0.7514071294418122 0.061249999999234375 0.0844277673530126
0 0.11312499999858593 0.6538461538338866 0.04374999999945312 0.06566604127456536
0 0.15874999999801562 0.6219512195005262 0.0349999999995625 0.054409005627497016
0 0.14187499999822656 0.5891181988632436 0.021249999999734374 0.03752345215689449
0 0.11749999999853124 0.5347091932357465 0.01999999999975 0.03752345215689449
0 0.08312499999896093 0.5656660412651845 0.021249999999734374 0.03189493433336032
0 0.059374999999257806 0.5703564727847963 0.023749999999703123 0.03377110694120504
0 0.03437499999957031 0.603189493422079 0.028749999999640622 0.04690431519611812
0 0.18999999999762499 0.6041275797260013 0.027499999999656247 0.05253283301965229
0 0.24249999999696875 0.5759849906083304 0.01999999999975 0.04127579737258394
0 0.2531249999968359 0.5600375234416503 0.018749999999765624 0.02814258911767087
0 0.28749999999640624 0.5403377110592806 0.01999999999975 0.026266416509826144
0 0.2749999999965625 0.7645403376967252 0.049999999999374996 0.0844277673530126
0 0.34124999999573435 0.6285178236279827 0.03249999999959375 0.05253283301965229
0 0.36812499999539844 0.6116322701573802 0.028749999999640622 0.04127579737258394
0 0.38187499999522656 0.5834896810397093 0.016249999999796875 0.030018761725515593
0 0.3956249999950547 0.5666041275691068 0.018749999999765624 0.018761726078447245
0 0.43124999999460933 0.5759849906083304 0.029999999999625 0.04502814258827339
0 0.4381249999945234 0.5422138836671254 0.016249999999796875 0.026266416509826144
0 0.4487499999943906 0.43714821762782086 0.0149999999998125 0.030018761725515593
0 0.35624999999554685 0.9362101313145176 0.089999999998875 0.12757973733344127
0 0.5143749999935703 0.8273921200595236 0.07124999999910937 0.10131332082361513
0 0.696874999991289 0.8893058161183994 0.08374999999895312 0.12757973733344127
0 0.5774999999927812 0.6407129455789734 0.0349999999995625 0.058161350843186466
0 0.5474999999931562 0.6341463414515169 0.029999999999625 0.04502814258827339
0 0.5324999999933437 0.5966228892946224 0.024999999999687498 0.04502814258827339
0 0.5056249999936797 0.5712945590887186 0.023749999999703123 0.03189493433336032
0 0.4781249999940234 0.5590994371377279 0.018749999999765624 0.026266416509826144
0 0.543124999993211 0.5431519699710478 0.016249999999796875 0.02814258911767087
0 0.5474999999931562 0.5684803001769515 0.01999999999975 0.030018761725515593
0 0.6287499999921405 0.5356472795396688 0.02249999999971875 0.04315196998042867
0 0.6518749999918515 0.5919324577750106 0.021249999999734374 0.03564727954904977
0 0.6849999999914375 0.6050656660299237 0.02249999999971875 0.03939962476473922
0 0.6856249999914297 0.5769230769122529 0.018749999999765624 0.03189493433336032
0 0.6518749999918515 0.6566604127456536 0.033749999999578124 0.05628517823534174
0 0.7449999999906874 0.6022514071181566 0.024999999999687498 0.04127579737258394
0 0.7499999999906249 0.5797373358240199 0.02249999999971875 0.03377110694120504
0 0.7274999999909062 0.5628517823534174 0.01749999999978125 0.030018761725515593
0 0.7912499999901094 0.5262664165004453 0.01999999999975 0.02814258911767087
0 0.7849999999901874 0.6116322701573802 0.027499999999656247 0.04502814258827339
0 0.8493749999893828 0.6425891181868182 0.04124999999948437 0.06191369605887591
0 0.8331249999895859 0.5909943714710882 0.023749999999703123 0.04127579737258394
0 0.8618749999892266 0.5684803001769515 0.028749999999640622 0.03752345215689449
0 0.8524999999893437 0.5037523452063085 0.01749999999978125 0.02814258911767087
0 0.9043749999886953 0.572232645392641 0.026249999999671873 0.03752345215689449
0 0.8968749999887891 0.6191369605887591 0.031249999999609375 0.05253283301965229
0 0.9424999999882187 0.6050656660299237 0.02249999999971875 0.03189493433336032
0 0.9512499999881093 0.5787992495200975 0.01999999999975 0.03189493433336032
0 0.9449999999881874 0.548780487794582 0.01749999999978125 0.02439024390198142
0 0.9693749999878828 0.5637898686573397 0.016249999999796875 0.02814258911767087
0 0.986874999987664 0.5834896810397093 0.018749999999765624 0.030018761725515593
0 0.969999999987875 0.6332082551475946 0.03749999999953125 0.04690431519611812
0 0.976874999987789 0.7495309568339674 0.04624999999942187 0.0769230769216337
