0 0.035673515981633354 0.422731164381752 0.06050228310485016 0.10830479452008432
0 0.022117579908612676 0.3309075342451588 0.04309360730581309 0.10017123287628352
0 0.09417808219151205 0.3167808219164521 0.04394977168937229 0.08647260273935585
0 0.18378995433737502 0.30779109588909337 0.053652968036376564 0.10017123287628352
0 0.16937785388079515 0.2592037671221781 0.039668949771576284 0.06977739725997527
0 0.22916666666601265 0.39811643835446014 0.0884703196344507 0.14297945205418244
0 0.2792522831042259 0.36686643835459387 0.05507990867564189 0.10530821917763139
0 0.3273401826474676 0.3154965753411152 0.04509132420078456 0.09503424657493564
0 0.2796803652960055 0.2744006849303322 0.03481735159807415 0.0727739726024282
0 0.3728595890400318 0.28895547945081784 0.04023972602728242 0.07705479452021809
0 0.41709474885725717 0.2718321917796582 0.03110730593598428 0.05736301369838458
0 0.4664668949758377 0.36943493150526785 0.056221461187054164 0.09417808219137766
0 0.44563356164256385 0.32470034246436347 0.03681506849304562 0.06892123287641728
0 0.4599029680352172 0.29323630136860773 0.03738584474875175 0.06249999999973245
0 0.48287671232738905 0.26819349314953683 0.029109589041012816 0.05607876712304761
0 0.5525114155235373 0.30522260273841945 0.04166666666654775 0.07191780821887021
0 0.632134703194543 0.3615154109573565 0.0730593607303851 0.10744863013652634
0 0.6669520547926171 0.3005136986288505 0.03424657534236802 0.07534246575310213
0 0.7271689497696142 0.3386130136971806 0.04737442922360909 0.09332191780781969
0 0.7873858447466113 0.13035102739670226 0.10787671232845926 0.16309931506779496
