0 0.05522088353302769 0.5454545454368359 0.05020080321184335 0.09090909090613931
0 0.0763052208820019 0.49188311686714664 0.036144578312527216 0.06168831168630882
0 0.10742971887334478 0.5259740259569489 0.04216867469794842 0.06493506493295666
0 0.12048192770842404 0.6850649350426927 0.09638554216673924 0.15584415583909597
0 0.158634538149425 0.5681818181633707 0.05622489959726455 0.08441558441284365
0 0.21787148593940014 0.4496753246607248 0.03012048192710601 0.055194805193013154
0 0.2801204819220859 0.44318181816742913 0.04216867469794842 0.04870129869971749
0 0.2610441767015854 0.5292207792035967 0.036144578312527216 0.06493506493295666
0 0.2961847389498758 0.5487012986834837 0.04216867469794842 0.07142857142625232
0 0.30923694778495503 0.5211038960869772 0.036144578312527216 0.055194805193013154
0 0.31526104417037626 0.7142857142625232 0.12449799196537152 0.19480519479886996
0 0.40963855420864176 0.6379870129662991 0.06024096385421202 0.10064935064608281
0 0.37248995983187766 0.5649350649167229 0.04216867469794842 0.07792207791954799
0 0.4206827309152473 0.5162337662170053 0.03815261044100095 0.058441558439660986
0 0.5130522088250391 0.5308441558269207 0.03815261044100095 0.06168831168630882
0 0.5100401606323285 0.40097402596100734 0.032128514055579746 0.042207792206421825
0 0.6014056224778833 0.4107142857009508 0.03413654618405348 0.04870129869971749
0 0.5763052208719617 0.5762987012799903 0.05622489959726455 0.08766233765949148
0 0.6034136546063571 0.6477272727062426 0.07429718875352816 0.13311688311256115
0 0.7319277108286761 0.5568181818001033 0.05020080321184335 0.08766233765949148
0 0.7751004015908614 0.5292207792035967 0.05220883534031709 0.07792207791954799
0 0.7610441766915452 0.6152597402397643 0.05622489959726455 0.08766233765949148
0 0.8724899598218375 0.6022727272531729 0.0702811244965807 0.09415584415278715
0 0.9236947790979178 0.5503246753068076 0.06024096385421202 0.08766233765949148
