0 0.0792968749993805 0.5203124999945801 0.0664062499994812 0.12812499999866536
0 0.11953124999906617 0.5791666666606337 0.08281249999935303 0.11666666666545139
0 0.23164062499819033 0.5067708333280545 0.057031249999554445 0.09270833333236762
0 0.2632812499979431 0.3187499999966797 0.02499999999980469 0.04374999999954427
0 0.38320312499700626 0.3593749999962565 0.02734374999978638 0.037499999999609374
0 0.3828124999970093 0.3322916666632053 0.028124999999780274 0.037499999999609374
0 0.32265624999747927 0.5447916666609918 0.07499999999941406 0.11249999999882812
0 0.4183593749967316 0.49791666666148005 0.052343749999591065 0.08541666666577691
0 0.40898437499680484 0.42708333332888454 0.0445312499996521 0.06874999999928386
0 0.4996093749960968 0.4947916666615126 0.057031249999554445 0.08541666666577691
0 0.5503906249957001 0.5281249999944987 0.06484374999949341 0.10624999999889323
0 0.5191406249959443 0.4442708333287055 0.04765624999962769 0.06354166666600478
0 0.5855468749954255 0.4312499999955078 0.04296874999966431 0.06458333333266059
0 0.6144531249951997 0.424479166662245 0.035156249999725345 0.06354166666600478
0 0.6535156249948945 0.5026041666614312 0.06015624999953003 0.09895833333230251
0 0.6421874999949829 0.45520833332859156 0.04687499999963379 0.06041666666603732
0 0.6582031249948578 0.3895833333292752 0.030468749999761964 0.04374999999954427
0 0.6964843749945587 0.4135416666623589 0.041406249999676514 0.058333333332725695
0 0.7074218749944733 0.45937499999521486 0.04765624999962769 0.06041666666603732
0 0.7843749999938722 0.4838541666616265 0.0656249999994873 0.11145833333217231
0 0.7535156249941132 0.41614583332899846 0.03203124999974976 0.04895833333282335
0 0.8164062499936219 0.42864583332886824 0.040624999999682616 0.06562499999931641
0 0.8558593749933137 0.4614583333285265 0.06328124999950561 0.08541666666577691
0 0.9574218749925202 0.42864583332886824 0.04921874999961548 0.06979166666593967
0 0.9874999999922852 0.4338541666621473 0.02499999999980469 0.06562499999931641
