0 0.19296874999849245 0.2281249999976237 0.11718749999908448 0.1770833333314887
0 0.2562499999979981 0.4114583333290473 0.05624999999956055 0.08541666666577691
0 0.2773437499978333 0.3713541666627984 0.045312499999646 0.05104166666613498
0 0.3316406249974091 0.41406249999568684 0.067968749999469 0.09270833333236762
0 0.05117187499960022 0.3911458333292589 0.03828124999970093 0.06354166666600478
0 0.460546874996402 0.37499999999609374 0.07265624999943238 0.12083333333207465
0 0.5761718749954987 0.38802083332929144 0.05859374999954224 0.09062499999905599
0 0.6652343749948029 0.40677083332909614 0.07890624999938355 0.12187499999873047
0 0.7269531249943207 0.3593749999962565 0.050781249999603276 0.09374999999902343
0 0.8691406249932099 0.37499999999609374 0.057031249999554445 0.09999999999895834
