0 0.012185833967919378 0.5675105485152249 0.022848438689848833 0.06329113923961616
0 0.0723533891845213 0.5330520393736561 0.015232292459899223 0.033755274261128614
0 0.0704493526270339 0.5007032348734078 0.01904036557487403 0.03656821378288933
0 0.09634424980886258 0.5267229254496945 0.015993907082894183 0.03797468354376969
0 0.11424219344924418 0.5126582278408909 0.015232292459899223 0.03516174402200897
0 0.12185833967919378 0.5421940928193784 0.01980198019786899 0.04360056258729113
0 0.1469916222380275 0.5611814345912632 0.03351104341177829 0.05625879043521436
0 0.14775323686102246 0.5140646976017712 0.015232292459899223 0.03516174402200897
0 0.16945925361637887 0.5042194092756087 0.015993907082894183 0.032348804500248254
0 0.17859862909231838 0.4992967651125274 0.015993907082894183 0.04500703234817149
0 0.1942117288637151 0.4978902953516471 0.0137090632139093 0.03656821378288933
0 0.20906321401211683 0.5098452883191301 0.011424219344924416 0.02672292545672682
0 0.21820258948805638 0.4894514767863649 0.014470677836904262 0.033755274261128614
0 0.2231530845375236 0.5295358649714551 0.01980198019786899 0.04360056258729113
0 0.20830159938912188 0.5428973276998186 0.022086824066853875 0.04219409282641077
0 0.2094440213236143 0.5991561181350329 0.03503427265776821 0.06469760900049651
0 0.26542269611374397 0.5428973276998186 0.023610053312843795 0.04219409282641077
0 0.24638233053886993 0.5021097046342882 0.014470677836904262 0.033755274261128614
0 0.23952779893191528 0.4978902953516471 0.008377760852944572 0.022503516174085744
0 0.2650418888022465 0.493670886069006 0.012185833967919378 0.0309423347393679
0 0.2817974105081356 0.528832630091015 0.016755521705889145 0.03938115330465005
0 0.30540746382097944 0.5506329113846605 0.02589489718182868 0.049226441630812565
0 0.31911652703488874 0.525316455688814 0.016755521705889145 0.04360056258729113
0 0.3415841584132401 0.54852320674334 0.023610053312843795 0.05344585091345364
0 0.33777608529826525 0.5970464134937123 0.0373191165267531 0.07735583684841975
0 0.3015993907060046 0.49437412094944616 0.0137090632139093 0.03516174402200897
0 0.2928408225415626 0.48523206750372383 0.011424219344924416 0.02812939521760718
0 0.3118811881164366 0.4746835442971212 0.01294744859091434 0.02672292545672682
0 0.34653465346270734 0.5154711673626515 0.01980198019786899 0.03516174402200897
0 0.3705255140870486 0.5379746835367373 0.01904036557487403 0.05203938115257328
0 0.40289413556433445 0.5513361462651007 0.022848438689848833 0.05625879043521436
0 0.3979436405148672 0.5105485231995703 0.017517136328884107 0.03656821378288933
0 0.4040365574988269 0.4824191279819631 0.017517136328884107 0.03938115330465005
0 0.3903274942849176 0.47257383965580063 0.011424219344924416 0.033755274261128614
0 0.3861386138584453 0.4430379746773131 0.012185833967919378 0.025316455695846462
0 0.3690022848410587 0.46061884668831754 0.014470677836904262 0.02953586497848754
0 0.3690022848410587 0.5084388185582498 0.015993907082894183 0.04078762306553041
0 0.3583396801191292 0.49156118142768546 0.01294744859091434 0.02953586497848754
0 0.34653465346270734 0.4718706047753604 0.012185833967919378 0.02953586497848754
0 0.4219345011392085 0.5091420534386899 0.016755521705889145 0.03938115330465005
0 0.4333587204841329 0.4880450070254846 0.012185833967919378 0.033755274261128614
0 0.42079207920471606 0.46413502109051846 0.011424219344924416 0.025316455695846462
0 0.4402132520910875 0.46061884668831754 0.010662604721929456 0.02953586497848754
0 0.4543031226164943 0.5147679324822114 0.022086824066853875 0.03656821378288933
0 0.4584920030429666 0.5457102672215792 0.024371667935838757 0.05344585091345364
0 0.4859101294707852 0.5295358649714551 0.01980198019786899 0.049226441630812565
0 0.470677837010886 0.48593530238416405 0.01827875095187907 0.046413502109051846
0 0.5049504950456593 0.49156118142768546 0.015232292459899223 0.03516174402200897
0 0.5316070068504829 0.5330520393736561 0.024371667935838757 0.05344585091345364
0 0.530083777604493 0.501406469753848 0.016755521705889145 0.032348804500248254
0 0.5350342726539602 0.46554149085139884 0.011424219344924416 0.02812939521760718
0 0.519040365571066 0.47116736989492025 0.009900990098934494 0.019690576652325025
0 0.5167555217020812 0.48452883262328367 0.011424219344924416 0.023909985934966103
0 0.569687738000231 0.513361462721331 0.01827875095187907 0.04219409282641077
0 0.5795887280991654 0.5028129395147284 0.016755521705889145 0.032348804500248254
0 0.5715917745577184 0.4824191279819631 0.009900990098934494 0.025316455695846462
0 0.566641279508251 0.466244725731839 0.010662604721929456 0.021097046413205384
0 0.5986290936740395 0.46694796061227917 0.010662604721929456 0.02812939521760718
0 0.6043412033465017 0.4831223628624033 0.014470677836904262 0.03516174402200897
0 0.6146230007569337 0.5042194092756087 0.0137090632139093 0.02953586497848754
0 0.6260472201018581 0.47398030941668096 0.012185833967919378 0.0309423347393679
0 0.6408987052502598 0.48593530238416405 0.014470677836904262 0.03797468354376969
0 0.6351865955777976 0.4676511954927194 0.012185833967919378 0.032348804500248254
0 0.6656511804975961 0.458509142046997 0.015232292459899223 0.0309423347393679
0 0.6725057121045507 0.4796061884602024 0.016755521705889145 0.033755274261128614
0 0.6976389946633844 0.4789029535797622 0.0137090632139093 0.03516174402200897
0 0.7216298552877257 0.4620253164491979 0.011424219344924416 0.02953586497848754
0 0.5833968012141403 0.603375527417674 0.03351104341177829 0.08157524613106082
0 0.638613861381275 0.5611814345912632 0.031226199542793407 0.07313642756577866
0 0.6896420411219373 0.5492264416237802 0.022086824066853875 0.06047819971785544
0 0.7117288651887912 0.5520393811455409 0.028179741050813563 0.07454289732665903
0 0.7311500380751627 0.5196905766452926 0.024371667935838757 0.046413502109051846
0 0.6991622239093743 0.6336146272766017 0.03960396039573798 0.08016877637018047
0 0.7593297791259762 0.6554149085702473 0.048743335871677514 0.0787623066093001
0 0.7745620715858755 0.5815752461240284 0.03351104341177829 0.0689170182831376
0 0.7547600913880065 0.5548523206673016 0.022848438689848833 0.05766526019609472
0 0.7650418887984385 0.5267229254496945 0.022086824066853875 0.04360056258729113
0 0.7825590251273226 0.4880450070254846 0.017517136328884107 0.04219409282641077
0 0.7955064737182369 0.4760900140580015 0.01904036557487403 0.04078762306553041
0 0.8008377760792017 0.513361462721331 0.02513328255883372 0.050632911391692924
0 0.8248286367035429 0.48452883262328367 0.015232292459899223 0.04360056258729113
0 0.8404417364749396 0.48452883262328367 0.014470677836904262 0.03797468354376969
0 0.8453922315244069 0.4571026722861167 0.012185833967919378 0.02812939521760718
0 0.8469154607703968 0.4170182841010264 0.012185833967919378 0.032348804500248254
0 0.892231530838597 0.40857946553574426 0.014470677836904262 0.03516174402200897
0 0.8842345772971499 0.4156118143401461 0.012185833967919378 0.02953586497848754
0 0.8823305407396624 0.48734177214504437 0.01904036557487403 0.04078762306553041
0 0.8552932216233414 0.5218002812866132 0.02589489718182868 0.05344585091345364
0 0.8332063975564875 0.5675105485152249 0.021325209443858913 0.0689170182831376
0 0.8670982482797632 0.6561181434506874 0.0510281797406624 0.11392405063130907
0 0.9078446306099937 0.5703234880369855 0.03655750190375814 0.07454289732665903
0 0.9112718964134711 0.516877637123532 0.023610053312843795 0.049226441630812565
0 0.9158415841514408 0.48874824190592475 0.02056359482086395 0.046413502109051846
0 0.93107387661134 0.4774964838188819 0.015993907082894183 0.03797468354376969
0 0.9257425742503753 0.44374120955775326 0.015993907082894183 0.03516174402200897
0 0.9478293983172291 0.4219409282641077 0.017517136328884107 0.033755274261128614
0 0.9760091393680427 0.40717299577486393 0.014470677836904262 0.03797468354376969
0 0.9623000761541334 0.5527426160259811 0.0647372429545717 0.12939521800099302
