0 0.07599999999924 0.6693037974577642 0.13399999999866 0.31645569619752445
0 0.27499999999725 0.6028481012562841 0.099999999999 0.155063291136787
0 0.090499999999095 0.573575949358013 0.08299999999917 0.13765822784592313
0 0.015499999999845 0.31170886075456156 0.02899999999971 0.05379746835357915
0 0.105499999998945 0.26819620252740195 0.03099999999969 0.0427215189866658
0 0.104499999998955 0.37816455695604173 0.03299999999967 0.05063291139160391
0 0.202499999997975 0.29588607594468536 0.03099999999969 0.0569620253155544
0 0.294499999997055 0.33148734176690686 0.03099999999969 0.04905063291061629
0 0.326499999996735 0.29667721518517914 0.02099999999979 0.039556962024690556
0 0.364499999996355 0.4430379746765342 0.05099999999949 0.08860759493530684
0 0.4099999999959 0.3251582278429564 0.0299999999997 0.0427215189866658
0 0.50299999999497 0.47231012657480526 0.047999999999519996 0.08069620253036873
0 0.680499999993195 0.2768987341728339 0.01899999999981 0.04113924050567818
