0 0.2531249999968359 0.38740458014527857 0.17624999999779686 0.32061068701678225
0 0.1693749999978828 0.2032442748052816 0.12374999999845313 0.23854961831605823
0 0.35187499999560157 0.11164122137191525 0.07124999999910937 0.15839694656186265
0 0.39312499999508593 0.1135496183184437 0.08874999999889062 0.16984732824103346
0 0.48062499999399216 0.1908396946528466 0.13624999999829687 0.25572519083481443
0 0.7518749999906015 0.18225190839346847 0.11124999999860936 0.2118320610646597
0 0.7337499999908281 0.5181297709824785 0.169999999997875 0.3377862595355384
0 0.9306249999883671 0.35496183205429466 0.13874999999826562 0.3053435114445545
0 0.8406249999894921 0.09732824427295175 0.09374999999882812 0.16412213740144804
0 0.9606249999879921 0.10591603053232986 0.07874999999901562 0.17366412213409038
