0 0.25099999999498 0.44533333332145775 0.11399999999772 0.14933333332935111
0 0.14099999999718 0.3653333333235911 0.06199999999876 0.07466666666467556
0 0.13199999999736 0.31999999999146667 0.039999999999199995 0.053333333331911106
0 0.3099999999938 0.31199999999168 0.039999999999199995 0.05866666666510222
0 0.41899999999161996 0.48933333332028445 0.12199999999755999 0.16266666666232887
0 0.46899999999062 0.31333333332497776 0.04599999999908 0.06133333333169778
0 0.63799999998724 0.3653333333235911 0.08399999999832 0.09066666666424888
0 0.71199999998576 0.33599999999103997 0.05599999999888 0.07466666666467556
0 0.81699999998366 0.49999999998666667 0.15399999999692 0.18399999999509334
0 0.9369999999812599 0.4133333333223111 0.08199999999836 0.11733333333020445
0 0.9109999999817799 0.3599999999904 0.049999999999 0.06399999999829334
