0 0.01999999999975 0.4816666666586389 0.03749999999953125 0.07666666666538889
0 0.10249999999871874 0.4716666666588055 0.0449999999994375 0.053333333332444444
0 0.08749999999890624 0.43999999999266665 0.0399999999995 0.04999999999916667
0 0.13062499999836719 0.43166666665947223 0.036249999999546874 0.04666666666588889
0 0.17562499999780468 0.43499999999275 0.036249999999546874 0.04333333333261111
0 0.21624999999729685 0.412499999993125 0.03749999999953125 0.04166666666597222
0 0.2799999999965 0.553333333324111 0.057499999999281244 0.08666666666522221
0 0.309999999996125 0.7658333333205695 0.14249999999821875 0.15499999999741668
0 0.34687499999566407 0.49416666665843056 0.04624999999942187 0.06833333333219445
0 0.40312499999496093 0.4616666666589722 0.033749999999578124 0.05666666666572222
0 0.44499999999443746 0.5358333333244027 0.06249999999921875 0.09499999999841667
0 0.4662499999941718 0.4991666666583472 0.0449999999994375 0.061666666665638886
0 0.46562499999417967 0.4708333333254861 0.036249999999546874 0.04499999999925
0 0.4887499999938906 0.43083333332615276 0.029999999999625 0.05833333333236111
0 0.506874999993664 0.42749999999287497 0.028749999999640622 0.051666666665805557
0 0.6162499999922968 0.6233333333229444 0.08749999999890624 0.10333333333161111
0 0.6143749999923203 0.55499999999075 0.07624999999904687 0.09999999999833334
0 0.5806249999927422 0.5033333333249445 0.04374999999945312 0.06666666666555555
0 0.5656249999929297 0.4558333333257361 0.03874999999951562 0.06499999999891666
0 0.5693749999928828 0.4066666666598889 0.033749999999578124 0.04999999999916667
0 0.5643749999929453 0.2899999999951667 0.028749999999640622 0.04666666666588889
0 0.6624999999917187 0.4516666666591389 0.03249999999959375 0.04666666666588889
0 0.6587499999917656 0.43166666665947223 0.03249999999959375 0.04333333333261111
0 0.6449999999919375 0.41333333332644445 0.03749999999953125 0.03333333333277778
0 0.7262499999909219 0.5408333333243195 0.06749999999915625 0.11166666666480556
0 0.6937499999913281 0.5141666666580972 0.0449999999994375 0.07166666666547222
0 0.8068749999899141 0.577499999990375 0.07624999999904687 0.10499999999825
0 0.9362499999882968 0.7208333333213194 0.12749999999840625 0.17166666666380556
0 0.9318749999883515 0.4591666666590139 0.03874999999951562 0.061666666665638886
0 0.9706249999878671 0.44166666665930554 0.04124999999948437 0.06333333333227778
0 0.9337499999883281 0.412499999993125 0.0399999999995 0.051666666665805557
0 0.8962499999887968 0.4408333333259861 0.0349999999995625 0.05833333333236111
0 0.8612499999892343 0.42999999999283334 0.03249999999959375 0.059999999999
