0 0.05624999999859375 0.47940074904571534 0.10749999999731251 0.2921348314497328
0 0.10749999999731251 0.36891385766408563 0.079999999998 0.13857677902102708
0 0.17124999999571877 0.37078651684004543 0.05749999999856251 0.11985018726142883
0 0.2862499999928438 0.3614232209602463 0.07749999999806251 0.12359550561334849
0 0.43249999998918753 0.42883895129480004 0.104999999997375 0.18352059924406292
0 0.5724999999856876 0.43820224717459916 0.11499999999712501 0.20224719100366115
0 0.7887499999802813 0.44382022470247867 0.0824999999979375 0.15355805242870568
0 0.7424999999814376 0.41573033706308127 0.0599999999985 0.13483146066910745
0 0.9062499999773438 0.4232209737669206 0.0824999999979375 0.14981273407678605
0 0.8937499999776563 0.6835205992253364 0.2024999999949375 0.5056179775091529
