0 0.4376929012328793 0.8536522633700945 0.14621913580190501 0.1918724279825521
0 0.39988425925771653 0.6530349794205091 0.10378086419713048 0.1373456790116392
0 0.26292438271503504 0.6026234567870236 0.08371913580214616 0.11882716049321593
0 0.21797839506088745 0.3508230452656851 0.07253086419725105 0.09362139917647315
0 0.3227237654308537 0.43364197530641135 0.028163580246804924 0.05144032921784239
0 0.30111882715933214 0.4248971193393781 0.028935185185073556 0.05041152263348554
0 0.17824074074005308 0.4773662551415774 0.023148148148058843 0.044238683127344455
0 0.16994598765366534 0.46193415637622465 0.03279320987641669 0.04115226337427391
0 0.1664737654314565 0.4364711934133927 0.03202160493814807 0.03137860082288386
0 0.36381172839365816 0.4583333333309757 0.037808641975162774 0.0668724279831951
0 0.4010416666651195 0.4809670781868263 0.043595679012177486 0.06172839506141087
0 0.46874999999819156 0.4331275720142329 0.026234567901133356 0.04629629629605815
0 0.4494598765414759 0.4135802469114528 0.030092592592476496 0.05144032921784239
0 0.509837962960996 0.43004115226116235 0.025848765431999043 0.05658436213962663
0 0.5455246913559201 0.45524691357790514 0.040895061728237286 0.05452674897091293
0 0.5434027777756814 0.5264917695446168 0.05439814814793828 0.07767489711894202
0 0.6332947530839765 0.5429526748943264 0.07291666666638535 0.09516460905300841
0 0.6979166666639741 0.6064814814783618 0.0794753086416687 0.11316872427925326
0 0.8896604938237282 0.6494341563752601 0.11651234567856285 0.1466049382708508
0 0.9758873456752474 0.5645576131658202 0.046682098765252 0.11162551440271798
0 0.9745370370332773 0.4778806584337558 0.040895061728237286 0.06790123456755195
0 0.8854166666632508 0.4583333333309757 0.04012345678996866 0.058641975308340324
0 0.8470293209843865 0.4320987654298761 0.02970679012334218 0.048353909464771846
0 0.8416280864165061 0.36754115226148387 0.023533950617193156 0.0365226337446681
0 0.7783564814784786 0.40997942386620384 0.02276234567892453 0.04218106995863076
0 0.7025462962935859 0.4431584362117122 0.03549382716035689 0.04886831275695027
0 0.7220293209848687 0.48894032921559194 0.05516975308620691 0.06944444444408723
0 0.6628086419727516 0.42078189300195074 0.036265432098625525 0.05658436213962663
0 0.6788194444418256 0.4068930041131333 0.01967592592585002 0.03189300411506228
0 0.7243441357996746 0.39917695473045695 0.025077160493730412 0.03703703703684652
0 0.737075617281107 0.3742283950598034 0.021219135802387275 0.03343621399159755
0 0.5978009259236197 0.4115226337427391 0.025848765431999043 0.047325102880415
0 0.5628858024669642 0.4068930041131333 0.022376543209790215 0.03806584362120337
