0 0.16887755101868493 0.239999999992 0.18265306122262598 0.47333333331755556
0 0.24948979591582152 0.40666666665311113 0.05408163265250937 0.22666666665911112
0 0.31734693877227194 0.3666666666544445 0.05918367346878384 0.21333333332622223
0 0.34234693877201683 0.29999999999 0.02755102040788213 0.09999999999666667
0 0.4204081632610162 0.35999999998800003 0.04693877550972511 0.1599999999946667
0 0.49489795917862345 0.34999999998833337 0.026530612244627237 0.10666666666311111
0 0.5551020408106622 0.3199999999893334 0.026530612244627237 0.09333333333022223
0 0.5806122448920346 0.29999999999 0.022448979591607663 0.09333333333022223
0 0.6499999999933673 0.269999999991 0.024489795918117452 0.09333333333022223
0 0.590306122442956 0.5133333333162222 0.04795918367298001 0.2066666666597778
0 0.618877551014093 0.4616666666512778 0.04999999999948979 0.18333333332722224
0 0.5586734693820543 0.4416666666519445 0.033673469387411496 0.14333333332855555
0 0.7173469387681903 0.4183333333193889 0.11020408163152852 0.4033333333198889
0 0.6602040816259163 0.3866666666537778 0.0326530612241566 0.12666666666244444
0 0.8183673469304248 0.30833333332305557 0.024489795918117452 0.08333333333055556
0 0.8168367346855424 0.21333333332622223 0.01938775510184298 0.07999999999733334
0 0.8948979591745418 0.269999999991 0.0326530612241566 0.10666666666311111
0 0.9188775510110319 0.16666666666111113 0.02142857142835277 0.07999999999733334
0 0.9581632652963452 0.24999999999166667 0.034693877550666385 0.12666666666244444
0 0.9903061224388744 0.14666666666177777 0.01938775510184298 0.09999999999666667
0 0.8948979591745418 0.5333333333155555 0.12448979591709704 0.40666666665311113
