0 0.1199999999976 0.4969969969820721 0.05599999999888 0.10510510510194879
0 0.15999999999679998 0.43393393392090285 0.04399999999912 0.06906906906699492
0 0.2249999999955 0.43393393392090285 0.04199999999916 0.06906906906699492
0 0.28699999999426 0.4384384384252721 0.037999999999239996 0.07207207206990773
0 0.31899999999362 0.4144144144019695 0.0299999999994 0.04204204204077951
0 0.38599999999227996 0.43393393392090285 0.04399999999912 0.07507507507282056
0 0.48499999999029997 0.41891891890633876 0.025999999999479998 0.04504504504369234
0 0.5399999999892 0.584084084066544 0.10799999999783999 0.18918918918350783
0 0.5299999999894 0.45945945944566186 0.051999999998959996 0.08408408408155903
0 0.549999999989 0.43243243241944646 0.039999999999199995 0.07207207206990773
0 0.57399999998852 0.28828828827963093 0.02399999999952 0.04804804804660516
0 0.62299999998754 0.46246246244857464 0.04199999999916 0.07207207206990773
0 0.649999999987 0.49399399397915933 0.05599999999888 0.0930930930902975
0 0.75799999998484 0.43393393392090285 0.04399999999912 0.06906906906699492
0 0.79599999998408 0.4909909909762465 0.06399999999872 0.0930930930902975
0 0.9099999999817999 0.4414414414281849 0.05599999999888 0.09609609609321032
