0 0.044999999999099996 0.5519999999852799 0.08599999999828 0.15999999999573333
0 0.1299999999974 0.4533333333212444 0.09199999999816 0.1333333333297778
0 0.060999999998779995 0.4253333333219911 0.08199999999836 0.11466666666360889
0 0.26099999999477996 0.4493333333213511 0.06599999999868 0.10399999999722666
0 0.35099999999298 0.47866666665390223 0.08199999999836 0.1253333333299911
0 0.43399999999132 0.44399999998816 0.07599999999847999 0.1253333333299911
0 0.59599999998808 0.2693333333261511 0.06399999999872 0.09599999999744
0 0.8969999999820599 0.4653333333209244 0.08199999999836 0.1199999999968
0 0.9199999999816 0.52799999998592 0.10799999999783999 0.1333333333297778
0 0.93299999998134 0.5986666666507022 0.12599999999748 0.16266666666232887
0 0.95099999998098 0.7719999999794133 0.09799999999804 0.23733333332700443
