0 0.08199999999836 0.34883720928880474 0.04399999999912 0.1007751937945436
0 0.15199999999695998 0.29844961239153295 0.039999999999199995 0.1007751937945436
0 0.18899999999622 0.3042635658796797 0.037999999999239996 0.09689922480244577
0 0.23299999999534 0.33527131781646236 0.037999999999239996 0.09689922480244577
0 0.27799999999444 0.3120155038638754 0.039999999999199995 0.09689922480244577
0 0.31199999999376 0.3585271317690493 0.03599999999928 0.09689922480244577
0 0.35999999999279997 0.30813953487177753 0.04399999999912 0.09689922480244577
0 0.39399999999212 0.3624031007611472 0.039999999999199995 0.09689922480244577
0 0.44199999999115996 0.35077519378485367 0.03599999999928 0.09689922480244577
0 0.49799999999003997 0.32945736432831557 0.04799999999904 0.09302325581034793
0 0.549999999989 0.3565891472730004 0.03599999999928 0.09302325581034793
0 0.5849999999883 0.3062015503757286 0.04199999999916 0.09302325581034793
0 0.62299999998754 0.3158914728559732 0.04599999999908 0.11240310077083708
0 0.67699999998646 0.3217054263441199 0.04199999999916 0.09302325581034793
0 0.71599999998568 0.37596899223348956 0.04799999999904 0.11627906976293492
0 0.7589999999848199 0.3217054263441199 0.04199999999916 0.08527131782615227
0 0.8099999999838 0.3779069767295385 0.039999999999199995 0.09689922480244577
0 0.8239999999835199 0.2674418604547503 0.039999999999199995 0.09302325581034793
0 0.86699999998266 0.3275193798322667 0.04599999999908 0.10465116278664142
0 0.9349999999813 0.31007751936782646 0.049999999999 0.1007751937945436
