0 0.04913403614448582 0.22038152610368011 0.07379518072275265 0.13755020080275251
0 0.028520331325247516 0.36629852744187985 0.056664156626399356 0.1629852744305121
0 0.0676769578311979 0.7640562248970413 0.11502259036122925 0.2255689424356574
0 0.4413591867461571 0.14123159303834928 0.08716114457814918 0.1820615796513318
0 0.4928463855412409 0.02576974564917748 0.03426204819270658 0.05087014725551918
0 0.5473456325290901 0.020917001338618083 0.03407379518065875 0.041164658634400386
0 0.624341114456656 0.027610441766975868 0.05440512048182529 0.047188755019922396
0 0.8610692771068128 0.0704484605084657 0.057981927710734224 0.1127844712178287
0 0.9486069277090576 0.24146586345300713 0.05986445783121261 0.14491298527394608
0 0.9328878012030631 0.14357429718827452 0.07473644578299184 0.11512717536775392
