0 5950000000.0 18350000000.0 3100000000.0 3500000000.0
0 11250000000.0 17900000000.0 2700000000.0 2800000000.0
0 14900000000.0 18100000000.0 2800000000.0 2600000000.0
0 18400000000.0 16750000000.0 1400000000.0 2100000000.0
0 21400000000.0 16000000000.0 1200000000.0 1400000000.0
0 22550000000.0 16550000000.0 1100000000.0 1700000000.0
0 23350000000.0 15800000000.0 900000000.0 1400000000.0
0 24100000000.0 15050000000.0 1400000000.0 1300000000.0
0 26100000000.0 16950000000.0 1600000000.0 1900000000.0
0 26100000000.0 16050000000.0 1200000000.0 1500000000.0
0 29750000000.0 16950000000.0 1300000000.0 1700000000.0
0 20350000000.0 23650000000.0 2100000000.0 2300000000.0
0 21900000000.0 22700000000.0 1600000000.0 2200000000.0
0 27450000000.0 23250000000.0 2100000000.0 2700000000.0
0 27450000000.0 21650000000.0 1500000000.0 1700000000.0
0 32050000000.0 22050000000.0 1500000000.0 2100000000.0
0 33500000000.0 22900000000.0 2200000000.0 2400000000.0
0 37950000000.0 21450000000.0 1900000000.0 1900000000.0
0 40050000000.0 23150000000.0 1900000000.0 1900000000.0
0 7400000000.0 28600000000.0 6400000000.0 6200000000.0
0 45850000000.0 17800000000.0 2100000000.0 3000000000.0
0 49750000000.0 17150000000.0 3100000000.0 3300000000.0
0 38150000000.0 17300000000.0 1300000000.0 1800000000.0
0 36700000000.0 16750000000.0 1200000000.0 1900000000.0
0 35600000000.0 16600000000.0 1000000000.0 1400000000.0
0 34750000000.0 16100000000.0 1100000000.0 1600000000.0
0 34050000000.0 15800000000.0 1300000000.0 1400000000.0
0 33000000000.0 16750000000.0 1400000000.0 1700000000.0
0 32100000000.0 16600000000.0 1200000000.0 1400000000.0
