0 0.187499999996875 0.5384615384456076 0.08166666666530556 0.13609467455218655
0 0.20916666666318054 0.48224852069579144 0.05833333333236111 0.10650887573649381
0 0.1783333333303611 0.41715976330126747 0.03666666666605556 0.065088757394524
0 0.22083333332965277 0.42603550294597525 0.034999999999416664 0.05917159763138545
0 0.19749999999670834 0.3786982248408669 0.024999999999583335 0.04142011834196982
0 0.16083333333065278 0.36982248519615907 0.021666666666305553 0.04142011834196982
0 0.14333333333094445 0.39349112424871324 0.019999999999666666 0.035502958578831276
0 0.13249999999779166 0.37130177513694373 0.021666666666305553 0.04437869822353909
0 0.08083333333198611 0.4112426035381289 0.038333333332694446 0.08284023668393964
0 0.2641666666622639 0.3772189349000823 0.021666666666305553 0.04437869822353909
0 0.2883333333285278 0.40384615383420575 0.023333333332944444 0.05621301774981618
0 0.30999999999483335 0.4023668638934211 0.026666666666222222 0.05325443786824691
0 0.41916666665968055 0.3284023668541893 0.01833333333302778 0.05325443786824691
0 0.4691666666588472 0.3772189349000823 0.021666666666305553 0.03846153846040055
0 0.5208333333246528 0.390532544367144 0.021666666666305553 0.04142011834196982
0 0.52499999999125 0.44082840235382165 0.026666666666222222 0.065088757394524
0 0.5499999999908334 0.423076923064406 0.0299999999995 0.05325443786824691
0 0.5749999999904166 0.40088757395263647 0.019999999999666666 0.050295857986677635
0 0.607499999989875 0.44526627217617554 0.03166666666613889 0.05621301774981618
0 0.6166666666563889 0.3964497041302825 0.019999999999666666 0.035502958578831276
0 0.5991666666566805 0.38905325442635935 0.01499999999975 0.03846153846040055
0 0.6724999999887916 0.33284023667654317 0.03166666666613889 0.04437869822353909
0 0.6741666666554306 0.46301775146559115 0.034999999999416664 0.06213017751295473
0 0.7158333333214028 0.455621301761668 0.048333333332527775 0.08284023668393964
0 0.6533333333224445 0.5192307692154073 0.053333333332444444 0.10946745561806309
0 0.839999999986 0.553254437853454 0.09333333333177778 0.16568047336787928
0 0.9024999999849583 0.48816568045893 0.061666666665638886 0.10059171597335527
