0 0.07199999999928 0.3761261261204786 0.07599999999924 0.11561561561387965
0 0.250499999997495 0.2980480480435728 0.10099999999899 0.18468468468191163
0 0.329499999996705 0.3656156156101259 0.05499999999945 0.09159159159021633
0 0.464499999995355 0.37312312311752066 0.05699999999943 0.10360360360204798
0 0.514499999994855 0.3686186186130838 0.040999999999589996 0.09159159159021633
0 0.5494999999945049 0.40315315314709976 0.03499999999965 0.06756756756655304
0 0.596499999994035 0.3963963963904445 0.03899999999961 0.07507507507394783
0 0.742499999992575 0.3506006005953363 0.06899999999931 0.10060060059909008
0 0.407499999995925 0.43918918918259475 0.03499999999965 0.06156156156063721
0 0.28799999999712 0.4234234234170657 0.0399999999996 0.057057057056200344
