0 0.05099999999898 0.7395833333113219 0.08199999999836 0.14583333332899304
0 0.21399999999572 0.8050595237855637 0.09199999999816 0.14583333332899304
0 0.27199999999456 0.796130952357258 0.07199999999856 0.13392857142458545
0 0.42399999999152 0.4151785714162149 0.06799999999864 0.11607142856797406
0 0.48799999999023996 0.8883928571164168 0.10799999999783999 0.17559523809001204
0 0.64299999998714 0.6979166666458952 0.08599999999828 0.14583333332899304
0 0.63799999998724 0.883928571402264 0.09599999999808 0.19047619047052153
0 0.7099999999858 0.8377976190226846 0.07999999999839999 0.16964285713780825
0 0.7659999999846799 0.7008928571219972 0.06799999999864 0.12202380952017786
0 0.8519999999829599 0.7202380952166595 0.07199999999856 0.13690476190068734
0 0.9759999999804799 0.8199404761660731 0.04799999999904 0.16964285713780825
0 0.96099999998078 0.9345238094959962 0.07799999999844 0.11904761904407596
0 0.98399999998032 0.678571428551233 0.03199999999936 0.10714285713966835
