0 0.17626953124827863 0.8420621931122412 0.16503906249838832 0.29623567920955424
0 0.4287109374958134 0.7880523731458584 0.16406249999839784 0.2896890343651442
0 0.7514648437426615 0.5842880523635959 0.10253906249899865 0.19639934533230116
0 0.7851562499923326 0.48036006545858656 0.080078124999218 0.1358428805215083
0 0.7246093749929238 0.3461538461481808 0.048828124999523166 0.08674304418843301
0 0.7089843749930764 0.2692307692263628 0.027343749999732974 0.05728314238858784
0 0.6494140624936582 0.27250409164856787 0.027343749999732974 0.054009819966382815
0 0.6225585937439204 0.32487725040384813 0.040039062499609 0.06382978723299787
0 0.5781249999943543 0.2757774140707729 0.025390624999752046 0.047463175121972775
0 0.49755859374514105 0.27086743043746536 0.02636718749974251 0.0507364975441778
0 0.4833984374952794 0.33469721767046323 0.04101562499959946 0.083469721766228
0 0.49804687499513633 0.4124386251978324 0.07031249999931335 0.10801963993276563
0 0.4018554687460757 0.2495908346931327 0.024414062499761583 0.047463175121972775
0 0.446777343745637 0.25040916529868396 0.022460937499780658 0.04909983633307529
0 0.4492187499956131 0.31178396071502806 0.04101562499959946 0.07692307692181795
0 0.3608398437464762 0.3420621931204245 0.05175781249949456 0.09165302782174053
0 0.34570312499662403 0.2618657937764015 0.03515624999965668 0.07201309328851042
0 0.3315429687467623 0.23977086742651765 0.016601562499837876 0.03109656301094768
0 0.3085937499969864 0.2528641571153377 0.02343749999977112 0.034369885433152704
0 0.27978515624726774 0.23322422258210762 0.022460937499780658 0.040916530277562736
0 0.2373046874976826 0.2847790507318367 0.03710937499963761 0.06546644844410038
0 0.1835937499982071 0.3477905073592833 0.058593749999427805 0.09983633387725309
0 0.7631835937425471 0.3109656301094768 0.03222656249968529 0.05237315875528031
0 0.7612304687425662 0.2757774140707729 0.024414062499761583 0.04418985269976776
0 0.7841796874923421 0.29050736497069546 0.01757812499982834 0.04418985269976776
0 0.8549804687416507 0.3739770867369234 0.04394531249957085 0.07692307692181795
0 0.9599609374906255 0.35188216038703957 0.039062499999618534 0.06546644844410038
0 0.9516601562407065 0.3126022913205793 0.028320312499723437 0.04909983633307529
