0 0.5899999999892727 0.32539682538649534 0.027272727272231404 0.053968253966540695
0 0.6627272727152231 0.5253968253801462 0.034545454544826444 0.06031746031554548
0 0.7836363636221156 0.507936507920383 0.0363636363629752 0.06349206349004788
0 0.8718181818023305 0.5142857142693877 0.04181818181742149 0.08253968253706223
0 0.9763636363458842 0.5285714285546486 0.04363636363557025 0.09206349206056942
0 0.5654545454442644 0.47936507934986144 0.0363636363629752 0.057142857141043085
0 0.4463636363555206 0.5063492063331317 0.03818181818112396 0.06666666666455026
0 0.3763636363567934 0.5301587301418997 0.03999999999927272 0.057142857141043085
0 0.3290909090849256 0.5285714285546486 0.032727272726677685 0.053968253966540695
0 0.28090909090398347 0.4809523809371126 0.030909090908528922 0.0476190476175359
0 0.09909090908910743 0.5063492063331317 0.034545454544826444 0.06031746031554548
