0 0.9500932835798739 0.5126404494364023 0.04850746268645404 0.07724719101096472
0 0.8835121268636112 0.5732092696609087 0.07765858208937113 0.12605337078607426
0 0.7693563432817879 0.6587078651662265 0.07136194029834105 0.14466292134780667
0 0.691581156714805 0.6860955056155685 0.16114738805932569 0.2591292134822362
0 0.6029617537299371 0.5210674157285076 0.051539179104357416 0.08988764044912259
0 0.6595149253715963 0.49912219100948346 0.04804104477600737 0.0754915730334428
0 0.6918143656700284 0.46558988763881465 0.03148320895515046 0.0660112359548244
0 0.7377565298490257 0.472261235953398 0.030083955223810438 0.052668539325657765
0 0.7786847014907213 0.46611657303207127 0.03498134328350051 0.0733848314604165
0 0.8150652985055619 0.47243679775115016 0.03498134328350051 0.06285112359528494
0 0.8582089552218791 0.47033005617812385 0.030783582089480448 0.060744382022258625
0 0.8818796641770479 0.47963483145899005 0.03288246268649048 0.06741573033684195
0 0.9137126865650333 0.4743679775264243 0.025186567164120367 0.04424157303355253
0 0.6132229477597639 0.4533005617961612 0.024020522388003684 0.04985955056162269
0 0.643423507461186 0.45172050561639143 0.029384328358140428 0.04669943820208322
0 0.5992304104463637 0.43047752808837614 0.01795708955219693 0.03511235955043851
0 0.5619169776106299 0.4487359550546042 0.026819029850683723 0.04845505617960515
0 0.5645988805956982 0.42327949438053625 0.02005597014920696 0.04108146067401306
0 0.5096781716406025 0.4222261235940231 0.019822761193983622 0.03827247190997798
0 0.5234374999987793 0.42082162921200555 0.018423507462643603 0.03405898876392536
0 0.5075792910435923 0.4552317415714353 0.025419776119343703 0.051615168539144614
0 0.4898554104466188 0.4683988764028498 0.0501399253730174 0.08567415730306997
0 0.47481343283471356 0.5354634831441873 0.06249999999985424 0.11657303370745586
0 0.3972714552229541 0.4961376404476962 0.0501399253730174 0.08356741573004366
0 0.32999067164102147 0.5740870786496697 0.07882462686548782 0.14255617977478036
0 0.15858208955186898 0.642731741570777 0.10074626865648147 0.18504213483081097
0 0.08523787313412957 0.533356741571161 0.07066231343267103 0.12078651685350848
0 0.014575559701458546 0.4578651685377182 0.025419776119343703 0.07935393258399104
0 0.02133861940293531 0.43100421348163276 0.028218283582023745 0.060744382022258625
0 0.0597014925371742 0.45856741572872695 0.03917910447752057 0.07443820224692965
0 0.07870802238787615 0.40783005617834334 0.03288246268649048 0.05793539325822355
0 0.05666977611927083 0.34533005617856277 0.024720149253673693 0.03405898876392536
0 0.1345615671638653 0.4001053370772468 0.029384328358140428 0.04669943820208322
0 0.1475046641787605 0.39483848314468106 0.02122201492532364 0.040379213483004286
0 0.1496035447757705 0.4682233146050976 0.0501399253730174 0.07759831460646911
0 0.20475746268608966 0.424859550560306 0.026119402985013713 0.04634831460657884
0 0.23612406716362844 0.40993679775136965 0.02122201492532364 0.04108146067401306
0 0.2915111940291709 0.4892907303353607 0.056902985074494164 0.08883426966260943
0 0.296758395521696 0.45435393258267437 0.03847947761185056 0.0660112359548244
0 0.3080690298500278 0.41415028089742223 0.025186567164120367 0.05793539325822355
0 0.3255597014917781 0.4108146067401306 0.023320895522333674 0.037219101123464826
0 0.28066697761128573 0.40783005617834334 0.019822761193983622 0.03897471910098675
0 0.2255130597009666 0.3862359550548236 0.023320895522333674 0.02879213483135958
0 0.3417677238798 0.4027387640435297 0.02122201492532364 0.043539325842543754
0 0.37255130596928043 0.3964185393244508 0.014225746268623541 0.02879213483135958
0 0.3821128731334372 0.4181882022457227 0.02122201492532364 0.04564606741557006
0 0.40298507462592587 0.3990519662907337 0.026119402985013713 0.0424859550560306
0 0.40555037313338255 0.4552317415714353 0.03498134328350051 0.049508426966118305
0 0.43120335820794964 0.4143258426951744 0.026119402985013713 0.04213483146052621
0 0.45837220149146835 0.43574438202094196 0.022621268656663664 0.041432584269517445
0 0.46035447761086673 0.4108146067401306 0.021455223880546978 0.037219101123464826
