0 0.11616847825929119 0.22463768115535077 0.03940217391250812 0.061594202897434884
0 0.18546195651921926 0.2454710144883067 0.044836956521129935 0.06340579710030061
0 0.26494565217031324 0.23007246376394797 0.04347826086897448 0.06884057970889781
0 0.33491847825631904 0.2391304347782766 0.04755434782544084 0.06521739130316635
0 0.1630434782586543 0.35235507245738484 0.051630434781907195 0.08152173912895794
0 0.2588315217356137 0.4809782608608518 0.0774456521728608 0.13224637680919843
0 0.3322010869520081 0.34239130434162335 0.05298913043406265 0.10144927536048098
0 0.5169836956451497 0.3115942028929059 0.04755434782544084 0.07608695652036074
0 0.3987771739076253 0.44927536231070153 0.07472826086854989 0.10869565217194392
0 0.5373641304274814 0.43568840578920853 0.0774456521728608 0.1141304347805411
0 0.6698369565126381 0.40307971013762534 0.07336956521639444 0.1141304347805411
