0 0.04616477272717905 0.7064950980370511 0.08745941558423811 0.15747549019559595
0 0.07234172077907398 0.565410539213954 0.05864448051936152 0.09283088235265677
0 0.03033685064928909 0.5505514705865485 0.060267857142734846 0.08884803921541407
0 0.2082995129865903 0.5626531862727859 0.054586038960928195 0.1044730392153662
0 0.28601866883058846 0.5494791666649832 0.04687499999990488 0.0695465686272379
0 0.28256899350592013 0.7185968137232885 0.09598214285694809 0.1859681372543322
0 0.17735389610353622 0.9105392156834848 0.16801948051913956 0.1789215686269028
0 0.37246347402521823 0.5669424019590473 0.060267857142734846 0.09589460784284345
0 0.41730925324590645 0.5805759803903782 0.04484577922068822 0.07720588235270463
0 0.39529220779140567 0.5045955882337482 0.03287337662330992 0.06433823529392053
0 0.6226663961026326 0.5373774509787458 0.0383522727271949 0.06433823529392053
0 0.7059659090894765 0.5500919117630205 0.0539772727271632 0.09405637254873145
0 0.8038758116866804 0.7639399509780517 0.10004058441538141 0.1878063725484442
0 0.8224431818165129 0.5514705882336045 0.06290584415571651 0.10355392156831018
0 0.9643871753227184 0.6344975490176639 0.07122564935050482 0.13174019607802775
0 0.954342532465596 0.5742953431354954 0.07061688311673982 0.10263480392125418
