0 0.017499999999708332 0.554999999986125 0.03166666666613889 0.064999999998375
0 0.067499999998875 0.5574999999860625 0.038333333332694446 0.054999999998625
0 0.06916666666551388 0.5324999999866875 0.021666666666305553 0.04999999999875
0 0.10833333333152778 0.5312499999867187 0.0299999999995 0.0524999999986875
0 0.15833333333069444 0.5399999999865001 0.03333333333277778 0.044999999998875
0 0.17499999999708332 0.5237499999869063 0.019999999999666666 0.0324999999991875
0 0.21083333332981943 0.54999999998625 0.04166666666597222 0.064999999998375
0 0.2641666666622639 0.5587499999860313 0.04166666666597222 0.06749999999831251
0 0.26333333332894443 0.50999999998725 0.026666666666222222 0.039999999999
0 0.3016666666616389 0.5349999999866251 0.0299999999995 0.044999999998875
0 0.3041666666615972 0.5174999999870625 0.021666666666305553 0.034999999999125
0 0.34166666666097223 0.54999999998625 0.0299999999995 0.04999999999875
0 0.34833333332752775 0.5262499999868437 0.026666666666222222 0.037499999999062505
0 0.3808333333269861 0.5237499999869063 0.024999999999583335 0.037499999999062505
0 0.42249999999295834 0.5837499999854063 0.051666666665805557 0.0724999999981875
0 0.3933333333267778 0.5512499999862188 0.0299999999995 0.047499999998812506
0 0.49999999999166667 0.5762499999855938 0.05666666666572222 0.0924999999976875
0 0.4641666666589305 0.5424999999864375 0.024999999999583335 0.044999999998875
0 0.4774999999920417 0.5212499999869687 0.024999999999583335 0.037499999999062505
0 0.5416666666576389 0.5612499999859688 0.03333333333277778 0.0624999999984375
0 0.5308333333244861 0.5212499999869687 0.02833333333286111 0.0424999999989375
0 0.6183333333230278 0.5762499999855938 0.03999999999933333 0.05749999999856251
0 0.6124999999897917 0.5412499999864688 0.03166666666613889 0.0524999999986875
0 0.6491666666558472 0.414999999989625 0.024999999999583335 0.04999999999875
0 0.6866666666552222 0.6162499999845937 0.04999999999916667 0.0924999999976875
0 0.697499999988375 0.5562499999860938 0.02833333333286111 0.0524999999986875
0 0.6716666666554723 0.5512499999862188 0.026666666666222222 0.0524999999986875
0 0.7333333333211111 0.5774999999855626 0.04333333333261111 0.064999999998375
0 0.7541666666540973 0.5349999999866251 0.03166666666613889 0.04999999999875
0 0.79499999998675 0.6224999999844375 0.059999999999 0.09499999999762501
0 0.7933333333201111 0.5487499999862813 0.03666666666605556 0.047499999998812506
0 0.8666666666522223 0.5912499999852188 0.04666666666588889 0.0724999999981875
0 0.8441666666525972 0.5487499999862813 0.03166666666613889 0.0524999999986875
0 0.9016666666516389 0.5524999999861875 0.0299999999995 0.0599999999985
0 0.9324999999844583 0.5512499999862188 0.03166666666613889 0.0524999999986875
0 0.907499999984875 0.4462499999888438 0.034999999999416664 0.047499999998812506
