0 0.696874999991289 0.40900562851015 0.023749999999703123 0.04127579737258394
0 0.8337499999895781 0.6322701688436722 0.057499999999281244 0.10131332082361513
0 0.7118749999911015 0.6585365853534983 0.05874999999926562 0.08255159474516788
0 0.6112499999923593 0.5984990619024672 0.0449999999994375 0.07879924952947844
0 0.5018749999937265 0.5956848029907 0.06624999999917187 0.11819887429421765
0 0.43999999999449996 0.5581613508338056 0.04249999999946875 0.06566604127456536
0 0.40124999999498434 0.5900562851671659 0.049999999999374996 0.08818011256870206
0 0.3856249999951797 0.5375234521475136 0.031249999999609375 0.06191369605887591
0 0.33124999999585936 0.5544090056181161 0.054999999999312495 0.0769230769216337
0 0.3393749999957578 0.5196998123729887 0.033749999999578124 0.05253283301965229
0 0.27124999999660937 0.5553470919220385 0.049999999999374996 0.07879924952947844
0 0.20749999999740623 0.5741088180004857 0.04249999999946875 0.05253283301965229
0 0.1937499999975781 0.530956848020057 0.03249999999959375 0.06003752345103119
0 0.14624999999817187 0.6022514071181566 0.09249999999884374 0.13508442776482016
0 0.06687499999916406 0.5947467166867777 0.07124999999910937 0.11632270168637293
0 0.025624999999679685 0.5684803001769515 0.04874999999939062 0.07879924952947844
