0 0.1887499999984271 0.5462499999931718 0.12416666666563196 0.22499999999718748
0 0.09291666666589236 0.41687499999478905 0.08083333333265973 0.14374999999820312
0 0.0754166666660382 0.3243749999959453 0.07083333333274307 0.09374999999882812
0 0.20124999999832294 0.349999999995625 0.05749999999952084 0.0849999999989375
0 0.23249999999806253 0.2993749999962578 0.04166666666631945 0.05874999999926562
0 0.30624999999744795 0.3237499999959531 0.05083333333290973 0.0749999999990625
0 0.3029166666641424 0.40499999999493747 0.06916666666609028 0.1249999999984375
0 0.41874999999651047 0.38187499999522656 0.05416666666621528 0.10374999999870312
0 0.4774999999960209 0.45687499999428904 0.09499999999920834 0.1787499999977656
0 0.41249999999656256 0.2731249999965859 0.03166666666640278 0.07124999999910937
0 0.44666666666294447 0.2849999999964375 0.03166666666640278 0.057499999999281244
0 0.48791666666260075 0.3256249999959297 0.037499999999687506 0.06374999999920312
0 0.5174999999956875 0.28749999999640624 0.03166666666640278 0.054999999999312495
0 0.5554166666620383 0.31437499999607027 0.03416666666638195 0.06874999999914062
0 0.6374999999946875 0.42624999999467184 0.08166666666598611 0.13749999999828125
0 0.6216666666614862 0.33687499999578907 0.03999999999966667 0.07124999999910937
0 0.6299999999947501 0.29749999999628124 0.03166666666640278 0.049999999999374996
0 0.6874999999942709 0.3349999999958125 0.03999999999966667 0.069999999999125
0 0.7554166666603715 0.3206249999959922 0.03083333333307639 0.06624999999917187
0 0.7987499999933438 0.32812499999589845 0.037499999999687506 0.06374999999920312
0 0.8387499999930105 0.3874999999951562 0.05749999999952084 0.09499999999881249
0 0.9008333333258265 0.38499999999518747 0.05833333333284723 0.10749999999865624
