0 0.04693877550924615 0.5068119890870079 0.04897959183573511 0.06539509536606553
0 0.12040816326284882 0.5081743869071342 0.044897959182757186 0.0626702997258128
0 0.18061224489427322 0.5572207084316834 0.07551020408009163 0.10626702996985649
0 0.2877551020349438 0.5381471389499143 0.06530612244764682 0.10081743868935103
0 0.3816326530534361 0.5626702997121888 0.06122448979466889 0.07901907356732918
0 0.36326530611503544 0.5354223433096615 0.04081632652977926 0.05722070844530734
0 0.47142857141895045 0.5204359672882716 0.044897959182757186 0.070844686646571
0 0.5377551020298418 0.44550408718132145 0.042857142856268224 0.07356948228682372
0 0.527551020397397 0.5694822888128207 0.059183673468179925 0.09264305176859283
0 0.43775510203188256 0.7874659400330392 0.15714285713965015 0.22888283378122937
0 0.6408163265175344 0.5953678473952216 0.0775510204065806 0.11171662125036196
0 0.5989795918245107 0.5122615803675133 0.059183673468179925 0.08719346048808738
0 0.6969387754959808 0.5517711171511779 0.06734693877413578 0.10626702996985649
0 0.9122448979405665 0.8501362397588519 0.17551020407805082 0.2779291553057785
0 0.8551020407988755 0.5722070844530734 0.0775510204065806 0.10899182561010923
