0 0.2747456059179025 0.6314685314596997 0.07400555041559663 0.11048951048796517
0 0.2058279370933781 0.5433566433490439 0.03792784458799327 0.06293706293618269
0 0.11979648473524704 0.5671328671249352 0.039777983348383186 0.06573426573334637
0 0.06382978723345209 0.5062937062866252 0.031452358926628565 0.04755244755178248
0 0.02543940795536134 0.48881118880435226 0.02867715078604369 0.05734265734185534
0 0.06012950971267226 0.47412587411924295 0.037002775207798315 0.04195804195745513
0 0.06567992599384201 0.448251748245479 0.020351526364289073 0.02937062937021859
0 0.09574468085017813 0.4818181818114431 0.023126734504873944 0.03496503496454594
0 0.11147086031349242 0.47342657341995203 0.015726179463314283 0.026573426573054917
0 0.10915818686300502 0.44335664335044256 0.016651248843509242 0.027972027971636754
0 0.1424606845500235 0.4804195804128612 0.02590194264545882 0.04055944055887329
0 0.14107308047973108 0.4524475524412245 0.015726179463314283 0.026573426573054917
0 0.14939870490148568 0.39580419579866005 0.019426456984094113 0.027972027971636754
0 0.17067530064596972 0.4979020978951342 0.02497687326526386 0.044755244754618805
0 0.1859389454191865 0.47902097901427937 0.018501387603899157 0.03496503496454594
0 0.20952821461415794 0.4720279720213702 0.015726179463314283 0.03496503496454594
0 0.24236817761107896 0.4944055943986796 0.02590194264545882 0.04895104895036432
0 0.25300647548332095 0.4797202797135703 0.02497687326526386 0.036363636363127776
0 0.2506938020328336 0.44335664335044256 0.016651248843509242 0.027972027971636754
0 0.295559666972289 0.4804195804128612 0.03052728954643361 0.046153846153200645
0 0.2983348751128739 0.4545454545390972 0.017576318223704198 0.025174825174473076
0 0.28630897317033943 0.43286713286107875 0.015726179463314283 0.02377622377589124
0 0.3191489361672604 0.4454545454483153 0.016651248843509242 0.026573426573054917
0 0.3242368177583327 0.43636363635753334 0.013876040702924367 0.01958041958014573
0 0.3459759481929142 0.448251748245479 0.016651248843509242 0.02937062937021859
0 0.3723404255284705 0.5055944055873343 0.03422756706721344 0.04895104895036432
0 0.40194264569470917 0.5132867132795345 0.045328399629552936 0.07272727272625555
0 0.4167437557778285 0.602797202788772 0.06938020351462183 0.12307692307520171
0 0.4602220166469915 0.5020979020908797 0.036077705827603355 0.05874125874043718
0 0.4222941720589982 0.4629370629305883 0.023126734504873944 0.03916083916029146
0 0.40194264569470917 0.4545454545390972 0.019426456984094113 0.030769230768800428
0 0.39315448658285707 0.4272727272667514 0.016651248843509242 0.02937062937021859
0 0.3811285846403226 0.43706293705682425 0.016651248843509242 0.03216783216738227
0 0.36586493986710583 0.4503496503433517 0.02127659574448403 0.030769230768800428
0 0.36540240517700834 0.43636363635753334 0.016651248843509242 0.027972027971636754
0 0.43432007400153266 0.4349650349589515 0.012025901942534452 0.01678321678298205
0 0.4472710453242621 0.4447552447490244 0.015726179463314283 0.027972027971636754
0 0.47733580018059824 0.46923076922420653 0.022201665124678988 0.03216783216738227
0 0.5240518038804436 0.4643356643291701 0.026827012025653775 0.04755244755178248
0 0.5185013875992739 0.44335664335044256 0.017576318223704198 0.027972027971636754
0 0.5069380203468369 0.43636363635753334 0.014801110083119325 0.027972027971636754
0 0.5018501387557646 0.39160839160291455 0.013876040702924367 0.025174825174473076
0 0.4625346900974789 0.4356643356582424 0.0074005550415596625 0.018181818181563888
0 0.5578168362575595 0.4853146853078977 0.027752081405848734 0.05034965034894615
0 0.5439407955546351 0.5762237762157171 0.06290471785325713 0.09790209790072864
0 0.5980573542960402 0.568531468523517 0.0527289546711126 0.07972027971916475
0 0.5272895467111259 0.4209790209731331 0.011100832562339494 0.022377622377309402
0 0.5467160036952201 0.4398601398539879 0.011100832562339494 0.026573426573054917
0 0.5656799259892167 0.4496503496440608 0.02127659574448403 0.03216783216738227
0 0.5712303422703865 0.42167832167242403 0.013876040702924367 0.02377622377589124
0 0.592044403324773 0.42797202796604233 0.01295097132272941 0.022377622377309402
0 0.6059204440276974 0.44055944055327884 0.014801110083119325 0.025174825174473076
0 0.6031452358871124 0.46013986013342456 0.018501387603899157 0.030769230768800428
0 0.5975948196059427 0.4895104895036432 0.022201665124678988 0.03916083916029146
0 0.6369102682642285 0.4769230769164066 0.023126734504873944 0.03916083916029146
0 0.6322849213632536 0.4447552447490244 0.013876040702924367 0.027972027971636754
0 0.634597594813741 0.42937062936462417 0.011100832562339494 0.01958041958014573
0 0.65679925993842 0.4356643356582424 0.011100832562339494 0.020979020978727565
0 0.669287696571052 0.45664335663697 0.013876040702924367 0.02937062937021859
0 0.6665124884304671 0.4944055943986796 0.03052728954643361 0.046153846153200645
0 0.7155411655807998 0.4349650349589515 0.019426456984094113 0.027972027971636754
0 0.7391304347757713 0.44335664335044256 0.018501387603899157 0.036363636363127776
0 0.7363552266351864 0.4895104895036432 0.02590194264545882 0.04755244755178248
0 0.724329324692652 0.47342657341995203 0.018501387603899157 0.03216783216738227
0 0.7636447733509377 0.4265734265674605 0.013876040702924367 0.022377622377309402
0 0.7650323774212301 0.4489510489447699 0.01295097132272941 0.027972027971636754
0 0.7765957446736671 0.4573426573362609 0.017576318223704198 0.036363636363127776
0 0.8071230342201007 0.4496503496440608 0.019426456984094113 0.037762237761709616
0 0.8196114708527327 0.4202797202738422 0.016651248843509242 0.02377622377589124
0 0.811285846430978 0.4083916083858966 0.01295097132272941 0.022377622377309402
0 0.8316373727952671 0.4111888111830603 0.011100832562339494 0.01958041958014573
0 0.8339500462457544 0.439160839154697 0.015726179463314283 0.030769230768800428
0 0.8307123034150721 0.4720279720213702 0.027752081405848734 0.043356643356036964
0 0.8469010175684839 0.5195804195731527 0.039777983348383186 0.06293706293618269
0 0.8598519888912133 0.46643356642704287 0.02497687326526386 0.043356643356036964
0 0.8649398704822856 0.43636363635753334 0.018501387603899157 0.030769230768800428
0 0.8566142460605309 0.40629370628802386 0.014801110083119325 0.026573426573054917
0 0.8797409805654048 0.43286713286107875 0.014801110083119325 0.03216783216738227
0 0.8987049028594015 0.4545454545390972 0.019426456984094113 0.030769230768800428
0 0.9028677150702789 0.4300699300639151 0.016651248843509242 0.03496503496454594
0 0.9209065679840805 0.4496503496440608 0.015726179463314283 0.037762237761709616
0 0.9306197964761276 0.4853146853078977 0.033302497687018484 0.05314685314610983
0 0.9070305272811562 0.5118881118809526 0.036077705827603355 0.06433566433476454
0 0.9375578168275898 0.44685314684689714 0.019426456984094113 0.03496503496454594
0 0.9592969472621713 0.4454545454483153 0.016651248843509242 0.02937062937021859
0 0.9814986123868502 0.43706293705682425 0.018501387603899157 0.03496503496454594
0 0.9888991674284099 0.4797202797135703 0.022201665124678988 0.05034965034894615
