0 0.14916666666542364 0.2727856225895663 0.07833333333268057 0.10654685494086588
0 0.2791666666643403 0.21373555840547193 0.03833333333301389 0.07060333761141716
0 0.29874999999751045 0.2721437740658261 0.05083333333290973 0.08985879332362183
0 0.38999999999675006 0.3048780487765741 0.07499999999937501 0.1091142490358265
0 0.503333333329139 0.08023106546751949 0.04166666666631945 0.07830551989629903
0 0.48708333332927434 0.40949935814621946 0.11249999999906252 0.20795892169181052
0 0.6433333333279723 0.3151476251564166 0.07999999999933334 0.13222079589047211
0 0.8437499999929688 0.2432605904975191 0.04749999999960417 0.09114249037110214
0 0.9349999999922084 0.28754813863558987 0.07499999999937501 0.13093709884299182
0 0.897499999992521 0.42490372271598326 0.11166666666573612 0.18998716302708615
0 0.6608333333278265 0.8427471116708247 0.22333333333147223 0.3145057766326764
