0 0.05137844611400054 0.6399999999786667 0.09774436089980591 0.16666666666111113
0 0.07518796992292762 0.8533333333048889 0.1403508771894649 0.29333333332355555
0 0.2593984962341003 0.673333333310889 0.1177944862125866 0.13999999999533333
0 0.2756892230507346 0.5616666666479445 0.07017543859473245 0.10999999999633334
0 0.15288220550995282 0.5216666666492777 0.0601503759383421 0.07666666666411111
0 0.0802005012511228 0.5483333333150556 0.0802005012511228 0.1033333333298889
0 0.19799498746370942 0.4766666666507778 0.04511278195375657 0.059999999998
0 0.26566416039434426 0.45333333331822223 0.050125313281951744 0.06666666666444444
0 0.2844611528750762 0.4766666666507778 0.04260651628965899 0.046666666665111114
0 0.3270676691647352 0.4583333333180556 0.032581453633268635 0.05666666666477778
0 0.3383458646531743 0.5466666666484444 0.050125313281951744 0.07333333333088889
0 0.38972431076717484 0.5383333333153889 0.052631578946049334 0.09666666666344445
0 0.4235588972324923 0.5299999999823334 0.04511278195375657 0.07333333333088889
0 0.3872180451030773 0.4833333333172222 0.04260651628965899 0.059999999998
0 0.4385964912170778 0.48666666665044445 0.035087719297366225 0.059999999998
0 0.4786967418426392 0.5133333333162222 0.0401002506255614 0.059999999998
0 0.565162907254006 0.39666666665344447 0.05764411027424451 0.10666666666311111
0 0.7180451127639588 0.46833333331772226 0.03759398496146381 0.05666666666477778
0 0.7368421052446907 0.4933333333168889 0.035087719297366225 0.05333333333155556
0 0.7543859648933738 0.5866666666471111 0.07017543859473245 0.1333333333288889
0 0.765664160381813 0.5083333333163889 0.032581453633268635 0.04333333333188889
0 0.7857142856945937 0.4783333333173889 0.03759398496146381 0.05666666666477778
0 0.844611528800887 0.5199999999826667 0.04511278195375657 0.06666666666444444
0 0.8659147869457164 0.569999999981 0.05764411027424451 0.07999999999733334
0 0.9448621553647905 0.6083333333130556 0.08521303257931798 0.12999999999566667
0 0.8897243107546435 0.5033333333165556 0.035087719297366225 0.059999999998
0 0.9360902255404489 0.5133333333162222 0.03759398496146381 0.059999999998
0 0.9786967418301079 0.5066666666497778 0.04260651628965899 0.07999999999733334
0 0.9448621553647905 0.7516666666416112 0.10526315789209867 0.1633333333278889
