0 0.09424603174509676 0.3253968253910865 0.1309523809510818 0.2663139329759028
0 0.13343253968121593 0.14902998236068732 0.12400793650670626 0.22045855378799897
0 0.2911706349177463 0.1507936507909913 0.08234126984045295 0.16402116401827124
0 0.33234126983797274 0.2813051146334867 0.10714285714179421 0.20282186948495906
0 0.2916666666637731 0.4744268077517738 0.17857142856965702 0.3421516754789744
0 0.487599206344369 0.2548500881789268 0.12599206349081354 0.2522045855334708
0 0.7073412698342525 0.31040564373350255 0.14880952380804752 0.2751322751274227
0 0.7013888888819306 0.18783068782737514 0.0853174603166139 0.15696649029705528
0 0.6775793650726429 0.07054673721215968 0.0932539682530431 0.13756613756371136
0 0.8541666666581927 0.14638447971523133 0.1349206349192964 0.2328042328001269
0 0.8725198412611852 0.49823633156087765 0.19345238095046177 0.3686067019335343
