0 0.04477611940237753 0.3874999999878906 0.03799185888686578 0.08749999999726561
0 0.15128900949591195 0.35624999998886714 0.036635006783763434 0.08749999999726561
0 0.22523744911499 0.3484374999891113 0.03527815468066108 0.09062499999716796
0 0.2727272727235722 0.3406249999893554 0.046132971505479875 0.08124999999746094
0 0.5142469470757904 0.36093749998872066 0.05427408412409397 0.15312499999521484
0 0.6675712347263558 0.3359374999895019 0.04884667571168458 0.13437499999580077
0 0.7476255088093945 0.30156249999057616 0.03527815468066108 0.07812499999755859
0 0.7686567164074809 0.40624999998730466 0.06105834463960572 0.16249999999492187
0 0.8113975576552049 0.49374999998457025 0.08412483039234565 0.21874999999316405
0 0.858208955212236 0.3234374999898926 0.031207598371354034 0.09687499999697265
0 0.8955223880475506 0.36249999998867183 0.046132971505479875 0.11874999999628905
0 0.955902306635605 0.3468749999891601 0.04748982360858223 0.11249999999648437
