0 0.06599999999868 0.4444444444310977 0.03599999999928 0.060060060058256454
0 0.10099999999798 0.4279279279150772 0.04199999999916 0.06906906906699492
0 0.12799999999744 0.3993993993874054 0.051999999998959996 0.08408408408155903
0 0.16399999999672 0.4399399399267285 0.051999999998959996 0.08108108107864621
0 0.20599999999587998 0.4414414414281849 0.0599999999988 0.10210210209903596
0 0.17199999999656 0.35285285284225665 0.039999999999199995 0.06306306306116927
0 0.1349999999973 0.295795795786913 0.04199999999916 0.05705705705534363
0 0.09299999999814 0.25825825825050275 0.037999999999239996 0.05405405405243081
0 0.08299999999834 0.20720720720098476 0.0299999999994 0.04804804804660516
0 0.0699999999986 0.16216216215729243 0.03199999999936 0.04804804804660516
0 0.04899999999902 0.016516516516020523 0.0299999999994 0.027027027026215403
0 0.01399999999972 0.03603603603495387 0.02399999999952 0.04204204204077951
0 0.12699999999746 0.10810810810486161 0.03399999999932 0.05405405405243081
0 0.16799999999664 0.16516516516020524 0.02799999999944 0.04804804804660516
0 0.1899999999962 0.20570570569952834 0.02799999999944 0.05705705705534363
0 0.21099999999577998 0.26126126125341553 0.03399999999932 0.060060060058256454
0 0.24199999999516 0.2777777777694361 0.03199999999936 0.06306306306116927
0 0.2549999999949 0.3588588588480823 0.03399999999932 0.06906906906699492
0 0.30399999999391997 0.2912912912825438 0.03199999999936 0.04804804804660516
0 0.29699999999406 0.21021021020389757 0.037999999999239996 0.060060060058256454
0 0.23599999999527999 0.1726726726674873 0.03199999999936 0.05105105104951798
0 0.20799999999583998 0.027027027026215403 0.02799999999944 0.04204204204077951
0 0.31699999999365996 0.16516516516020524 0.03399999999932 0.04804804804660516
0 0.35599999999288 0.23123123122428732 0.09199999999816 0.16216216215729243
0 0.39299999999213997 0.16216216215729243 0.037999999999239996 0.07207207206990773
0 0.44199999999115996 0.13663663663253342 0.03199999999936 0.05705705705534363
0 0.47099999999057995 0.23273273272574374 0.03399999999932 0.05705705705534363
0 0.43699999999126 0.31231231230293355 0.03399999999932 0.0660660660640821
0 0.46699999999066 0.3558558558451695 0.04199999999916 0.08108108107864621
0 0.51699999998966 0.40540540539323106 0.049999999999 0.09609609609321032
0 0.5489999999890199 0.4264264264136208 0.04599999999908 0.09009009008738468
0 0.7459999999850799 0.7402402402180107 0.08399999999832 0.15315315314855396
0 0.79399999998412 0.642642642623344 0.1199999999976 0.21621621620972323
0 0.9099999999817999 0.6951951951743184 0.14799999999704 0.2132132132068104
0 0.62599999998748 0.5225225225068311 0.06399999999872 0.10810810810486161
0 0.61099999998778 0.46246246244857464 0.053999999998919995 0.09009009008738468
0 0.58899999998822 0.4294294294165336 0.053999999998919995 0.09009009008738468
0 0.57299999998854 0.3588588588480823 0.037999999999239996 0.06906906906699492
0 0.52599999998948 0.3048048047956515 0.03599999999928 0.05705705705534363
0 0.47899999999042 0.20420420419807192 0.025999999999479998 0.04204204204077951
0 0.47399999999052 0.18318318317768217 0.03199999999936 0.04204204204077951
0 0.47899999999042 0.03153153153058463 0.0299999999994 0.04504504504369234
0 0.52599999998948 0.052552552550974393 0.03199999999936 0.04504504504369234
0 0.56099999998878 0.04354354354223593 0.0299999999994 0.05105105104951798
0 0.549999999989 0.11561561561214366 0.02399999999952 0.04504504504369234
0 0.55399999998892 0.1576576576529232 0.02799999999944 0.05105105104951798
0 0.55699999998886 0.21021021020389757 0.0299999999994 0.05405405405243081
0 0.57299999998854 0.2567567567490463 0.037999999999239996 0.06906906906699492
0 0.6139999999877199 0.3078078077985643 0.03199999999936 0.06306306306116927
0 0.6409999999871799 0.3858858858742977 0.04599999999908 0.07507507507282056
0 0.6209999999875799 0.36486486485390796 0.037999999999239996 0.06306306306116927
0 0.68399999998632 0.3753753753641028 0.039999999999199995 0.07207207206990773
0 0.72799999998544 0.40840840839614384 0.051999999998959996 0.08408408408155903
0 0.70899999998582 0.43243243241944646 0.037999999999239996 0.060060060058256454
0 0.70799999998584 0.31231231230293355 0.03599999999928 0.05405405405243081
0 0.66799999998664 0.24774774774030786 0.03199999999936 0.05705705705534363
0 0.65099999998698 0.20570570569952834 0.025999999999479998 0.04504504504369234
0 0.64399999998712 0.16216216215729243 0.03199999999936 0.05405405405243081
0 0.60699999998786 0.15315315314855396 0.0299999999994 0.05405405405243081
0 0.66299999998674 0.05405405405243081 0.025999999999479998 0.04204204204077951
0 0.68299999998634 0.14264264263835907 0.025999999999479998 0.05105105104951798
0 0.7299999999854 0.16216216215729243 0.03599999999928 0.060060060058256454
0 0.74399999998512 0.12762762762379495 0.03599999999928 0.05105105104951798
0 0.7519999999849599 0.03153153153058463 0.02399999999952 0.039039039037866693
0 0.7729999999845399 0.02252252252184617 0.025999999999479998 0.039039039037866693
0 0.75399999998492 0.20270270269661553 0.03199999999936 0.05705705705534363
0 0.7459999999850799 0.2642642642563284 0.03599999999928 0.0660660660640821
0 0.76699999998466 0.35435435434371304 0.037999999999239996 0.0660660660640821
0 0.79599999998408 0.3198198198102156 0.03599999999928 0.07507507507282056
0 0.78699999998426 0.42192192190925154 0.049999999999 0.09909909909612315
0 0.8179999999836399 0.4444444444310977 0.04399999999912 0.08408408408155903
0 0.80299999998394 0.5240240240082875 0.07799999999844 0.10510510510194879
0 0.8699999999825999 0.48648648647187726 0.06799999999864 0.14414414413981547
0 0.9249999999815 0.515015014999549 0.08599999999828 0.14114114113690265
0 0.93399999998132 0.39339339338157975 0.051999999998959996 0.07207207206990773
0 0.9649999999807 0.35435435434371304 0.04599999999908 0.07807807807573339
0 0.9159999999816799 0.3048048047956515 0.03199999999936 0.06906906906699492
0 0.9239999999815199 0.2507507507432207 0.03599999999928 0.06906906906699492
0 0.9099999999817999 0.18018018017476936 0.04399999999912 0.07207207206990773
0 0.95799999998084 0.2147147147082668 0.03199999999936 0.05705705705534363
0 0.9829999999803399 0.186186186180595 0.025999999999479998 0.04804804804660516
0 0.9629999999807399 0.1336336336296206 0.025999999999479998 0.05105105104951798
0 0.95099999998098 0.05105105104951798 0.02199999999956 0.04804804804660516
0 0.8769999999824599 0.3438438438335182 0.04599999999908 0.06906906906699492
0 0.8639999999827199 0.40690690689468745 0.05599999999888 0.06906906906699492
0 0.85299999998294 0.36636636635536435 0.037999999999239996 0.05405405405243081
0 0.82299999998354 0.27177177176361045 0.037999999999239996 0.06906906906699492
0 0.83599999998328 0.20270270269661553 0.03599999999928 0.06306306306116927
0 0.82799999998344 0.16366366365874882 0.03599999999928 0.05705705705534363
