0 0.13439065108289833 0.5137499999935781 0.1318864774602356 0.1249999999984375
0 0.05926544240301727 0.5906249999926172 0.10517529215183347 0.1937499999975781
0 0.6544240400558526 0.5312499999933593 0.11352253756070914 0.0849999999989375
0 0.6694490817918288 0.4343749999945703 0.0534223706168043 0.04124999999948437
0 0.5717863105079836 0.39624999999504684 0.045075125207928626 0.03749999999953125
0 0.5884808013257349 0.4493749999943828 0.0484140233714789 0.04124999999948437
0 0.5208681135138419 0.4324999999945937 0.0634390651074551 0.054999999999312495
0 0.4557595993246117 0.4243749999946953 0.05008347245325403 0.04124999999948437
0 0.47078464106058787 0.3656249999954297 0.04674457428970376 0.04124999999948437
0 0.3180300500781631 0.44187499999447655 0.06844741235278051 0.05374999999932812
0 0.298831385637749 0.4043749999949453 0.04674457428970376 0.03874999999951562
0 0.12186978296958481 0.4006249999949922 0.0534223706168043 0.03874999999951562
0 0.08013355592520645 0.4037499999949531 0.06677796327100538 0.049999999999374996
0 0.9098497495674482 0.46562499999417967 0.08013355592520645 0.05374999999932812
0 0.944908180284726 0.42999999999462496 0.06677796327100538 0.052499999999343745
0 0.8656093489004072 0.4374999999945312 0.06510851418923023 0.049999999999374996
0 0.9741235392157909 0.4887499999938906 0.05175292153502917 0.07249999999909375
