0 0.07666666666581481 0.6749116607654609 0.0644444444437284 0.10247349823140506
0 0.18555555555349385 0.5980565370919071 0.04888888888834568 0.0830388692564834
0 0.23555555555293828 0.5980565370919071 0.06888888888812346 0.13604240282445154
0 0.25333333333051855 0.4381625441618699 0.04222222222175309 0.08480565370874901
0 0.32111111110754326 0.40194346289042504 0.04222222222175309 0.07597173144742099
0 0.3694444444403395 0.6007067137703055 0.06555555555482717 0.10600706713593627
0 0.5138888888831791 0.9072438162383879 0.1255555555541605 0.18551236748788846
0 0.6594444444371174 0.7526501766651476 0.1033333333321852 0.17667844522656045
0 0.5288888888830123 0.5962897526396416 0.05777777777713581 0.10070671377913945
0 0.5894444444378951 0.5485865724284702 0.041111111110654325 0.0795053003519522
0 0.625555555548605 0.5600706713681967 0.0355555555551605 0.07067137809062418
0 0.7088888888810124 0.5671378091772591 0.03777777777735803 0.06360424028156177
0 0.7555555555471606 0.41961130741308106 0.026666666666370374 0.05123674911570253
0 0.8038888888799568 0.39929328621202664 0.041111111110654325 0.06007067137703055
0 0.9205555555453272 0.4090106006994874 0.03888888888845679 0.06890459363835857
0 0.907222222212142 0.6130742049361647 0.04777777777724692 0.0777385158996866
0 0.8872222222123642 0.5627208480465951 0.041111111110654325 0.06537102473382736
0 0.8183333333242409 0.5998233215441727 0.04777777777724692 0.08657243816101462
0 0.7516666666583148 0.7120141342630386 0.06777777777702469 0.11307420494499869
