0 0.04899999999902 0.49333333332017776 0.053999999998919995 0.07999999999786667
0 0.12299999999754 0.49199999998688 0.037999999999239996 0.05599999999850667
0 0.15999999999679998 0.4719999999874133 0.03199999999936 0.04799999999872
0 0.02199999999956 0.5799999999845333 0.039999999999199995 0.10399999999722666
0 0.31699999999365996 0.6119999999836799 0.07399999999852 0.1253333333299911
0 0.33199999999336 0.5306666666525155 0.04399999999912 0.07466666666467556
0 0.40399999999192 0.5146666666529423 0.04799999999904 0.08533333333105778
0 0.44499999999109996 0.4959999999867733 0.037999999999239996 0.08533333333105778
0 0.52799999998944 0.5746666666513423 0.06799999999864 0.09333333333084444
0 0.35199999999296 0.7813333333124978 0.1399999999972 0.21333333332764443
0 0.5399999999892 0.8773333333099378 0.20799999999583998 0.22933333332721778
0 0.63799999998724 0.5853333333177244 0.08799999999824 0.1199999999968
0 0.80899999998382 0.6733333333153778 0.11399999999772 0.17866666666190223
0 0.7389999999852199 0.39999999998933333 0.04599999999908 0.06933333333148445
