0 0.12199999999755999 0.3963963963844926 0.05599999999888 0.09009009008738468
0 0.22699999999546 0.3438438438335182 0.04599999999908 0.08708708708447185
0 0.27799999999444 0.3483483483378874 0.039999999999199995 0.07207207206990773
0 0.24799999999504 0.3153153153058464 0.02799999999944 0.060060060058256454
0 0.16899999999662 0.3303303303204105 0.025999999999479998 0.04204204204077951
0 0.13099999999738 0.3453453453349746 0.03399999999932 0.05405405405243081
0 0.1149999999977 0.32582582581604125 0.0299999999994 0.05705705705534363
0 0.04299999999914 0.3618618618509951 0.04199999999916 0.06906906906699492
0 0.06799999999864 0.3363363363262361 0.02799999999944 0.060060060058256454
0 0.012999999999739999 0.3423423423320618 0.02199999999956 0.0660660660640821
0 0.2899999999942 0.3078078077985643 0.02399999999952 0.04504504504369234
0 0.31299999999374 0.3318318318218669 0.0299999999994 0.05705705705534363
0 0.32699999999345997 0.31381381380438994 0.02199999999956 0.04504504504369234
0 0.36899999999262 0.3558558558451695 0.053999999998919995 0.09909909909612315
0 0.42099999999158 0.31081081080147716 0.025999999999479998 0.05705705705534363
0 0.39299999999213997 0.35285285284225665 0.0299999999994 0.07507507507282056
0 0.44899999999101997 0.35135135134080026 0.037999999999239996 0.09009009008738468
0 0.50399999998992 0.36486486485390796 0.04799999999904 0.08108108107864621
0 0.53099999998938 0.42042042040779515 0.06599999999868 0.10810810810486161
0 0.57399999998852 0.3588588588480823 0.04399999999912 0.07507507507282056
0 0.5299999999894 0.33933933932914895 0.02799999999944 0.05405405405243081
0 0.54099999998918 0.31381381380438994 0.03399999999932 0.05105105104951798
0 0.59099999998818 0.31231231230293355 0.0299999999994 0.04804804804660516
0 0.6209999999875799 0.3228228228131284 0.037999999999239996 0.06306306306116927
0 0.65599999998688 0.3198198198102156 0.03199999999936 0.06306306306116927
0 0.6799999999863999 0.321321321311672 0.039999999999199995 0.07207207206990773
0 0.7259999999854799 0.31231231230293355 0.03599999999928 0.0660660660640821
0 0.76899999998462 0.3183183183087592 0.025999999999479998 0.04804804804660516
0 0.79299999998414 0.24774774774030786 0.053999999998919995 0.08108108107864621
0 0.86099999998278 0.321321321311672 0.037999999999239996 0.07207207206990773
0 0.8949999999821 0.3303303303204105 0.03399999999932 0.07807807807573339
0 0.94099999998118 0.3198198198102156 0.037999999999239996 0.08108108107864621
