0 0.06299999999874 0.7953846153601419 0.0699999999986 0.11384615384265089
0 0.20899999999582 0.7938461538217277 0.053999999998919995 0.09230769230485207
0 0.2449999999951 0.7907692307448994 0.04199999999916 0.07999999999753846
0 0.33299999999334 0.7769230768991715 0.049999999999 0.08923076922802367
0 0.40099999999198 0.7584615384382012 0.04599999999908 0.06461538461339644
0 0.45299999999094 0.7538461538229585 0.04599999999908 0.06153846153656804
0 0.50799999998984 0.7384615384388166 0.02799999999944 0.05538461538291124
0 0.5219999999895599 0.7492307692077159 0.039999999999199995 0.052307692306082836
0 0.5299999999894 0.6584615384412781 0.02799999999944 0.05538461538291124
0 0.58399999998832 0.7276923076699171 0.03199999999936 0.052307692306082836
0 0.6549999999869 0.7323076922851597 0.037999999999239996 0.06153846153656804
0 0.6929999999861399 0.7476923076693017 0.04199999999916 0.07384615384388166
0 0.6799999999863999 0.8907692307418225 0.10799999999783999 0.18769230768653253
0 0.84099999998318 0.7599999999766154 0.049999999999 0.09230769230485207
0 0.7699999999846 0.7676923076686863 0.04799999999904 0.07076923076705326
0 0.9159999999816799 0.7599999999766154 0.051999999998959996 0.09230769230485207
0 0.9599999999808 0.779999999976 0.06799999999864 0.10769230768899407
