0 0.05182926829215621 0.42208672086148935 0.056910569105112704 0.06910569105597418
0 0.038617886178469334 0.37737127370762374 0.036585365853286735 0.05555555555480277
0 0.12195121951095579 0.34891598915516375 0.030487804877738948 0.050135501354334214
0 0.15243902438869472 0.3902439024337366 0.038617886178469334 0.06504065040562276
0 0.1707317073153381 0.3590785907810423 0.038617886178469334 0.0596205962051542
0 0.23424796747729423 0.39295392953397085 0.049796747966973615 0.07046070460609133
0 0.2017276422743727 0.4789972899664093 0.061991869918069195 0.09078590785784843
0 0.21951219511972042 0.3407859078544609 0.024390243902191158 0.04742547425409993
0 0.27642276422483314 0.3421409214045781 0.026422764227373753 0.04742547425409993
0 0.29776422763925037 0.36585365853162805 0.03252032520292154 0.05420054200468563
0 0.33689024389901534 0.466802168015355 0.07418699186916478 0.08807588075761415
0 0.36178861788250216 0.3997289972845565 0.050813008129564914 0.06775067750585705
0 0.38058943089044117 0.37398373983233085 0.029471544715147648 0.05420054200468563
0 0.40091463414226713 0.34688346882998805 0.027439024389965053 0.04607046070398279
0 0.3683943089393456 0.32791327912834806 0.023373983739599858 0.03794037940327994
0 0.328760162598285 0.33130081300364095 0.027439024389965053 0.04471544715386565
0 0.3816056910530325 0.3089430894267081 0.025406504064782457 0.03794037940327994
0 0.43445121950778 0.33536585365399235 0.025406504064782457 0.042005420053631365
0 0.4644308943042233 0.3346883468789338 0.020325203251825963 0.04065040650351422
0 0.47611788617402323 0.3495934959302223 0.025406504064782457 0.04607046070398279
0 0.49085365853159707 0.36788617885680375 0.03252032520292154 0.05284552845456849
0 0.4857723577186406 0.42547425473678224 0.046747967479199716 0.08130081300702845
0 0.5868902438964747 0.38753387533350225 0.043699186991425824 0.06504065040562276
0 0.6087398373921876 0.34281842817963665 0.03455284552810414 0.04878048780421707
0 0.6244918699123527 0.32588075880317235 0.023373983739599858 0.0365853658531628
0 0.5452235772302315 0.3326558265537581 0.027439024389965053 0.04471544715386565
0 0.6742886178793264 0.3421409214045781 0.031504065040330244 0.050135501354334214
0 0.6920731707246741 0.36585365853162805 0.03455284552810414 0.0596205962051542
0 0.744410569098126 0.3502710027052809 0.029471544715147648 0.04471544715386565
0 0.810975609747856 0.32926829267846525 0.026422764227373753 0.05149051490445135
0 0.518292682921562 0.6612466124571648 0.10975609755986021 0.1626016260140569
0 0.6697154471476655 0.510840108394162 0.08130081300730385 0.13008130081124553
0 0.7997967479593517 0.43699186991277794 0.056910569105112704 0.10433604335901984
0 0.8252032520241341 0.4078590785852594 0.048780487804382315 0.0731707317063256
0 0.8475609756011427 0.6951219512100932 0.16869918699015551 0.20325203251757112
0 0.9242886178767857 0.5386178861715635 0.09044715447062554 0.12059620596042553
0 0.9080284552753249 0.36585365853162805 0.047764227641791016 0.07588075880655988
0 0.954268292673229 0.33943089430434376 0.03455284552810414 0.06368563685550561
0 0.9847560975509679 0.43360433603748505 0.028455284552556352 0.08672086720749701
0 0.9842479674696724 0.3780487804826823 0.031504065040330244 0.06233062330538848
0 0.9883130081200375 0.3245257452530552 0.023373983739599858 0.04471544715386565
