0 0.899999999985 0.5523076922906982 0.026666666666222222 0.052307692306082836
0 0.8408333333193194 0.6015384615199526 0.021666666666305553 0.046153846152426035
0 0.8158333333197361 0.581538461520568 0.021666666666305553 0.04307692307559763
0 0.7624999999872917 0.5630769230595976 0.02833333333286111 0.05538461538291124
0 0.8599999999856667 0.5461538461370414 0.019999999999666666 0.046153846152426035
0 0.9316666666511388 0.59692307690471 0.01666666666638889 0.04307692307559763
0 0.6491666666558472 0.5553846153675266 0.01499999999975 0.02769230769145562
0 0.5574999999907083 0.5569230769059408 0.01833333333302778 0.03692307692194083
0 0.5491666666575139 0.5723076922900828 0.01499999999975 0.024615384614627218
0 0.4916666666584722 0.566153846136426 0.013333333333111111 0.024615384614627218
0 0.4699999999921667 0.5830769230589822 0.009999999999833333 0.021538461537798814
0 0.45666666665905553 0.5784615384437396 0.009999999999833333 0.018461538460970414
0 0.4016666666599722 0.566153846136426 0.009999999999833333 0.018461538460970414
0 0.2758333333287361 0.5769230769053254 0.021666666666305553 0.03999999999876923
0 0.43833333332602775 0.566153846136426 0.009999999999833333 0.024615384614627218
0 0.41333333332644445 0.5630769230595976 0.009999999999833333 0.018461538460970414
0 0.029166666666180556 0.573846153828497 0.01499999999975 0.02769230769145562
0 0.07749999999870834 0.59692307690471 0.01499999999975 0.024615384614627218
0 0.09999999999833334 0.5892307692126391 0.013333333333111111 0.02769230769145562
0 0.11583333333140278 0.5769230769053254 0.011666666666472222 0.03384615384511242
0 0.12833333333119445 0.573846153828497 0.013333333333111111 0.02769230769145562
0 0.16833333333052777 0.5799999999821538 0.013333333333111111 0.02769230769145562
