0 0.0172413793099951 0.3202702702616143 0.03042596348822665 0.06216216216048211
0 0.05578093306174886 0.3391891891800219 0.04665314401528087 0.07837837837626005
0 0.04462474644939909 0.4378378378260044 0.08519269776703461 0.1297297297262235
0 0.14401622717760615 0.3662162162063185 0.0608519269764533 0.09459459459203798
0 0.1835699797123008 0.6081081080916727 0.11561866125526127 0.19459459458933528
0 0.2768762677428625 0.44459459458257855 0.06693711967409863 0.11081081080781592
0 0.46247464502104507 0.5418918918772462 0.10141987829408883 0.1432432432393718
0 0.15111561865819237 0.29864864864057705 0.03042596348822665 0.05675675675522279
0 0.20385395537111856 0.30810810809978084 0.04259634888351731 0.05945945945785245
0 0.24645030425463588 0.28918918918137326 0.03042596348822665 0.05945945945785245
0 0.31034482757991183 0.3337837837747626 0.04462474644939909 0.06216216216048211
0 0.3204868154093207 0.29594594593794743 0.040567951317635534 0.05675675675522279
0 0.41987829613752775 0.3675675675576333 0.04868154158116264 0.07567567567363039
0 0.40365111561047357 0.3189189189102995 0.03651115618587198 0.05945945945785245
0 0.49290060850927175 0.3108108108024105 0.040567951317635534 0.054054054052593135
0 0.581135902625129 0.4162162162049671 0.06288032454233508 0.09189189188940833
0 0.553752535485725 0.3662162162063185 0.04462474644939909 0.07837837837626005
0 0.5750507099274836 0.3094594594510957 0.03042596348822665 0.06216216216048211
0 0.5963488843692424 0.3337837837747626 0.03651115618587198 0.05675675675522279
0 0.6896551723998041 0.3391891891800219 0.028397565922344874 0.06216216216048211
0 0.7119675456245036 0.41351351350233745 0.04868154158116264 0.08648648648414901
0 0.7657200811203707 0.3824324324220964 0.04665314401528087 0.06756756756574142
0 0.7342799188492032 0.3256756756668736 0.03245436105410843 0.05135135134996348
0 0.790060851910952 0.3189189189102995 0.03042596348822665 0.04324324324207451
0 0.835699797143292 0.35135135134185536 0.040567951317635534 0.06486486486311176
0 0.8529411764532872 0.3270270270181885 0.0344827586199902 0.04864864864733382
0 0.8752535496779866 0.4918918918785975 0.0872210953329164 0.1297297297262235
0 0.9513184583985532 0.4216216216102264 0.05679513184468975 0.0810810810788897
0 0.9239350912591493 0.34054054053133676 0.0344827586199902 0.04864864864733382
