0 0.1840624999988496 0.7787499999935105 0.1306249999991836 0.20249999999831253
0 0.126562499999209 0.636249999994698 0.08187499999948827 0.11583333333236806
0 0.13156249999917774 0.5416666666621528 0.0706249999995586 0.08833333333259723
0 0.07187499999955078 0.5187499999956772 0.048749999999695315 0.07916666666600695
0 0.06624999999958593 0.48666666666261116 0.04499999999971875 0.05999999999950001
0 0.031562499999802734 0.4899999999959167 0.034374999999785154 0.05833333333284723
0 0.013124999999917968 0.42041666666316324 0.022499999999859376 0.05583333333286806
0 0.11156249999930273 0.4149999999965417 0.033124999999792966 0.049999999999583336
0 0.12249999999923437 0.45916666666284034 0.02874999999982031 0.03999999999966667
0 0.13812499999913672 0.4737499999960521 0.03374999999978906 0.04916666666625695
0 0.16374999999897655 0.4995833333291702 0.04124999999974219 0.06583333333278472
0 0.20781249999870116 0.5274999999956043 0.04437499999972266 0.07333333333272223
0 0.26968749999831443 0.5466666666621112 0.053124999999667966 0.08499999999929167
0 0.319999999998 0.6070833333282744 0.07374999999953906 0.11416666666571529
0 0.24687499999845702 0.4595833333295035 0.037499999999765624 0.05583333333286806
0 0.20687499999870704 0.4537499999962188 0.037499999999765624 0.05749999999952084
0 0.20437499999872266 0.40499999999662506 0.03249999999979687 0.04333333333297223
0 0.30031249999812304 0.47416666666271534 0.034374999999785154 0.05833333333284723
0 0.319999999998 0.4620833333294827 0.02874999999982031 0.05083333333290973
0 0.30374999999810154 0.4387499999963438 0.02499999999984375 0.03583333333303473
0 0.293124999998168 0.40916666666325696 0.03499999999978125 0.053333333332888894
0 0.38781249999757617 0.5049999999957917 0.039374999999753905 0.06999999999941667
0 0.45624999999714844 0.7383333333271807 0.11749999999926562 0.19166666666506946
0 0.5684374999964472 0.5895833333284202 0.06312499999960547 0.11083333333240973
0 0.5818749999963633 0.544166666662132 0.04499999999971875 0.07666666666602778
0 0.4771874999970176 0.4974999999958542 0.04062499999974609 0.07499999999937501
0 0.43093749999730663 0.542083333328816 0.05062499999968359 0.08249999999931251
0 0.4246874999973457 0.4758333333293681 0.033124999999792966 0.05833333333284723
0 0.5112499999968046 0.4487499999962605 0.02874999999982031 0.04583333333295139
0 0.5043749999968477 0.42583333332978474 0.031249999999804687 0.03999999999966667
0 0.5678124999964511 0.4537499999962188 0.030624999999808594 0.04916666666625695
0 0.6018749999962383 0.467083333329441 0.03374999999978906 0.06583333333278472
0 0.6124999999961719 0.4362499999963646 0.026249999999835936 0.04749999999960417
0 0.6518749999959258 0.47666666666269447 0.031249999999804687 0.053333333332888894
0 0.6543749999959102 0.4508333333295764 0.03374999999978906 0.03999999999966667
0 0.6949999999956562 0.47666666666269447 0.036249999999773436 0.06666666666611112
0 0.7243749999954726 0.4449999999962917 0.02874999999982031 0.049999999999583336
0 0.759687499995252 0.5008333333291598 0.04062499999974609 0.07833333333268057
0 0.7190624999955059 0.5699999999952501 0.06312499999960547 0.11166666666573612
0 0.7074999999955781 0.6933333333275556 0.08874999999944531 0.15666666666536114
0 0.8809374999944941 0.6504166666612465 0.10062499999937109 0.1591666666653403
0 0.8556249999946524 0.527083333328941 0.0499999999996875 0.07416666666604861
0 0.8478124999947012 0.4599999999961667 0.039374999999753905 0.06666666666611112
0 0.8174999999948906 0.4624999999961459 0.031249999999804687 0.053333333332888894
0 0.9328124999941699 0.4937499999958855 0.034374999999785154 0.05749999999952084
0 0.9728124999939199 0.5554166666620383 0.054374999999660154 0.09916666666584029
0 0.9759374999939003 0.4887499999959271 0.04812499999969922 0.0758333333327014
