0 0.1206176961592603 0.30016722407524804 0.04090150250383221 0.08193979932973344
0 0.27295492487251294 0.37123745818777193 0.018363939899679767 0.0468227424741334
0 0.3347245408987085 0.3854515050102767 0.018363939899679767 0.04515050167148577
0 0.35851419031420273 0.3469899665493814 0.014190317195207093 0.0317725752503048
0 0.3768781302138825 0.36705685618115286 0.019198664440574303 0.04849498327678102
0 0.40859766276787485 0.3461538461480576 0.014190317195207093 0.03678929765824767
0 0.4440734557558926 0.3478260869507052 0.0166944908178907 0.04347826086883815
0 0.4449081802967871 0.32608695651628616 0.011686143572523488 0.0234113712370667
0 0.4866444073415139 0.32692307691760997 0.013355592654312558 0.04180602006619053
0 0.5095993322161135 0.3528428093586481 0.012520868113418024 0.03010033444765718
0 0.47871452420301575 0.4147157190566101 0.024207011685941512 0.05685618729001912
0 0.5559265442357603 0.37959866220101 0.021702838063257908 0.05016722407942864
0 0.5488313856381567 0.32692307691760997 0.012520868113418024 0.03846153846089529
0 0.5354757929838442 0.31103678929245754 0.014190317195207093 0.04013377926354291
0 0.5797161936512545 0.3168896321017242 0.012520868113418024 0.0317725752503048
0 0.5901502504124362 0.34197324414143854 0.0166944908178907 0.04180602006619053
0 0.593071786305567 0.3821070234049815 0.024207011685941512 0.0551839464873715
0 0.644407345570581 0.33444816052952425 0.02504173622683605 0.05016722407942864
0 0.6552587646022099 0.313545150496429 0.018363939899679767 0.04180602006619053
0 0.6844741235335187 0.3704013377864481 0.030050083472203257 0.06521739130325722
0 0.6869782971562022 0.33193979932555284 0.023372287145046976 0.05852842809266674
0 0.6844741235335187 0.2909698996606861 0.013355592654312558 0.03344481605295242
0 0.7057595993263293 0.2892976588580385 0.012520868113418024 0.03010033444765718
0 0.7370617696098744 0.29431438126598136 0.013355592654312558 0.04013377926354291
0 0.7550083472391068 0.3302675585229052 0.020868113522363372 0.05183946488207626
0 0.769198664434314 0.3118729096937814 0.015859766276996163 0.03846153846089529
0 0.7529215358868705 0.2892976588580385 0.015025041736101629 0.03010033444765718
0 0.7963272120133863 0.30267558527921945 0.0166944908178907 0.04013377926354291
0 0.8201168614288805 0.34113712374011473 0.027545909849519653 0.05016722407942864
0 0.8247078464038005 0.3160535117004004 0.0166944908178907 0.04013377926354291
0 0.86143572620316 0.2834448160487718 0.018363939899679767 0.03846153846089529
0 0.9040066777887813 0.3235785953123147 0.023372287145046976 0.04849498327678102
0 0.9094323873045957 0.2884615384567147 0.019198664440574303 0.04515050167148577
0 0.9073455759523594 0.26170568561435276 0.018363939899679767 0.03511705685560005
0 0.9707846410603441 0.2909698996606861 0.021702838063257908 0.0468227424741334
0 0.9106844741159376 0.3862876254116005 0.0500834724536721 0.08026755852708582
0 0.7583472454026849 0.5384615384525341 0.059265442403511975 0.15050167223828592
0 0.7358096827985325 0.4707357859453054 0.04257095158562128 0.10535117056680014
