0 0.06463414633988697 0.3300781249871063 0.05121951219387269 0.08984374999649047
0 0.14634146341106485 0.31054687498786926 0.04878048780368828 0.0976562499961853
0 0.16951219511781676 0.4589843749820709 0.05121951219387269 0.10546874999588013
0 0.24878048779881023 0.3164062499876404 0.05365853658405711 0.09374999999633789
0 0.2817073170662998 0.4511718749823761 0.056097560974241525 0.10546874999588013
0 0.3524390243816478 0.3203124999874878 0.05121951219387269 0.09374999999633789
0 0.3817073170638608 0.4511718749823761 0.056097560974241525 0.11328124999557494
0 0.44756097559883995 0.30078124998825073 0.04634146341350387 0.09374999999633789
0 0.49878048779271267 0.464843749981842 0.04634146341350387 0.09374999999633789
0 0.5329268292552944 0.2851562499888611 0.04634146341350387 0.10156249999603272
0 0.62439024388721 0.2871093749887848 0.04390243902331945 0.08203124999679565
0 0.5963414634000892 0.46679687498176575 0.05121951219387269 0.08984374999649047
0 0.7036585365682034 0.33593749998687744 0.04634146341350387 0.08593749999664306
0 0.7048780487632956 0.4550781249822235 0.05365853658405711 0.0976562499961853
0 0.7573170731522606 0.3027343749881744 0.04634146341350387 0.08984374999649047
0 0.795121951200119 0.4589843749820709 0.05365853658405711 0.0976562499961853
0 0.848780487784176 0.3574218749860382 0.04390243902331945 0.08984374999649047
0 0.907317073148602 0.44921874998245237 0.04878048780368828 0.10156249999603272
0 0.9182926829044319 0.34179687498664857 0.04634146341350387 0.0976562499961853
