0 0.19087136929064583 0.5919003115080405 0.19502074688392074 0.3239875389307169
0 0.079875518670542 0.5077881619779505 0.11410788381506001 0.16199376946535846
0 0.3112033194956182 0.509345794376656 0.0414937759327491 0.071651090340447
0 0.2645228215712755 0.5218068535662989 0.03112033194956182 0.07788161993526849
0 0.017634854771418365 0.4875389407947807 0.03112033194956182 0.08411214953008997
0 0.4087136929375786 0.5155763239714773 0.07883817427222328 0.12772585669384032
0 0.4968879667946704 0.5249221183637096 0.047717842322661456 0.09034267912491144
0 0.5394190871257382 0.5202492211675935 0.033195020746199275 0.06230529594821479
0 0.5497925311089255 0.4984423675857183 0.024896265559649456 0.05607476635339331
0 0.46058091285351493 0.5124610591740666 0.024896265559649456 0.05295950155598257
0 0.6680497925172604 0.5327102803572364 0.09958506223859782 0.15576323987053697
0 0.7396265560012526 0.5218068535662989 0.03526970954283673 0.071651090340447
0 0.7748962655440893 0.5280373831611204 0.047717842322661456 0.07788161993526849
0 0.8703319501894122 0.5280373831611204 0.03112033194956182 0.06542056074562552
0 0.9180497925120736 0.5311526479585311 0.07676348547558583 0.1339563862886618
0 0.9792531120128786 0.5420560747494687 0.0414937759327491 0.0872274143275007
0 0.8464730290280815 0.514018691572772 0.029045643152924364 0.04984423675857183
