0 0.11299999999773999 0.8226666666447289 0.21799999999564 0.34399999999082664
0 0.36999999999259997 0.45999999998773333 0.10399999999791999 0.15733333332913776
0 0.67599999998648 0.5333333333191111 0.10799999999783999 0.15999999999573333
0 0.75099999998498 0.4119999999890133 0.08199999999836 0.11466666666360889
0 0.60399999998792 0.3679999999901867 0.07199999999856 0.1013333333306311
0 0.46899999999062 0.30266666665859554 0.05799999999884 0.08799999999765333
0 0.23099999999537998 0.29599999999210663 0.06199999999876 0.09599999999744
0 0.04799999999904 0.29066666665891555 0.07599999999847999 0.10666666666382221
0 0.09199999999816 0.4733333333207111 0.17199999999656 0.21066666666104888
0 0.7659999999846799 0.1253333333299911 0.039999999999199995 0.07466666666467556
0 0.87899999998242 0.1426666666628622 0.03399999999932 0.04533333333212444
0 0.9849999999803 0.27599999999263997 0.0299999999994 0.08266666666446222
0 0.9309999999813799 0.31333333332497776 0.053999999998919995 0.07199999999808
