0 0.06486042692832741 0.5503597122104187 0.08374384236315692 0.1870503597055018
0 0.08292282430077302 0.7751798560872237 0.12972085385665483 0.24820143883999277
0 0.13875205254287762 0.5017985611330288 0.06403940886594352 0.1834532374034729
0 0.09359605911176361 0.4226618704883935 0.06239737274117574 0.14028776977912635
0 0.23727422002894458 0.4388489208475234 0.05418719211733683 0.15827338128927074
0 0.27011494252430024 0.6438848920631696 0.10344827586037031 0.21582733812173283
0 0.32676518882878874 0.5287769783982454 0.06896551724024687 0.15827338128927074
0 0.38669950738281283 0.45323741005563895 0.07060755336501465 0.15107913668521297
0 0.55911330048343 0.08992805755072202 0.05090311986780126 0.15107913668521297
0 0.7446633825821894 0.4028776978272346 0.05090311986780126 0.1294964028730397
0 0.7742200328280096 0.4550359712066534 0.06732348111547909 0.17625899279941515
0 0.8801313628755315 0.5143884891901299 0.09852216748606696 0.24460431653796388
0 0.9351395730552522 0.3956834532231769 0.07060755336501465 0.17985611510144403
0 0.974548440049679 0.44064748199853787 0.05090311986780126 0.17625899279941515
