0 0.09699999999806 0.295795795786913 0.0699999999986 0.11711711711360008
0 0.19599999999608 0.3363363363262361 0.04799999999904 0.07207207206990773
0 0.29399999999411996 0.2282282282213745 0.051999999998959996 0.08408408408155903
0 0.41799999999164 0.2777777777694361 0.04399999999912 0.08108108107864621
0 0.48799999999023996 0.24024024023302581 0.05599999999888 0.08408408408155903
0 0.55699999998886 0.3708708708597336 0.053999999998919995 0.11111111110777443
0 0.60599999998788 0.25975975975195914 0.04799999999904 0.0930930930902975
0 0.6349999999873 0.28678678677817454 0.053999999998919995 0.11111111110777443
0 0.7329999999853399 0.24324324323593863 0.06599999999868 0.10810810810486161
0 0.79399999998412 0.3738738738626464 0.09199999999816 0.12312312311942572
0 0.81399999998372 0.4909909909762465 0.099999999998 0.1591591591543796
0 0.60899999998782 0.44894894893546694 0.06599999999868 0.11711711711360008
0 0.6269999999874599 0.7282282282063595 0.10199999999796 0.1471471471427283
0 0.56099999998878 0.5900900900723697 0.09799999999804 0.135135135131077
0 0.43899999999121997 0.7552552552325749 0.12199999999755999 0.17717717717185652
0 0.17699999999646 0.6411411411218876 0.14599999999708 0.19519519518933345
