0 0.08536585365693497 0.4353846153712189 0.03564727954904977 0.052307692306082836
0 0.1594746716668016 0.49076923075413015 0.04502814258827339 0.05846153845973964
0 0.33208255158851624 0.5676923076748402 0.06378986866672064 0.08923076922802367
0 0.6866791744711692 0.6969230769016331 0.07879924952947844 0.1569230769182485
0 0.7954971857261632 0.49846153844620117 0.06003752345103119 0.07999999999753846
0 0.8433395872262037 0.39846153844927806 0.03939962476473922 0.05846153845973964
0 0.8433395872262037 0.321538461528568 0.02814258911767087 0.046153846152426035
0 0.5225140712847558 0.4230769230639053 0.03564727954904977 0.05846153845973964
0 0.4127579737258394 0.34923076922002366 0.018761726078447245 0.03384615384511242
0 0.3911819887356251 0.4030769230645207 0.02439024390198142 0.03692307692194083
0 0.28517823639239814 0.3815384615267219 0.030018761725515593 0.04307692307559763
0 0.2936210131276994 0.33692307691271006 0.01688555347060252 0.03384615384511242
0 0.18855534708839483 0.3092307692212544 0.01688555347060252 0.021538461537798814
0 0.6294559099319051 0.2846153846066272 0.01688555347060252 0.02769230769145562
0 0.6200750468926814 0.27076923076089937 0.013133208254913072 0.03076923076828402
0 0.5872420262553988 0.32615384614381066 0.015009380862757797 0.024615384614627218
0 0.5506566604024267 0.3092307692212544 0.013133208254913072 0.02769230769145562
0 0.5093808630298428 0.35538461537368043 0.013133208254913072 0.021538461537798814
0 0.4849906191278613 0.33538461537429587 0.01688555347060252 0.03076923076828402
0 0.030018761725515593 0.37692307691147925 0.022514071294136694 0.03384615384511242
