0 0.06153846153656804 0.4262672810863471 0.07999999999753846 0.12442396312790673
0 0.15230769230300592 0.4147465437596891 0.10153846153533727 0.14746543778122279
0 0.2692307692224852 0.4262672810863471 0.07076923076705326 0.10599078340525388
0 0.321538461528568 0.42857142855167873 0.03999999999876923 0.08294930875193782
0 0.35999999998892307 0.4516129032049948 0.03692307692194083 0.055299539167958545
0 0.4076923076797633 0.3940092165717046 0.07076923076705326 0.10599078340525388
0 0.4399999999864615 0.44009216587833677 0.03076923076828402 0.06912442395994818
0 0.4615384615242603 0.4539170506703264 0.04307692307559763 0.06912442395994818
0 0.5492307692138698 0.44470046080899994 0.05846153845973964 0.09677419354392745
0 0.6230769230577514 0.4239631336210155 0.046153846152426035 0.08294930875193782
0 0.643076923057136 0.380184331779715 0.03692307692194083 0.05069124423729533
0 0.6999999999784615 0.4585253456009896 0.046153846152426035 0.08755760368260103
0 0.8215384615131834 0.3456221197997409 0.10461538461216567 0.17511520736520206
0 0.9246153845869348 0.3755760368490518 0.07076923076705326 0.12442396312790673
