0 0.04811320754626201 0.36016949151524946 0.08490566037575649 0.121468926550241
0 0.020754716980740474 0.3799435028141259 0.03773584905589177 0.08192090395248812
0 0.18867924527945887 0.4844632768224728 0.12830188679003204 0.16666666666195856
0 0.24905660376888572 0.3742937853001612 0.07547169811178354 0.1045197740083469
0 0.33490566037103947 0.35451977400128476 0.0660377358478106 0.1045197740083469
0 0.29716981131514775 0.7443502824648489 0.25094339622168027 0.41525423727640526
0 0.5518867924424172 0.3757062146786524 0.08490566037575649 0.16384180790497624
0 0.6009433962150765 0.37146892654317887 0.05849056603663225 0.1045197740083469
0 0.6933962264020114 0.41101694914093173 0.10754716980929156 0.19491525423178208
0 0.8113207547016731 0.39830508473451115 0.0830188679229619 0.13559322033515275
0 0.7830188679097543 0.3149717514035319 0.04905660377265931 0.0988700564943822
0 0.8896226414926486 0.3389830508378818 0.05471698113104307 0.10734463276532925
0 0.9386792452653079 0.33192090394542595 0.039622641508686364 0.08757062146645281
0 0.9716981131892132 0.340395480216373 0.05660377358383766 0.17231638417592327
