0 0.10124999999746875 0.4773662551243882 0.08749999999781251 0.13991769546749308
0 0.119999999997 0.36419753084920997 0.04999999999875 0.0946502057574218
0 0.16874999999578125 0.3374485596568951 0.0424999999989375 0.07407407407102576
0 0.0424999999989375 0.3086419752959406 0.044999999998875 0.05761316872190892
0 0.2424999999939375 0.4711934156184694 0.084999999997875 0.13580246913021388
0 0.21624999999459377 0.35185185183737233 0.037499999999062505 0.061728395059188125
0 0.25624999999359377 0.34567901233145354 0.037499999999062505 0.06584362139646734
0 0.34499999999137504 0.37037037035512876 0.04999999999875 0.09053497942014259
0 0.39874999999003125 0.3991769547160832 0.05749999999856251 0.09876543209470101
0 0.39499999999012503 0.5349794238462972 0.104999999997375 0.18106995884028518
0 0.4824999999879375 0.3580246913432911 0.044999999998875 0.09053497942014259
0 0.5462499999863438 0.41152263372792086 0.0524999999986875 0.09876543209470101
0 0.5724999999856876 0.34567901233145354 0.039999999999 0.07407407407102576
0 0.6212499999844688 0.39300411521016443 0.0524999999986875 0.0946502057574218
0 0.6899999999827501 0.3497942386687327 0.04999999999875 0.09053497942014259
0 0.634999999984125 0.7921810699262476 0.15499999999612502 0.2839506172722654
0 0.7649999999808751 0.6234567900978001 0.11499999999712501 0.18518518517756438
0 0.8312499999792188 0.4794238682930278 0.08749999999781251 0.14403292180477228
0 0.8612499999784688 0.4238683127397585 0.0724999999981875 0.12345679011837625
0 0.8999999999775 0.3724279835237684 0.064999999998375 0.11111111110653862
0 0.7374999999815626 0.17283950616572677 0.0599999999985 0.09876543209470101
