0 0.13563829787089746 0.23392282957823274 0.07340425531836804 0.11093247588246088
0 0.0925531914883771 0.22347266880669658 0.04255319148890901 0.10289389067358691
0 0.17978723404064056 0.23874598070355713 0.04468085106335446 0.08842443729761375
0 0.26382978723123585 0.22186495176492177 0.031914893616681754 0.06430868167099182
0 0.30265957446486536 0.2146302250769352 0.056382978722804435 0.1077170417989113
0 0.3632978723365607 0.20096463022184943 0.03297872340390448 0.051446945336793455
0 0.3973404255276879 0.22186495176492177 0.04999999999946809 0.09967845659003732
0 0.4367021276549287 0.2210610932440344 0.043617021276131734 0.09163987138116335
0 0.5340425531858081 0.21945337620225958 0.04255319148890901 0.06913183279631621
0 0.6138297872275125 0.19051446945031325 0.03829787234001811 0.06913183279631621
0 0.727659574460344 0.19533762057563764 0.06808510638225442 0.10450160771536171
0 0.7978723404170439 0.22909967845290835 0.06595744680780896 0.11736334404956007
0 0.836170212757062 0.19372990353386285 0.04255319148890901 0.08520900321406416
0 0.8973404255223687 0.2154340835978226 0.06276595744614079 0.10289389067358691
0 0.9792553191385186 0.19453376205475026 0.04148936170168628 0.10289389067358691
