0 0.09299999999814 0.5435435435272209 0.09799999999804 0.13813813813398984
0 0.18599999999628 0.5345345345184824 0.05599999999888 0.07207207206990773
0 0.27199999999456 0.540540540524308 0.10399999999791999 0.16816816816311805
0 0.40199999999196 0.5135135134980926 0.03199999999936 0.060060060058256454
0 0.42399999999152 0.5225225225068311 0.039999999999199995 0.08408408408155903
0 0.45499999999089996 0.540540540524308 0.037999999999239996 0.060060060058256454
0 0.58899999998822 0.5375375375213952 0.11399999999772 0.1741741741689437
0 0.68099999998638 0.5375375375213952 0.049999999999 0.09609609609321032
0 0.7519999999849599 0.5195195195039183 0.039999999999199995 0.0660660660640821
0 0.82699999998346 0.5225225225068311 0.053999999998919995 0.09009009008738468
0 0.9239999999815199 0.5630630630461542 0.12799999999744 0.18918918918350783
