0 0.06646455223849597 0.6762640449390712 0.08069029850708634 0.1264044943811348
0 0.024253731343170458 0.6144662921305164 0.030783582089408658 0.05337078651647914
0 0.1793376865663277 0.791081460668602 0.10494402985025679 0.16924157303251938
0 0.20359141790949817 0.6741573033660523 0.05923507462658939 0.0786516853927061
0 0.14902052238736463 0.6246488764001078 0.0293843283580719 0.05126404494346022
0 0.12196828358152068 0.6555477528043852 0.027518656716289558 0.041432584269371964
0 0.2842817164165845 0.6716994381975302 0.06949626865639227 0.10463483145993936
0 0.3747667910430281 0.6594101123549199 0.043376865671439474 0.0772471910106935
0 0.45872201492323356 0.5386235955018355 0.03311567164163659 0.06882022471861783
0 0.5265858208930663 0.6594101123549199 0.028917910447626316 0.044943820224403484
0 0.5566697761168066 0.6815308988716184 0.043376865671439474 0.05547752808949805
0 0.6301305970119864 0.6938202247142288 0.05410447761168795 0.08426966292075654
0 0.6947294776087 0.7591292134778151 0.10307835820847444 0.1587078651674248
0 0.7852145522351436 0.6980337078602666 0.027518656716289558 0.051966292134466525
0 0.900652985070426 0.8321629213424707 0.19216417910358133 0.3356741573010135
0 0.8232276119364588 0.6903089887591972 0.033582089552082174 0.0632022471905674
