0 0.04050464807383128 0.5636132315378216 0.054448871181215816 0.10941475826693602
0 0.18791500663761068 0.6717557251737467 0.019920318724835056 0.040712468192348285
0 0.21248339973157393 0.6666666666497032 0.023904382469802067 0.04580152671639182
0 0.19654714475170587 0.7035623409490188 0.02656042496644674 0.048346055978413585
0 0.2423638778188265 0.7150127226281168 0.02788844621476908 0.06106870228852243
0 0.3041168658658152 0.6946564885319426 0.03984063744967011 0.0712468193366095
0 0.33864541832219597 0.6641221373876814 0.02656042496644674 0.0712468193366095
0 0.35989375829535336 0.6539440203395943 0.021248339973157393 0.050890585240435354
0 0.38446215138931655 0.6921119592699209 0.030544488711413752 0.08142493638469657
0 0.4243027888389867 0.6424936386604964 0.02257636122147973 0.05343511450245712
0 0.4508632138054334 0.6323155216124093 0.019920318724835056 0.05343511450245712
0 0.5053120849866493 0.679389312959812 0.03851261620134777 0.06615776081256597
0 0.5411686586913523 0.6386768447674637 0.030544488711413752 0.05597964376447889
0 0.6195219123423702 0.6755725190667794 0.05179282868457115 0.10941475826693602
0 0.6434262948121723 0.6106870228852243 0.02788844621476908 0.06615776081256597
0 0.7549800796712486 0.7442748091413671 0.054448871181215816 0.12977099236311015
0 0.7795484727652119 0.669211195911725 0.042496679946314786 0.09669211195682717
0 0.9468791500538263 0.6424936386604964 0.047808764939604134 0.10941475826693602
0 0.9867197875034964 0.6208651399333114 0.02656042496644674 0.08651399490874011
0 0.6115537848524362 0.6399491093984746 0.030544488711413752 0.07379134859863126
