0 0.17343749999729005 0.32435597188935933 0.08437499999868164 0.15222482435240692
0 0.30937499999516604 0.4613583138065256 0.14062499999780273 0.22950819671593659
0 0.46328124999276127 0.2482435597131559 0.04218749999934082 0.07494145198887725
0 0.5515624999913818 0.2131147540933697 0.04999999999921875 0.09367681498609656
0 0.6515624999898194 0.42505854799941317 0.13124999999794923 0.24590163933850348
0 0.6999999999890625 0.2786885245836373 0.053124999999169926 0.10772833723401104
0 0.8164062499872436 0.3149882903907497 0.06406249999899903 0.11475409835796829
0 0.8921874999860596 0.3454332552612311 0.0999999999984375 0.15222482435240692
0 0.9054687499858521 0.2892271662695731 0.07343749999885255 0.11007025760866346
0 0.8687499999864259 0.2142857142806959 0.06249999999902344 0.12412177985657795
0 0.9640624999849365 0.22833723652861038 0.07187499999887696 0.14285714285379725
