0 0.7749999999870834 0.2698412698341312 0.06999999999883333 0.1216931216899023
0 0.5033333333249445 0.3584656084561253 0.0299999999995 0.05026455026322052
0 0.41749999999304166 0.36772486771513957 0.038333333332694446 0.07936507936297976
0 0.3941666666600972 0.3730158730060049 0.038333333332694446 0.07407407407211444
0 0.31916666666134724 0.40608465607391314 0.05833333333236111 0.08201058200841242
0 0.24999999999583333 0.4140211640102111 0.05666666666572222 0.108465608462739
0 0.16583333333056943 0.44708994707811933 0.08166666666530556 0.1269841269807676
0 0.0299999999995 0.5171957671820848 0.05666666666572222 0.14021164020793092
0 0.13166666666447222 0.3915343915240335 0.053333333332444444 0.07407407407211444
0 0.20666666666322223 0.35185185184254364 0.026666666666222222 0.03703703703605722
0 0.22083333332965277 0.3822751322650192 0.034999999999416664 0.07142857142668178
0 0.23499999999608334 0.3439153439062456 0.0299999999995 0.04232804232692254
0 0.2833333333286111 0.3505291005198273 0.03666666666605556 0.05555555555408583
0 0.31416666666143056 0.3624338624242743 0.034999999999416664 0.05820105819951849
0 0.32416666666126387 0.34920634919711097 0.024999999999583335 0.04232804232692254
0 0.10583333333156944 0.36772486771513957 0.03166666666613889 0.05820105819951849
0 0.06583333333223611 0.38492063491045186 0.04166666666597222 0.08201058200841242
0 0.021666666666305553 0.36640211639242326 0.03999999999933333 0.07142857142668178
