0 0.1679166666652674 0.6251851851759233 0.05083333333290973 0.10370370370216736
0 0.14749999999877084 0.4488888888822387 0.051666666666236115 0.10666666666508642
0 0.21583333333153473 0.4785185185114294 0.04499999999962501 0.1007407407392483
0 0.2641666666644653 0.5525925925844061 0.04666666666627778 0.10666666666508642
0 0.32916666666392363 0.5503703703622168 0.049999999999583336 0.10814814814654596
0 0.25749999999785417 0.4222222222159671 0.03833333333301389 0.08296296296173389
0 0.2412499999979896 0.36814814814269414 0.03416666666638195 0.06666666666567901
0 0.29041666666424654 0.3599999999946667 0.03416666666638195 0.059259259258381346
0 0.29083333333090977 0.42370370369742666 0.04499999999962501 0.08296296296173389
0 0.3558333333303681 0.43777777777129223 0.03999999999966667 0.08740740740611248
0 0.36624999999694796 0.3859259259202085 0.040833333332993056 0.060740740739840884
0 0.37541666666353823 0.36148148147612624 0.03083333333307639 0.06814814814713854
0 0.4120833333298993 0.37629629629072153 0.039166666666340284 0.08296296296173389
0 0.3929166666633924 0.45407407406734707 0.04916666666625695 0.09037037036903156
0 0.39416666666338196 0.5874074073987051 0.04833333333293056 0.10518518518362689
0 0.456249999996198 0.3659259259205048 0.04583333333295139 0.07999999999881482
0 0.49333333332922225 0.34296296295788203 0.03999999999966667 0.08148148148027436
0 0.5224999999956459 0.34074074073569277 0.03166666666640278 0.07407407407297668
0 0.5579166666620174 0.330370370365476 0.039166666666340284 0.06814814814713854
0 0.5658333333286181 0.3992592592533443 0.03666666666636111 0.08740740740611248
0 0.5391666666621736 0.4599999999931852 0.04166666666631945 0.07555555555443622
0 0.5454166666621216 0.5340740740661619 0.044166666666298614 0.09925925925778875
0 0.48791666666260075 0.5577777777695144 0.042499999999645835 0.08740740740611248
0 0.5908333333284098 0.4785185185114294 0.049999999999583336 0.09481481481341016
0 0.6120833333282327 0.4199999999937778 0.044166666666298614 0.08444444444319342
0 0.5974999999950209 0.3659259259205048 0.03166666666640278 0.05333333333254321
0 0.6433333333279723 0.3822222222165597 0.034999999999708334 0.07999999999881482
0 0.6658333333277848 0.38814814814239784 0.03666666666636111 0.08592592592465295
0 0.694166666660882 0.3503703703651797 0.03333333333305556 0.07259259259151715
0 0.7174999999940209 0.4177777777715885 0.03999999999966667 0.09481481481341016
0 0.7420833333271494 0.40074074073480387 0.042499999999645835 0.08740740740611248
0 0.7529166666603925 0.3599999999946667 0.03583333333303473 0.07111111111005762
0 0.8045833333266286 0.44814814814150894 0.04916666666625695 0.09333333333195062
0 0.8195833333265036 0.3955555555496955 0.04583333333295139 0.08296296296173389
0 0.8858333333259515 0.4488888888822387 0.051666666666236115 0.09185185185049109
0 0.6837499999943022 0.625925925916653 0.042499999999645835 0.09629629629486969
0 0.7287499999939272 0.6222222222130042 0.037499999999687506 0.09185185185049109
0 0.8062499999932813 0.5762962962877586 0.04583333333295139 0.09777777777632922
