0 0.15065789473485977 0.7345814977811765 0.167105263155696 0.31057268721782877
0 0.12171052631418802 0.5594713656264433 0.07763157894634695 0.11894273127491314
0 0.06776315789384522 0.5638766519699586 0.0539473684203428 0.10132158590085194
0 0.03552631578900623 0.6552863435979012 0.06842105263067867 0.26211453743916047
0 0.018421052631336567 0.49669603523135025 0.034210526315339336 0.08590308369854838
0 0.11842105263002077 0.37775330395643714 0.02631578947333795 0.04625550660691067
0 0.17039473683986323 0.372246696027043 0.030263157894338644 0.044052863435153015
0 0.3427631578902268 0.6442731277391128 0.08026315789368074 0.1475770925077626
0 0.469078947362249 0.7158590308212365 0.08026315789368074 0.14537444933600496
0 0.5177631578879242 0.8898678413900909 0.17763157894503118 0.22026431717576508
0 0.6269736842022766 0.7775330396304507 0.1118421052616863 0.2070484581452192
0 0.6881578947277874 0.3502202643094665 0.023684210526004154 0.057268722465698925
0 0.8960526315671572 0.9052863435923945 0.14210526315602492 0.18942731277115799
