0 0.018124999999773437 0.3433333333276111 0.033749999999578124 0.08666666666522221
0 0.09062499999886718 0.3758333333270694 0.07624999999904687 0.1183333333313611
0 0.24812499999689844 0.4066666666598889 0.07874999999901562 0.10666666666488889
0 0.25687499999678903 0.32166666666130556 0.04624999999942187 0.07999999999866667
0 0.3674999999954062 0.33166666666113886 0.052499999999343745 0.08333333333194444
0 0.38499999999518747 0.2858333333285694 0.0449999999994375 0.07166666666547222
0 0.4662499999941718 0.34999999999416664 0.054999999999312495 0.08666666666522221
0 0.4524999999943437 0.2916666666618056 0.0399999999995 0.059999999999
0 0.5543749999930703 0.2983333333283611 0.04374999999945312 0.06999999999883333
0 0.596874999992539 0.2874999999952083 0.033749999999578124 0.06833333333219445
0 0.7681249999903984 0.4633333333256111 0.10374999999870312 0.17333333333044443
0 0.8262499999896719 0.3841666666602639 0.0649999999991875 0.1183333333313611
0 0.8749999999890624 0.32833333332786113 0.054999999999312495 0.08333333333194444
0 0.9781249999877734 0.3699999999938333 0.04374999999945312 0.12333333333127777
0 0.9656249999879296 0.5541666666574305 0.061249999999234375 0.16833333333052777
