0 1450000000.0 15050000000.0 1300000000.0 2300000000.0
0 1600000000.0 18200000000.0 1600000000.0 2800000000.0
0 5150000000.0 15050000000.0 2100000000.0 1900000000.0
0 7150000000.0 17700000000.0 3100000000.0 3200000000.0
0 10350000000.0 15200000000.0 2500000000.0 2400000000.0
0 13100000000.0 22100000000.0 4200000000.0 4000000000.0
0 16800000000.0 16050000000.0 2200000000.0 2100000000.0
0 17200000000.0 14950000000.0 2200000000.0 2100000000.0
0 20450000000.0 18450000000.0 3100000000.0 3500000000.0
0 23600000000.0 15400000000.0 1800000000.0 1800000000.0
0 23900000000.0 21950000000.0 4800000000.0 5100000000.0
0 31200000000.0 19000000000.0 3200000000.0 3800000000.0
0 28700000000.0 16850000000.0 2400000000.0 2700000000.0
0 36750000000.0 17550000000.0 2500000000.0 2900000000.0
0 38750000000.0 15800000000.0 2300000000.0 2600000000.0
0 41350000000.0 9550000000.0 2500000000.0 2900000000.0
0 51800000000.0 20300000000.0 3600000000.0 4200000000.0
0 52900000000.0 18950000000.0 3200000000.0 3300000000.0
0 53000000000.0 16500000000.0 2400000000.0 2600000000.0
0 57900000000.0 25450000000.0 3000000000.0 6700000000.0
