0 0.6620370370344829 0.17129629629541515 0.06481481481456476 0.09156378600775945
0 0.5360725308621294 0.41203703703491756 0.06288580246889319 0.09670781892954369
0 0.5028935185165784 0.468364197528455 0.05516975308620691 0.09310699588429472
0 0.4369212962946107 0.4668209876519197 0.10841049382674225 0.14043209876470972
0 0.2966820987642875 0.5455246913552185 0.12577160493778639 0.19907407407305006
0 0.343942901233241 0.4002057613148138 0.07368827160465398 0.11213991769489641
0 0.2663966049372439 0.4264403292159134 0.1045524691353991 0.11213991769489641
0 0.14756944444387513 0.45524691357790514 0.09837962962925008 0.12860082304460596
0 0.043209876543043174 0.4374999999977495 0.07561728395032555 0.12808641975242754
0 0.06365740740716182 0.638374485593424 0.11959876543163736 0.25514403292049825
