0 0.10781249999831544 0.412195121941166 0.04062499999936524 0.07804878048590125
0 0.14843749999768066 0.49878048779271267 0.04062499999936524 0.07560975609571684
0 0.09453124999852296 0.7475609755915229 0.045312499999291996 0.08048780487608566
0 0.18046874999718018 0.7585365853473528 0.03281249999948731 0.06829268292516359
0 0.2562499999959961 0.7548780487620761 0.037499999999414065 0.060975609754610346
0 0.2234374999965088 0.5085365853534504 0.037499999999414065 0.05121951219387269
0 0.26093749999592286 0.35853658535710886 0.03437499999946289 0.05365853658405711
0 0.28281249999558106 0.5524390243767697 0.03437499999946289 0.056097560974241525
0 0.3179687499950318 0.5036585365730815 0.02343749999963379 0.05121951219387269
0 0.35546874999444583 0.5195121951092802 0.03281249999948731 0.06829268292516359
0 0.3968749999937988 0.47926829267123733 0.02812499999956055 0.060975609754610346
0 0.43203124999324954 0.4841463414516062 0.029687499999536134 0.060975609754610346
0 0.43203124999324954 0.5475609755964009 0.03281249999948731 0.060975609754610346
0 0.48671874999239506 0.5036585365730815 0.029687499999536134 0.06585365853497918
0 0.5031249999921387 0.5231707316945569 0.03437499999946289 0.056097560974241525
0 0.5687499999911133 0.5280487804749256 0.03437499999946289 0.060975609754610346
0 0.5578124999912842 0.46219512193994644 0.03437499999946289 0.060975609754610346
0 0.5499999999914063 0.3548780487718322 0.024999999999609376 0.06585365853497918
0 0.6078124999905029 0.4524390243792088 0.024999999999609376 0.05121951219387269
0 0.48437499999243167 0.35365853657674 0.03124999999951172 0.058536585364425936
0 0.6585937499897095 0.4719512195006841 0.03593749999943848 0.060975609754610346
0 0.7234374999886963 0.44756097559883995 0.02812499999956055 0.06585365853497918
0 0.7632812499880738 0.44268292681847116 0.03281249999948731 0.056097560974241525
0 0.7726562499879273 0.37804878047858415 0.029687499999536134 0.05365853658405711
0 0.8499999999867188 0.47804878047614513 0.04062499999936524 0.07317073170553243
0 0.9164062499856812 0.7426829268111541 0.04218749999934082 0.09024390243682331
0 0.7882812499876831 0.730487804860232 0.04218749999934082 0.06585365853497918
0 0.7171874999887939 0.7670731707129982 0.037499999999414065 0.06585365853497918
0 0.6820312499893433 0.765853658517906 0.03593749999943848 0.06341463414479476
0 0.698437499989087 0.6817073170565437 0.03437499999946289 0.06585365853497918
0 0.6406249999899902 0.5536585365718619 0.043749999999316405 0.06341463414479476
0 0.7523437499882447 0.5439024390111243 0.03281249999948731 0.06341463414479476
0 0.6124999999904297 0.765853658517906 0.03437499999946289 0.06829268292516359
0 0.5554687499913208 0.7609756097375372 0.04218749999934082 0.07317073170553243
0 0.47812499999252933 0.7463414633964307 0.043749999999316405 0.07804878048590125
0 0.4140624999935303 0.7402439024209696 0.043749999999316405 0.070731707315348
0 0.317187499995044 0.7560975609571683 0.04062499999936524 0.06341463414479476
