0 0.06899999999862 0.7250755286790007 0.12599999999748 0.1933534743144002
0 0.15099999999698 0.6510574017930194 0.10599999999788 0.17220543806126268
0 0.2399999999952 0.5845921449974444 0.06799999999864 0.11782477341033762
0 0.3249999999935 0.7069486404620258 0.10599999999788 0.17522658609742517
0 0.38599999999227996 0.8444108761074196 0.15999999999679998 0.26283987914613777
0 0.38399999999232 0.5936555891059319 0.08399999999832 0.14199395769963766
0 0.56299999998874 0.40030211479153166 0.07799999999844 0.14199395769963766
0 0.55599999998888 0.6087613292867444 0.08399999999832 0.15407854984428765
0 0.62599999998748 0.8308157099446883 0.1399999999972 0.22960725074835023
0 0.7659999999846799 0.6555891238472632 0.08399999999832 0.15709969788045017
0 0.8779999999824399 0.7145015105524319 0.099999999998 0.1842900302059127
