0 0.09999999999753086 0.48333333331543205 0.05679012345538789 0.09259259258916323
0 0.10123456789873495 0.3962962962816186 0.044444444443347046 0.07407407407133058
0 0.1864197530818168 0.581481481459945 0.07160493826983691 0.10370370369986281
0 0.33209876542389877 0.699999999974074 0.1358024691324493 0.19999999999259258
0 0.1518518518481024 0.20740740739972563 0.0320987654313062 0.05185185184993141
0 0.306172839498613 0.33888888887633745 0.03950617283853071 0.04814814814636488
0 0.39506172838530706 0.3370370370245542 0.044444444443347046 0.05185185184993141
0 0.408641975298552 0.3037037036924554 0.0320987654313062 0.04444444444279835
0 0.49259259258042976 0.32222222221028807 0.04197530864093888 0.06666666666419753
0 0.6061728394912056 0.3814814814673525 0.05679012345538789 0.07407407407133058
0 0.6012345678863892 0.31111111109958844 0.04197530864093888 0.07407407407133058
0 0.5950617283803689 0.24999999999074074 0.029629629628898032 0.04814814814636488
0 0.6444444444285322 0.2462962962871742 0.029629629628898032 0.05555555555349794
0 0.6604938271441853 0.2666666666567901 0.027160493826489863 0.04444444444279835
0 0.7555555555368998 0.24999999999074074 0.03456790123371437 0.05555555555349794
0 0.7913580246718183 0.25925925924965704 0.03703703703612254 0.05185185184993141
0 0.8629629629416552 0.23888888888004114 0.03703703703612254 0.05555555555349794
0 0.7617283950429202 0.3462962962834705 0.051851851850571555 0.08518518518203018
0 0.9111111110886145 0.44444444442798353 0.09382716049151044 0.1407407407355281
0 0.9802469135560432 0.2555555555460905 0.03950617283853071 0.07407407407133058
