0 0.1459694989074952 0.391608391594699 0.06535947712275905 0.12587412586972468
0 0.29520697167112836 0.3828671328537459 0.08061002178473615 0.14335664335163087
0 0.44008714595991094 0.37237762236460215 0.07843137254731086 0.1293706293661059
0 0.5424836601189001 0.3653846153718397 0.07407407407246025 0.1293706293661059
0 0.6503267973714525 0.3496503496381241 0.05882352941048314 0.10489510489143723
0 0.7875816993292465 0.354895104882696 0.06753812636018434 0.11538461538058095
0 0.9019607842940749 0.3391608391489804 0.06971677559760965 0.13286713286248716
0 0.8616557734017067 0.14685314684801212 0.06318082788533375 0.11888111887696219
0 0.7788671023795454 0.15209790209258398 0.05882352941048314 0.11538461538058095
0 0.683006535932832 0.1346153846106778 0.06318082788533375 0.10839160838781847
0 0.6045751633855212 0.12062937062515282 0.06318082788533375 0.12237762237334343
0 0.502178649226532 0.12237762237334343 0.05882352941048314 0.10489510489143723
0 0.4019607843049681 0.10839160838781847 0.06753812636018434 0.11888111887696219
0 0.29847494552726633 0.11888111887696219 0.07407407407246025 0.13286713286248716
0 0.19172113289342654 0.09965034964686537 0.06971677559760965 0.1363636363588684
0 0.10893246187126508 0.10839160838781847 0.07843137254731086 0.12587412586972468
