0 0.06249999999934896 0.6240740740625171 0.05624999999941406 0.0925925925908779
0 0.38645833332930773 0.6046296296184327 0.04374999999954427 0.09814814814633058
0 0.4177083333289822 0.6259259259143347 0.05416666666610243 0.10740740740541838
0 0.45885416666188694 0.5879629629520747 0.04479166666620009 0.08703703703542523
0 0.46458333332849394 0.3907407407335048 0.04166666666623264 0.08518518518360768
0 0.5249999999945313 0.7638888888747427 0.08749999999908854 0.18333333332993826
0 0.6421874999933105 0.6009259259147977 0.03854166666626519 0.08333333333179012
0 0.7458333333255642 0.6111111110997942 0.05416666666610243 0.11481481481268861
0 0.8541666666577691 0.8472222222065329 0.13124999999863282 0.24999999999537034
0 0.9421874999901856 0.6490740740620541 0.08645833333243272 0.14999999999722222
0 0.9135416666571506 0.5564814814711763 0.047916666666167534 0.1018518518499657
0 0.9765624999898275 0.5898148148038923 0.04687499999951172 0.10555555555360081
0 0.8473958333245063 0.5592592592489025 0.05104166666613498 0.08888888888724279
