0 0.13749999999785156 0.3793859649039608 0.03437499999946289 0.04385964912184518
0 0.058593749999084475 0.55811403507548 0.045312499999291996 0.06798245613886003
0 0.1468749999977051 0.5087719298134041 0.04062499999936524 0.06140350877058325
0 0.19218749999699708 0.5109649122694964 0.02812499999956055 0.0482456140340297
0 0.2445312499961792 0.4901315789366199 0.029687499999536134 0.04605263157793744
0 0.28671874999552005 0.4879385964805276 0.029687499999536134 0.04166666666575292
0 0.22890624999642334 0.5811403508644486 0.04843749999924317 0.07894736841932132
0 0.2781249999956543 0.5646929824437567 0.043749999999316405 0.07236842105104455
0 0.36249999999433596 0.532894736830419 0.04687499999926758 0.06140350877058325
0 0.3453124999946045 0.4879385964805276 0.02812499999956055 0.0372807017535684
0 0.38281249999401856 0.4835526315683431 0.03124999999951172 0.04166666666575292
0 0.45624999999287114 0.5054824561292657 0.03124999999951172 0.04605263157793744
0 0.47578124999256594 0.5526315789352493 0.03906249999938965 0.05701754385839873
0 0.5148437499919556 0.49999999998903505 0.029687499999536134 0.0482456140340297
0 0.5429687499915161 0.5263157894621422 0.03593749999943848 0.052631578946214216
0 0.6023437499905884 0.49232456139271213 0.026562499999584963 0.04605263157793744
0 0.47812499999252933 0.8026315789297668 0.12187499999809571 0.15789473683864264
0 0.667968749989563 0.6217105263021554 0.057812499999096684 0.10745614034852069
0 0.7367187499884889 0.5701754385839873 0.051562499999194336 0.08771929824369036
0 0.7593749999881348 0.5427631578828341 0.037499999999414065 0.059210526314490995
0 0.7921874999876222 0.5175438596377732 0.03124999999951172 0.04385964912184518
0 0.7781249999878418 0.9133771929624259 0.12187499999809571 0.16447368420691943
0 0.8624999999865235 0.6743421052483697 0.06874999999892578 0.12499999999725876
0 0.8554687499866334 0.5899122806888176 0.04843749999924317 0.07894736841932132
0 0.879687499986255 0.5471491227950186 0.03437499999946289 0.059210526314490995
0 0.9007812499859253 0.5219298245499576 0.03281249999948731 0.0482456140340297
