0 0.11785714285433674 0.8361774743741919 0.18333333332896826 0.2798634812191173
0 0.2619047618985261 0.5938566552698342 0.12380952380657596 0.18430034129063821
0 0.29166666665972224 0.412969283262356 0.06904761904597506 0.10921501706111894
0 0.3226190476113662 0.3617747440149565 0.05476190476060091 0.08191126279583921
0 0.43214285713256806 0.16382252559167843 0.09285714285493198 0.17064846415799834
0 0.6083333333188492 0.5494880545887547 0.10714285714030612 0.16382252559167843
0 0.702380952364229 0.7474402730120328 0.14761904761553288 0.2662116040864774
0 0.04880952380836168 0.412969283262356 0.07380952380776644 0.102389078494799
0 0.10238095237851474 0.38395904435549627 0.0571428571414966 0.09215017064531911
0 0.17023809523404196 0.3395904436744167 0.049999999998809525 0.08532423207899917
