0 0.20583333332990278 0.3266666666594074 0.08499999999858333 0.13777777777471603
0 0.2341666666627639 0.4911111111001975 0.03166666666613889 0.05777777777649382
0 0.2799999999953333 0.49444444443345675 0.04999999999916667 0.07777777777604938
0 0.31999999999466666 0.518888888877358 0.07666666666538889 0.09999999999777777
0 0.3716666666604722 0.5811111110981975 0.10666666666488889 0.13111111110819754
0 0.32583333332790276 0.4622222222119506 0.034999999999416664 0.04888888888780247
0 0.3683333333271944 0.47777777776716046 0.03666666666605556 0.053333333332148146
0 0.40499999999325 0.4899999999891111 0.03999999999933333 0.055555555554320984
0 0.40833333332652777 0.4466666666567407 0.0299999999995 0.04888888888780247
0 0.44166666665930554 0.4833333333225926 0.03333333333277778 0.055555555554320984
0 0.48666666665855557 0.5199999999884444 0.06666666666555555 0.09777777777560494
0 0.4824999999919583 0.44333333332348146 0.038333333332694446 0.04666666666562963
0 0.5299999999911666 0.4744444444339012 0.04666666666588889 0.0733333333317037
0 0.5949999999900834 0.595555555542321 0.10666666666488889 0.15555555555209877
0 0.5666666666572222 0.43666666665696297 0.03333333333277778 0.04666666666562963
0 0.6416666666559722 0.47777777776716046 0.05666666666572222 0.08888888888691357
0 0.6333333333227777 0.43555555554587655 0.03333333333277778 0.044444444443456785
0 0.6166666666563889 0.43666666665696297 0.03333333333277778 0.05111111110997531
0 0.6924999999884583 0.41666666665740737 0.04166666666597222 0.055555555554320984
0 0.7133333333214444 0.4466666666567407 0.04333333333261111 0.06222222222083951
0 0.7499999999875 0.46888888887846913 0.05666666666572222 0.07555555555387654
0 0.7491666666541805 0.561111111098642 0.11166666666480556 0.13111111110819754
0 0.8208333333196528 0.45222222221217284 0.05499999999908333 0.07777777777604938
0 0.8149999999864167 0.4011111111021975 0.0299999999995 0.042222222221283946
0 0.8699999999855 0.44111111110130863 0.04666666666588889 0.06444444444301234
0 0.9383333333176944 0.46111111110086417 0.08666666666522221 0.11333333333081481
