0 0.09111111111009877 0.3949999999934167 0.03999999999955556 0.05666666666572222
0 0.13722222222069755 0.3949999999934167 0.03888888888845679 0.053333333332444444
0 0.15555555555382716 0.34166666666097223 0.031111111110765435 0.05666666666572222
0 0.19499999999783335 0.412499999993125 0.036666666666259264 0.06499999999891666
0 0.21444444444206173 0.32333333332794445 0.03333333333296296 0.05666666666572222
0 0.2516666666638704 0.3783333333270278 0.036666666666259264 0.05666666666572222
0 0.27277777777474693 0.33249999999445834 0.0322222222218642 0.05833333333236111
0 0.09388888888784569 0.6099999999898333 0.045555555555049386 0.06999999999883333
0 0.20222222221997532 0.4774999999920417 0.03333333333296296 0.05833333333236111
0 0.19555555555338272 0.6116666666564722 0.04222222222175309 0.07333333333211112
0 0.2799999999968889 0.6299999999895 0.03777777777735803 0.07999999999866667
0 0.32055555555199383 0.6349999999894167 0.036666666666259264 0.07333333333211112
0 0.28166666666353707 0.4708333333254861 0.041111111110654325 0.06833333333219445
0 0.3083333333299074 0.397499999993375 0.02999999999966667 0.05499999999908333
0 0.32944444444078397 0.3566666666607222 0.027777777777469138 0.053333333332444444
0 0.3588888888849013 0.3958333333267361 0.028888888888567905 0.051666666665805557
0 0.38166666666242594 0.43583333332606944 0.03888888888845679 0.061666666665638886
0 0.33499999999627783 0.4674999999922083 0.0322222222218642 0.061666666665638886
0 0.36888888888479016 0.34499999999425 0.03333333333296296 0.053333333332444444
0 0.39611111110670993 0.3208333333279861 0.0322222222218642 0.051666666665805557
0 0.4649999999948334 0.44499999999258333 0.041111111110654325 0.06666666666555555
0 0.46555555555038275 0.3699999999938333 0.03999999999955556 0.059999999999
0 0.47611111110582105 0.2766666666620555 0.03888888888845679 0.06333333333227778
0 0.4361111111062655 0.6016666666566389 0.036666666666259264 0.06666666666555555
0 0.4677777777725803 0.5941666666567639 0.03999999999955556 0.08166666666530556
0 0.5194444444386729 0.3566666666607222 0.0322222222218642 0.053333333332444444
0 0.542777777771747 0.3016666666616389 0.0322222222218642 0.05666666666572222
0 0.5649999999937223 0.322499999994625 0.03444444444406173 0.05499999999908333
0 0.5777777777713581 0.6033333333232778 0.04222222222175309 0.07666666666538889
0 0.6133333333265185 0.4749999999920833 0.03999999999955556 0.06999999999883333
0 0.6261111111041544 0.3583333333273611 0.03444444444406173 0.06666666666555555
0 0.6249999999930556 0.2883333333285278 0.0322222222218642 0.05666666666572222
0 0.6727777777703026 0.31916666666134724 0.0322222222218642 0.05833333333236111
0 0.689444444436784 0.3691666666605139 0.03444444444406173 0.06499999999891666
0 0.6416666666595371 0.5683333333238612 0.04333333333285185 0.08333333333194444
0 0.7444444444361729 0.5758333333237361 0.04888888888834568 0.07833333333202777
0 0.7527777777694137 0.3541666666607639 0.0322222222218642 0.05833333333236111
0 0.7316666666585371 0.2983333333283611 0.02999999999966667 0.053333333332444444
0 0.7583333333249075 0.3033333333282778 0.027777777777469138 0.05666666666572222
0 0.7816666666579816 0.3041666666615972 0.023333333333074077 0.05499999999908333
0 0.7811111111024321 0.4033333333266111 0.03777777777735803 0.07333333333211112
0 0.8266666666574816 0.5858333333235695 0.04222222222175309 0.07833333333202777
0 0.8861111111012655 0.5674999999905417 0.045555555555049386 0.08499999999858333
0 0.8277777777685803 0.3624999999939583 0.04222222222175309 0.06833333333219445
