0 0.10865384615175666 0.6192307692148915 0.07115384615247781 0.08974358974128861
0 0.1884615384579142 0.4333333333222222 0.04999999999903846 0.0717948717930309
0 0.2673076923025518 0.6192307692148915 0.06923076922943787 0.09487179486936226
0 0.24423076922607248 0.7102564102381985 0.09230769230591716 0.12307692307376725
0 0.29326923076359096 0.8205128204917816 0.19423076922703403 0.24102564101946086
0 0.44615384614526626 0.7128205128022354 0.09230769230591716 0.12307692307376725
0 0.40480769229990754 0.5961538461385602 0.05961538461423817 0.10512820512550952
0 0.5317307692205436 0.6166666666508547 0.06730769230639792 0.09999999999743589
0 0.6528846153720599 0.6346153845991124 0.09807692307503699 0.15641025640624587
0 0.6692307692178994 0.8256410256198553 0.15384615384319528 0.2051282051229454
0 0.7865384615233358 0.6769230769057198 0.0846153846137574 0.11794871794569362
0 0.8807692307522929 0.7589743589548981 0.13076923076671598 0.18461538461065086
0 0.8615384615218935 0.6282051281890203 0.06538461538335799 0.08205128204917816
0 0.9288461538282914 0.6141025640868178 0.06538461538335799 0.08974358974128861
