0 0.26140350876963686 0.25369127516438 0.06315789473628809 0.1261744966426017
0 0.31710526315511317 0.19731543623896222 0.04298245613997384 0.09932885905906942
0 0.3890350877158857 0.2335570469767308 0.05701754385914898 0.1073825503341291
0 0.436842105259326 0.20469798657443358 0.0421052631575254 0.09261744966318634
0 0.4921052631535781 0.20939597315155176 0.05087719298200986 0.08859060402565651
0 0.5456140350829333 0.26711409395614616 0.04912280701711296 0.10469798657577588
0 0.671052631573061 0.1953020134201973 0.05087719298200986 0.08993288590483312
0 0.6780701754326486 0.28523489932503043 0.04385964912242229 0.10335570469659926
0 0.7570175438530087 0.29865771811679653 0.04736842105221607 0.0979865771798928
0 0.8131578947297092 0.15503355704489888 0.0614035087713912 0.11946308724671863
0 0.8793859649045669 0.2932885906000901 0.07807017543791167 0.13825503355519123
0 0.21096491227885122 0.2617449664394397 0.044736842104870736 0.0778523489922436
