0 0.020507812499599456 0.28839590443193863 0.0332031249993515 0.04778156996505492
0 0.11523437499774933 0.28924914675274316 0.04687499999908447 0.046075085323445814
0 0.15039062499706268 0.34129692832182085 0.050781249999008175 0.058020477814709544
0 0.1435546874971962 0.4974402730290539 0.07226562499858856 0.06655290102275506
0 0.04492187499912262 0.6757679180772053 0.08203124999839782 0.1194539249126373
0 0.3505859374931526 0.7508532423080059 0.20507812499599457 0.19795221842665608
0 0.27343749999465944 0.32849829350975257 0.04296874999916077 0.03583617747379119
0 0.2988281249941635 0.3498293515298664 0.04687499999908447 0.04436860068183671
0 0.3906249999923706 0.3686006825875665 0.050781249999008175 0.04436860068183671
0 0.9111328124822045 0.39078498292848485 0.07226562499858856 0.0784982935140188
