0 0.0426278836505253 0.7054673721215967 0.08324974924690823 0.24691358024255886
0 0.04513540621820326 0.5264550264457416 0.08826479438226414 0.1710758377394872
0 0.08625877632812178 0.4753086419669258 0.06619859578669811 0.1287477954121914
0 0.16750250752088763 0.430335096994174 0.048144433299416804 0.09876543209702354
0 0.1930792377112028 0.3924162257426382 0.04112337010991852 0.07231040564246366
0 0.24924774322718907 0.3712522045789903 0.03510531594749142 0.05820105820003173
0 0.27181544633629073 0.36243386242747033 0.026078234703850768 0.05114638447881576
0 0.2838515546611449 0.3606701939971663 0.016048144433138935 0.04056437389699181
0 0.2963891674995347 0.3465608465547344 0.01705115346021012 0.044091710757599795
0 0.30942828485146007 0.3412698412638224 0.015045135406067752 0.03703703703638383
0 0.7061183550581132 0.5634920634821253 0.08826479438226414 0.1534391534364473
0 0.6735205616782997 0.33333333332745446 0.02908726178506432 0.059964726630335724
0 0.5341023069154052 0.5158730158639176 0.04914744232648799 0.11816578483036745
0 0.46690070210163587 0.41798941798204603 0.04112337010991852 0.08465608465459161
0 0.43731193580303596 0.4012345678941581 0.028084252757993138 0.06878306878185568
0 0.4232698094240394 0.36948853614868626 0.024072216649708402 0.044091710757599795
0 0.41073219658564963 0.3518518518456464 0.01705115346021012 0.04056437389699181
0 0.4277833500458597 0.3368606701880624 0.015045135406067752 0.03174603174547185
