0 0.07455683003050513 0.23395931142043883 0.05318039624553513 0.11424100156315742
0 0.27841501563838983 0.2112676056304966 0.04796663190773757 0.09389671361355403
0 0.42752867569940006 0.21830985915151313 0.045881126172618546 0.09859154929423174
0 0.4525547445208284 0.2613458528910587 0.06256517205357075 0.11893583724383512
0 0.49217935348808983 0.24569640062213308 0.041710114702380494 0.08450704225219864
0 0.5364963503593692 0.19953051642880235 0.05318039624553513 0.08920187793287634
0 0.5599582898794582 0.24256651016834793 0.06256517205357075 0.10328638497490944
0 0.566736183518595 0.3333333333281168 0.06569343065624927 0.11893583724383512
0 0.6131386861249932 0.2402190923280091 0.056308654848213666 0.0954616588404466
0 0.637122002078862 0.3098591549247283 0.056308654848213666 0.11267605633626485
0 0.6871741397217187 0.2848200312944473 0.06256517205357075 0.1251956181514054
0 0.7476538060401704 0.23552425664733137 0.04796663190773757 0.11737089201694255
0 0.7752867570304974 0.33802816900879457 0.07194994786160636 0.1283255086051905
0 0.8076120959248423 0.40923317683240634 0.08029197080208246 0.11737089201694255
0 0.8149113659977589 0.4843505477232496 0.09071949947767757 0.12363067292451282
0 0.9040667361740973 0.4843505477232496 0.07299270072916586 0.12676056337829794
0 0.9562043795520728 0.4655712050005388 0.07299270072916586 0.12676056337829794
0 0.8550573513988001 0.35993740218529047 0.06256517205357075 0.11580594679004998
0 0.8472367048921038 0.27934272300032326 0.07403545359672538 0.12676056337829794
0 0.8117831073950804 0.22769953051286854 0.06152241918601123 0.11111111110937227
0 0.925964546392847 0.29029733958857123 0.0750782064642849 0.1392801251934385
