0 0.19555555555120988 0.661392405042361 0.09333333333125926 0.16455696202010894
0 0.09777777777560494 0.4920886075793643 0.07555555555387654 0.11708860759123137
0 0.20111111110664195 0.4889240506174391 0.08222222222039506 0.1487341772104831
0 0.1533333333299259 0.35917721517850704 0.04888888888780247 0.10443037974353069
0 0.04111111111019753 0.2515822784730512 0.05111111110997531 0.09177215189582999
0 0.18555555555143208 0.23101265822053757 0.055555555554320984 0.08227848101005447
0 0.20444444443990123 0.1455696202485579 0.04888888888780247 0.07594936708620413
0 0.14777777777449383 0.1249999999960443 0.04666666666562963 0.07911392404812931
0 0.19111111110686418 0.05854430379561568 0.03555555555476543 0.06645569620042861
0 0.12666666666385185 0.01582278480962586 0.026666666666074073 0.025316455695401377
0 0.24666666666118517 0.09810126581968033 0.03999999999911111 0.07594936708620413
0 0.2711111111050864 0.050632911390802754 0.031111111110419754 0.056962025314653095
0 0.3099999999931111 0.24208860758727566 0.055555555554320984 0.09810126581968033
0 0.32999999999266666 0.3449367088498438 0.05999999999866666 0.11392405062930619
0 0.25666666666096294 0.41139240505027236 0.06888888888735802 0.12658227847700687
0 0.4099999999908889 0.6123417721325208 0.10444444444212345 0.16139240505818378
0 0.41888888887958026 0.4746835442887758 0.08222222222039506 0.13291139240085723
0 0.44222222221239504 0.4082278480883472 0.06222222222083951 0.10126582278160551
0 0.44222222221239504 0.3306962025211805 0.053333333332148146 0.08544303797197965
0 0.46888888887846913 0.26740506328267705 0.04888888888780247 0.08544303797197965
0 0.3444444444367901 0.16297468353914638 0.044444444443456785 0.06645569620042861
0 0.3611111111030864 0.11392405062930619 0.04666666666562963 0.06962025316235379
0 0.3766666666582963 0.050632911390802754 0.042222222221283946 0.056962025314653095
0 0.39111111110241975 0.034810126581176895 0.031111111110419754 0.056962025314653095
0 0.4733333333228148 0.06329113923850344 0.031111111110419754 0.056962025314653095
0 0.48666666665585184 0.12816455695796947 0.04888888888780247 0.09177215189582999
0 0.5599999999875556 0.1708860759439593 0.044444444443456785 0.08227848101005447
0 0.5722222222095061 0.09810126581968033 0.03777777777693827 0.07594936708620413
0 0.5499999999877777 0.07120253164331637 0.03333333333259259 0.06645569620042861
0 0.561111111098642 0.023734177214438792 0.03333333333259259 0.041139240505027236
0 0.4744444444339012 0.025316455695401377 0.02888888888824691 0.04430379746695241
0 0.5811111110981975 0.2499999999920886 0.04666666666562963 0.10126582278160551
0 0.5733333333205926 0.36392405062139477 0.04888888888780247 0.08860759493390483
0 0.6055555555420987 0.4082278480883472 0.06888888888735802 0.10759493670545585
0 0.5833333333203703 0.4873417721364765 0.08222222222039506 0.1455696202485579
0 0.719999999984 0.6661392404852488 0.09777777777560494 0.18670886075358514
0 0.8955555555356542 0.6329113923850345 0.09777777777560494 0.16455696202010894
0 0.7911111110935308 0.4810126582126262 0.06666666666518518 0.12658227847700687
0 0.7422222222057283 0.4287974683408608 0.06222222222083951 0.11075949366738103
0 0.7044444444287901 0.36392405062139477 0.05777777777649382 0.08860759493390483
0 0.6655555555407654 0.16613924050107154 0.042222222221283946 0.06645569620042861
0 0.6677777777629382 0.10443037974353069 0.04666666666562963 0.06962025316235379
0 0.6377777777636049 0.042721518985989825 0.031111111110419754 0.06012658227657827
0 0.7344444444281234 0.06645569620042861 0.03777777777693827 0.056962025314653095
0 0.7533333333165926 0.10443037974353069 0.044444444443456785 0.06962025316235379
0 0.8166666666485185 0.24208860758727566 0.04666666666562963 0.09177215189582999
0 0.857777777758716 0.36708860758331996 0.053333333332148146 0.10759493670545585
0 0.8966666666467407 0.42246835441701047 0.06444444444301234 0.11075949366738103
0 0.9388888888680247 0.27056962024460224 0.04666666666562963 0.09177215189582999
0 0.9011111110910864 0.18670886075358514 0.04666666666562963 0.07594936708620413
0 0.8644444444252345 0.12816455695796947 0.044444444443456785 0.07278481012427895
