0 0.0789062499987671 0.6015228426243268 0.12656249999802247 0.20812182740588522
0 0.04687499999926758 0.3654822334932618 0.06249999999902344 0.1116751269007189
0 0.0999999999984375 0.2994923857792007 0.05937499999907227 0.09644670050516632
0 0.16484374999742432 0.19670050760922078 0.051562499999194336 0.09898477157109174
0 0.18515624999710695 0.3134517766417905 0.07031249999890136 0.11421319796664432
0 0.245312499996167 0.4111675126799196 0.09062499999858399 0.17766497461478006
0 0.3249999999949219 0.25507614212550567 0.0781249999987793 0.10913705583479347
0 0.3992187499937622 0.22081218273551237 0.06093749999904786 0.09644670050516632
0 0.4164062499934937 0.39213197968547886 0.07343749999885255 0.12436548223034605
0 0.4359374999931885 0.5583756345035945 0.11562499999819337 0.18781725887848177
0 0.6593749999896973 0.30329949237808884 0.14062499999780273 0.23096446699921408
