0 0.27217391304111155 0.43213457076064804 0.10434782608604916 0.17749419953390377
0 0.4204347826050397 0.42807424593470905 0.08956521739052552 0.136890951274514
0 0.5408695652126881 0.3561484918752187 0.048695652173489604 0.07888631090395723
0 0.646086956516121 0.530162412986889 0.13913043478139886 0.21345707656364898
0 0.7147826086894367 0.4083526682087198 0.08521739130360681 0.15545243619309218
0 0.733913043471879 0.3358468677455238 0.04695652173872212 0.07540603248172383
0 0.7686956521672288 0.36948955916044673 0.05217391304302458 0.09164733178547972
0 0.8165217391233346 0.3410672853788739 0.048695652173489604 0.08352668213360177
0 0.8499999999926087 0.3068445475602454 0.03913043478226843 0.05684454756314565
0 0.8317391304275501 0.28480278421943384 0.028695652173663516 0.04292343387421202
0 0.8986956521660984 0.29466357308242846 0.021739130434593572 0.04640371229644543
0 0.923478260861535 0.3213457076528846 0.039999999999652175 0.060324825985379055
0 0.9408695652092098 0.2877030162379617 0.031304347825814746 0.0487238979112677
0 0.9856521739044726 0.29524361948613403 0.028695652173663516 0.05452436194832338
