0 0.08499999999905557 0.41185185184575035 0.06777777777702469 0.09777777777632922
0 0.1549999999982778 0.4222222222159671 0.05666666666603704 0.09481481481341016
0 0.19222222222008645 0.42074074073450757 0.04444444444395062 0.07703703703589575
0 0.15611111110937656 0.34888888888372016 0.04999999999944445 0.07851851851735528
0 0.2099999999976667 0.37481481480926204 0.05333333333274075 0.08296296296173389
0 0.25888888888601236 0.36296296295758573 0.04888888888834568 0.06814814814713854
0 0.27888888888579016 0.43185185184545405 0.05333333333274075 0.09037037036903156
0 0.33777777777402473 0.42370370369742666 0.04666666666614815 0.08296296296173389
0 0.3355555555518272 0.36148148147612624 0.04444444444395062 0.07111111111005762
0 0.3111111111076543 0.32888888888401646 0.03999999999955556 0.06814814814713854
0 0.27833333333024074 0.33629629629131413 0.045555555555049386 0.07703703703589575
0 0.37222222221808643 0.3414814814764225 0.03999999999955556 0.06962962962859809
0 0.3899999999956667 0.4311111111047243 0.04444444444395062 0.07703703703589575
0 0.4555555555504939 0.38074074073510017 0.05333333333274075 0.07111111111005762
0 0.5088888888832346 0.44518518517858985 0.03777777777735803 0.057777777776921814
0 0.4861111111057099 0.35407407406882857 0.0322222222218642 0.059259259258381346
0 0.41388888888429015 0.3533333333280988 0.04333333333285185 0.06666666666567901
0 0.528333333327463 0.339999999994963 0.036666666666259264 0.07851851851735528
0 0.5722222222158643 0.35851851851320715 0.03333333333296296 0.06814814814713854
0 0.5777777777713581 0.4244444444381564 0.03777777777735803 0.060740740739840884
0 0.6322222222151975 0.44074074073421127 0.03777777777735803 0.06962962962859809
0 0.6199999999931112 0.3414814814764225 0.03777777777735803 0.06370370370275995
0 0.6677777777703581 0.35555555555028806 0.03333333333296296 0.05629629629546228
0 0.6883333333256852 0.4177777777715885 0.036666666666259264 0.06518518518421948
0 0.7122222222143086 0.34074074073569277 0.0355555555551605 0.06518518518421948
0 0.7144444444365062 0.40074074073480387 0.031111111110765435 0.054814814814002744
0 0.7549999999916112 0.4059259259199122 0.036666666666259264 0.059259259258381346
0 0.7961111111022655 0.43037037036399456 0.036666666666259264 0.060740740739840884
0 0.8266666666574816 0.416296296290129 0.0355555555551605 0.05333333333254321
0 0.8499999999905556 0.40518518517918245 0.028888888888567905 0.057777777776921814
0 0.8866666666568149 0.4155555555493992 0.0355555555551605 0.054814814814002744
