0 0.05186385737355164 0.557651991602565 0.1004862236612563 0.18029350104443828
0 0.17423014586427504 0.2547169811267355 0.07617504051740397 0.11111111110878175
0 0.291734197726228 0.47274633122698645 0.06807131280278653 0.1027253668741567
0 0.35089141004293534 0.5230607966347367 0.072933549431557 0.10691823899146922
0 0.434359805503495 0.44549266246445507 0.06482982171693955 0.09853249475684418
0 0.4716369529907352 0.5828092243064401 0.09724473257540933 0.14675052410593814
0 0.507293354935052 0.47589098531497087 0.05186385737355164 0.07547169811162534
0 0.5542949756798331 0.49790356393086155 0.07131280388863351 0.10691823899146922
0 0.5883306320812264 0.461215932904377 0.055105348459398615 0.08805031446356289
0 0.6677471636844774 0.557651991602565 0.10372771474710328 0.14675052410593814
0 0.6693679092274009 0.889937106899582 0.26256077795360516 0.2201257861589072
0 0.9570502430963201 0.8354297693745193 0.08589951377494491 0.20754716980696966
0 0.6669367909130156 0.47589098531497087 0.05348460291647513 0.07547169811162534
0 0.7204213938294908 0.485324947578924 0.047001620744781175 0.07337526205296907
0 0.7852512155464303 0.47903563940295524 0.06320907617401607 0.09853249475684418
0 0.8152350080905149 0.5387840670746586 0.07779578606032746 0.12159329140206304
0 0.8379254456914437 0.4654088050216896 0.06807131280278653 0.07966457022893784
0 0.8614262560638343 0.4297693920245331 0.05996758508816909 0.07127882599431282
0 0.9513776336960879 0.48742138363758025 0.06807131280278653 0.09433962263953166
