0 0.0951704545450683 0.5744485294082449 0.0783279220776042 0.11825980392084401
0 0.18445616883042024 0.59129901960422 0.07508116883086412 0.12867647058744686
0 0.24452110389511153 0.4966299019577413 0.050730519480313596 0.08149509803871634
0 0.3429383116869199 0.5113357843105923 0.06331168831143137 0.1121323529404894
0 0.39995941558279235 0.6069240196041243 0.0880681818178244 0.15992647058725537
0 0.5040584415563959 0.5091911764674683 0.06249999999974635 0.10171568627388655
0 0.6112012986988182 0.48897058823229805 0.05925324675300628 0.12377450980316317
0 0.6860795454517611 0.4656862745069505 0.05478896103873868 0.08823529411710641
0 0.8518668831134258 0.6372549019568796 0.09334415584377702 0.1960784313713476
0 0.8721590909055513 0.5067401960753264 0.07224025973996656 0.1360294117638724
