0 0.8411111110924198 0.6301369862797899 0.22888888888380246 0.30821917807163635
0 0.6099999999864444 0.4589041095733252 0.1399999999968889 0.2328767123207919
0 0.43111111110153083 0.36815068491889896 0.12888888888602468 0.18835616437711108
0 0.3266666666594074 0.280821917798602 0.09333333333125926 0.15753424656994747
0 0.2633333333274815 0.2619863013608909 0.06444444444301234 0.14726027396755959
0 0.13333333333037037 0.1729452054735293 0.06222222222083951 0.08561643835323232
0 0.08111111110930865 0.17979452054178788 0.04666666666562963 0.08561643835323232
0 0.042222222221283946 0.17636986300765858 0.044444444443456785 0.08561643835323232
0 0.06333333333192592 0.10616438355800807 0.04666666666562963 0.07534246575084444
0 0.016666666666296296 0.1369863013651717 0.02888888888824691 0.06849315068258585
0 0.23777777777249381 0.12842465752984847 0.053333333332148146 0.08561643835323232
0 0.359999999992 0.1147260273933313 0.053333333332148146 0.0924657534214909
0 0.32888888888158024 0.10787671232507272 0.031111111110419754 0.06506849314845656
0 0.3166666666596296 0.09075342465442626 0.024444444443901234 0.05136986301193939
0 0.4011111111021975 0.1335616438310424 0.03777777777693827 0.07534246575084444
0 0.4211111111017531 0.09589041095562019 0.03333333333259259 0.06164383561432727
0 0.4555555555454321 0.11301369862626666 0.044444444443456785 0.08219178081910303
0 0.5022222222110617 0.17636986300765858 0.03999999999911111 0.07876712328497373
0 0.5355555555436543 0.1849315068429818 0.07555555555387654 0.11643835616039595
0 0.5077777777664938 0.11643835616039595 0.03333333333259259 0.05479452054606868
0 0.47777777776716046 0.10616438355800807 0.031111111110419754 0.06849315068258585
0 0.5555555555432099 0.11986301369452525 0.03999999999911111 0.06849315068258585
0 0.5966666666534074 0.13869863013223635 0.03333333333259259 0.06506849314845656
0 0.6188888888751358 0.11643835616039595 0.02888888888824691 0.05479452054606868
0 0.6366666666525185 0.22431506848546867 0.09999999999777777 0.14726027396755959
0 0.7822222222048395 0.2636986301279555 0.08888888888691357 0.15753424656994747
0 0.7533333333165926 0.15410958903581817 0.06222222222083951 0.09589041095562019
0 0.7033333333177036 0.12842465752984847 0.02888888888824691 0.06506849314845656
0 0.6544444444299012 0.14212328766636564 0.042222222221283946 0.07191780821671515
0 0.6677777777629382 0.1147260273933313 0.03333333333259259 0.05136986301193939
0 0.9588888888675802 0.32363013697521814 0.08222222222039506 0.17465753424059394
0 0.878888888869358 0.1729452054735293 0.08222222222039506 0.11301369862626666
0 0.9311111110904197 0.1729452054735293 0.044444444443456785 0.0924657534214909
0 0.8833333333137037 0.10958904109213737 0.042222222221283946 0.05479452054606868
0 0.9799999999782222 0.07534246575084444 0.031111111110419754 0.05479452054606868
0 0.8344444444259012 0.10102739725681413 0.02888888888824691 0.05136986301193939
0 0.8077777777598272 0.09417808218855554 0.024444444443901234 0.05136986301193939
0 0.7922222222046172 0.09760273972268484 0.02888888888824691 0.05136986301193939
0 0.7599999999831111 0.09589041095562019 0.031111111110419754 0.041095890409551514
0 0.7455555555389877 0.08561643835323232 0.019999999999555554 0.041095890409551514
0 0.7111111110953086 0.09589041095562019 0.022222222221728392 0.041095890409551514
