0 0.04067796610100546 0.4311224489685938 0.07796610169359379 0.18877551019926592
0 0.0949152542356794 0.37244897958233547 0.06779661016834243 0.12244897958871304
0 0.11610169491328641 0.3150510204001262 0.04237288135521402 0.07397959183484745
0 0.13983050847220624 0.2959183673393898 0.03559322033837977 0.06122448979435652
0 0.2457627118602413 0.1989795918316587 0.02372881355891985 0.04591836734576739
0 0.23983050847051132 0.29719387754343896 0.06949152542255099 0.13520408162920397
0 0.23135593219946854 0.4119897959078574 0.11355932203197357 0.20663265305595324
0 0.36271186440063197 0.3048469387677335 0.0644067796599253 0.11989795918061485
0 0.5135593220251938 0.39413265305117007 0.08813559321884515 0.17091836734257862
0 0.5220338982962367 0.31887755101227355 0.06101694915150818 0.1071428571401239
0 0.5050847457541511 0.27551020407460436 0.05423728813467394 0.09183673469153478
0 0.43728813558580865 0.2551020408098188 0.03728813559258833 0.06122448979435652
0 0.4135593220268888 0.30994897958392986 0.03728813559258833 0.07397959183484745
0 0.29491525423228954 0.284438775502948 0.02711864406733697 0.04846938775386558
0 0.2881355932154553 0.24489795917742607 0.02711864406733697 0.04081632652957101
0 0.30423728813043666 0.22704081632073875 0.025423728813128408 0.04591836734576739
0 0.3262711864351479 0.2640306122381625 0.028813559321545532 0.05357142857006195
0 0.5720338982953892 0.2640306122381625 0.028813559321545532 0.0637755102024547
0 0.6254237288029588 0.24999999999362243 0.044067796609422574 0.0867346938753384
0 0.6677966101581729 0.2512755101976715 0.033898305084171215 0.07397959183484745
0 0.6644067796497558 0.31760204080822446 0.06779661016834243 0.11989795918061485
0 0.7745762711733122 0.40433673468356285 0.09830508474409652 0.18112244897497137
0 0.7016949152423441 0.22576530611668966 0.013559322033668485 0.02806122448908007
0 0.7330508474452024 0.21173469387214963 0.015254237287877045 0.03061224489717826
0 0.8271186440537776 0.2729591836665061 0.07118644067675954 0.1326530612211058
0 0.9618644067633582 0.33801020407300997 0.07627118643938523 0.216836734688346
