0 0.09642857142719388 0.2974999999950417 0.1185714285697347 0.1516666666641389
0 0.19857142856859183 0.4699999999921667 0.048571428570734695 0.0899999999985
0 0.22071428571113266 0.3708333333271528 0.04999999999928571 0.08499999999858333
0 0.25642857142490816 0.42999999999283334 0.05857142857059184 0.08666666666522221
0 0.37714285713746937 0.3358333333277361 0.03999999999942857 0.061666666665638886
0 0.4107142857084184 0.3691666666605139 0.04714285714218367 0.06833333333219445
0 0.4821428571359694 0.37499999999375 0.06428571428479592 0.08666666666522221
0 0.4457142857079184 0.5233333333246111 0.07999999999885714 0.0899999999985
0 0.5164285714211939 0.26333333332894443 0.044285714285081636 0.05666666666572222
0 0.6578571428477449 0.25499999999575 0.04714285714218367 0.06666666666555555
0 0.69999999999 0.43583333332606944 0.07142857142755102 0.10499999999825
0 0.7428571428465306 0.34749999999420833 0.04285714285653061 0.07166666666547222
0 0.8678571428447449 0.5633333333239444 0.0842857142845102 0.10999999999816666
0 0.9457142857007755 0.592499999990125 0.10571428571277551 0.19833333333002778
0 0.8892857142730102 0.3933333333267778 0.04714285714218367 0.06999999999883333
0 0.9714285714146939 0.2741666666620972 0.04285714285653061 0.061666666665638886
0 0.03285714285667347 0.3816666666603056 0.05142857142783674 0.053333333332444444
