0 0.6644345237996364 0.394444444435679 0.03124999999953497 0.05111111110997531
0 0.46502976189784184 0.7211111110950864 0.12351190476006679 0.2022222222177284
0 0.30580357142402076 0.6377777777636049 0.09970238095089728 0.1466666666634074
0 0.02901785714242533 0.4111111111019753 0.05505952380870447 0.08888888888691357
0 0.0729166666655816 0.4133333333241481 0.05952380952292376 0.10222222221995061
0 0.11532738095066478 0.3222222222150617 0.04315476190411972 0.06666666666518518
0 0.34002976189970197 0.34666666665896295 0.025297619047242596 0.03999999999911111
0 0.4441964285648185 0.35666666665874075 0.01934523809495022 0.03333333333259259
0 0.30059523809076494 0.29222222221572836 0.02976190476146188 0.04666666666562963
0 0.26190476190086454 0.17222222221839506 0.0238095238091695 0.03777777777693827
0 0.20684523809216004 0.27888888888269137 0.02678571428531569 0.042222222221283946
0 0.13095238095043227 0.19444444444012346 0.02678571428531569 0.042222222221283946
0 0.08110119047498361 0.24999999999444444 0.03124999999953497 0.05111111110997531
0 0.05357142857063138 0.12777777777493826 0.02678571428531569 0.042222222221283946
0 0.046874999999302454 0.06222222222083951 0.022321428571096407 0.03999999999911111
0 0.06696428571328922 0.02888888888824691 0.020833333333023313 0.03999999999911111
