0 0.11833333333234723 0.5156249999935547 0.09333333333255556 0.10874999999864061
0 0.2179166666648507 0.4887499999938906 0.06416666666613195 0.09499999999881249
0 0.29749999999752086 0.43124999999460933 0.0683333333327639 0.09499999999881249
0 0.23749999999802085 0.626874999992164 0.10999999999908334 0.14624999999817187
0 0.25999999999783335 0.8149999999898124 0.1366666666655278 0.20499999999743748
0 0.3345833333305452 0.563749999992953 0.059166666666173616 0.11499999999856249
0 0.37499999999687506 0.5056249999936797 0.05499999999954167 0.09874999999876562
0 0.43541666666303824 0.5649999999929375 0.0758333333327014 0.12749999999840625
0 0.4537499999962188 0.4912499999938594 0.062499999999479174 0.10999999999862499
0 0.5070833333291077 0.48062499999399216 0.04583333333295139 0.09124999999885937
0 0.5562499999953646 0.5606249999929922 0.062499999999479174 0.11874999999851561
0 0.5220833333289827 0.6943749999913202 0.08749999999927084 0.14624999999817187
0 0.6408333333279931 0.6087499999923905 0.0683333333327639 0.11749999999853124
0 0.6420833333279827 0.4931249999938359 0.05749999999952084 0.10124999999873437
0 0.6145833333282119 0.3774999999952812 0.039166666666340284 0.06249999999921875
0 0.5687499999952604 0.35124999999560935 0.042499999999645835 0.07249999999909375
0 0.5187499999956772 0.3268749999959141 0.039166666666340284 0.06624999999917187
0 0.5020833333291493 0.309999999996125 0.03583333333303473 0.06249999999921875
0 0.43458333332971183 0.21749999999728123 0.04916666666625695 0.09999999999874999
0 0.6649999999944584 0.3606249999954922 0.03833333333301389 0.07624999999904687
0 0.6845833333276286 0.40312499999496093 0.039166666666340284 0.061249999999234375
0 0.6874999999942709 0.44124999999448433 0.051666666666236115 0.069999999999125
0 0.7049999999941251 0.5193749999935078 0.06333333333280557 0.11624999999854686
0 0.7912499999934063 0.5581249999930235 0.07083333333274307 0.09624999999879687
0 0.7687499999935938 0.4793749999940078 0.05583333333286806 0.09624999999879687
0 0.7508333333270765 0.36624999999542185 0.04666666666627778 0.079999999999
0 0.8433333333263057 0.39999999999499997 0.06499999999945834 0.09499999999881249
0 0.9287499999922605 0.3687499999953906 0.05083333333290973 0.09249999999884374
0 0.8674999999927709 0.6174999999922812 0.09499999999920834 0.1349999999983125
