0 0.09669811320526656 0.5110759493509153 0.08962264150732022 0.14240506328663274
0 0.063679245281517 0.42246835441701047 0.05188679245160644 0.07278481012427895
0 0.12146226414807872 0.37974683543102067 0.03537735848973166 0.06329113923850344
0 0.148584905656873 0.3987341772025717 0.042452830187677995 0.06962025316235379
0 0.21344339622138103 0.450949367074337 0.08254716980937389 0.11708860759123137
0 0.34669811319937033 0.40348101264545944 0.042452830187677995 0.07278481012427895
0 0.36674528301021825 0.37974683543102067 0.03537735848973166 0.06962025316235379
0 0.5082547169691449 0.3892405063167962 0.03537735848973166 0.050632911390802754
0 0.5648584905527155 0.41139240505027236 0.04009433962169589 0.06329113923850344
0 0.5495283018738318 0.3829113923929458 0.033018867923749556 0.04430379746695241
