0 0.0812274368216385 0.5650406503911913 0.15884476534009306 0.3008130081219292
0 0.19043321299295246 0.3550135501258804 0.045126353789799165 0.07588075880553169
0 0.21299638988785205 0.45799457993338766 0.039711191335023266 0.07046070460513656
0 0.3005415162400624 0.5135501354874377 0.045126353789799165 0.08943089430651949
0 0.3348375451203098 0.4715447154343755 0.041516245486615234 0.07046070460513656
0 0.41516245486615233 0.4905149051357584 0.04693140794139113 0.07046070460513656
0 0.4494584837463997 0.47289972898447424 0.03610108303183933 0.062330623304543885
0 0.5324909747196301 0.517615176137734 0.05054151624457506 0.07588075880553169
0 0.5505415162355498 0.6084010839943522 0.06859205776049473 0.11111111110809997
0 0.594765342949553 0.4959349593361535 0.048736462092983095 0.07588075880553169
0 0.6660649819374357 0.5745257452418827 0.05776173285094293 0.09214092140671705
0 0.702166064969275 0.5189701896878328 0.028880866425471465 0.062330623304543885
0 0.7888086642456894 0.48644986448546207 0.043321299638207196 0.07317073170533413
0 0.8393501804902644 0.48644986448546207 0.043321299638207196 0.067750677504939
0 0.9458483754341905 0.6978319783008717 0.09747292418596619 0.18157181571323652
