0 0.0349999999993 0.3306962025211805 0.04199999999916 0.07911392404812931
0 0.11399999999772 0.3069620253067417 0.051999999998959996 0.09493670885775517
0 0.18699999999626 0.3908227847977588 0.05799999999884 0.10443037974353069
0 0.22699999999546 0.5411392404892045 0.07799999999844 0.12658227847700687
0 0.31599999999368 0.41455696201219755 0.06399999999872 0.10759493670545585
0 0.25399999999492 0.36867088606428255 0.04799999999904 0.07278481012427895
0 0.27599999999448 0.31645569619251723 0.03599999999928 0.07594936708620413
0 0.3749999999925 0.3386075949259934 0.04199999999916 0.08227848101005447
0 0.48199999999036 0.4873417721364765 0.10399999999791999 0.2151898734109117
0 0.47199999999055997 0.3749999999881329 0.04799999999904 0.07911392404812931
0 0.5549999999888999 0.3417721518879186 0.037999999999239996 0.07594936708620413
0 0.6409999999871799 0.31012658226866685 0.04199999999916 0.06962025316235379
0 0.63899999998722 0.48259493669358877 0.08199999999836 0.12974683543893206
0 0.7049999999859 0.38132911391198326 0.049999999999 0.08544303797197965
0 0.81599999998368 0.3291139240402179 0.051999999998959996 0.09493670885775517
0 0.66899999998662 0.6598101265613984 0.10599999999788 0.19936708860128585
0 0.92099999998158 0.5379746835272793 0.08999999999819999 0.18987341771551033
0 0.9039999999819199 0.3908227847977588 0.06399999999872 0.10443037974353069
0 0.9689999999806199 0.386075949354871 0.05799999999884 0.12025316455315654
