0 0.04687499999963379 0.2666666666638889 0.040624999999682616 0.04999999999947917
0 0.1148437499991028 0.2937499999969401 0.03281249999974365 0.047916666666167534
0 0.1675781249986908 0.27552083333046334 0.02890624999977417 0.04479166666620009
0 0.24882812499805604 0.34374999999641925 0.050781249999603276 0.06666666666597222
0 0.3179687499975159 0.2739583333304796 0.04218749999967041 0.08333333333246527
0 0.3648437499971497 0.2817708333303982 0.031249999999755862 0.053124999999446615
0 0.3917968749969391 0.3151041666633843 0.04296874999966431 0.06145833333269314
0 0.4410156249965546 0.3151041666633843 0.03203124999974976 0.04479166666620009
0 0.49492187499613344 0.33020833332989363 0.055468749999566656 0.08124999999915364
0 0.4703124999963257 0.32708333332992623 0.03281249999974365 0.04999999999947917
0 0.5589843749956329 0.32291666666330293 0.03828124999970093 0.058333333332725695
0 0.5859374999954224 0.3328124999965332 0.03906249999969483 0.06770833333262803
0 0.6394531249950043 0.35520833332963325 0.0445312499996521 0.06874999999928386
0 0.7449218749941804 0.39218749999591473 0.05390624999957886 0.0843749999991211
0 0.7417968749942048 0.3260416666632704 0.052343749999591065 0.07291666666590711
0 0.8449218749933991 0.3484374999963704 0.057031249999554445 0.07812499999918619
0 0.8972656249929901 0.34739583332971463 0.07109374999944458 0.09479166666567926
0 0.27812499999782714 0.27760416666377496 0.02656249999979248 0.036458333332953556
0 0.23828124999813843 0.2812499999970703 0.03593749999971924 0.05416666666610243
0 0.20039062499843446 0.2911458333303006 0.03359374999973755 0.04687499999951172
