0 0.036184210525720656 0.38820638819684994 0.06578947368312846 0.11793611793322023
0 0.13486842105041336 0.36732186731284217 0.04605263157818992 0.0614250614235522
0 0.19243421052315077 0.4336609336502786 0.05921052631481562 0.09582309582074144
0 0.2508223684169273 0.41769041768015497 0.08717105263014521 0.10810810810545188
0 0.3215460526262904 0.40540540539544456 0.054276315788580984 0.083538083536031
0 0.21874999999640213 0.34766584765730546 0.026315789473251385 0.0417690417680155
0 0.30509868420550823 0.34152334151495023 0.02138157894701675 0.03931203931107341
0 0.3708881578886367 0.35626535625660277 0.03453947368364244 0.044226044224957586
0 0.40296052630916185 0.4103194103093287 0.05921052631481562 0.083538083536031
0 0.3749999999938322 0.5085995085870122 0.09210526315637985 0.13267813267487277
0 0.4769736842026814 0.42751842750792335 0.06907894736728488 0.1031941031915677
0 0.5222039473598322 0.38574938573990786 0.04440789473611171 0.07862407862214682
0 0.49259868420242436 0.34398034397189237 0.024671052631173175 0.044226044224957586
0 0.4695723684133294 0.3648648648559001 0.027960526315329595 0.03685503685413132
0 0.4514802631504691 0.33660933660106607 0.027960526315329595 0.044226044224957586
0 0.46134868420293834 0.30835380834623205 0.027960526315329595 0.03685503685413132
0 0.3996710526250054 0.3206388206309425 0.02960526315740781 0.031941031940247146
0 0.6661184210416757 0.43611793610722066 0.04934210526234635 0.1007371007346256
0 0.9218749999848376 0.6363636363480009 0.139802631576648 0.23587223586644046
0 0.7828947368292287 0.4336609336502786 0.06249999999897204 0.0810810810790889
0 0.8519736841965136 0.38820638819684994 0.04605263157818992 0.083538083536031
0 0.8980263157747035 0.3525798525711896 0.039473684209877076 0.05159705159578385
0 0.9531249999843237 0.38943488942532095 0.03782894736779887 0.0614250614235522
0 0.9597039473526364 0.3243243243163556 0.03124999999948602 0.05405405405272594
0 0.9292763157741896 0.3230958230878846 0.026315789473251385 0.046683046681899674
0 0.9004934210378208 0.2936117936045795 0.02138157894701675 0.03685503685413132
0 0.8881578947222343 0.2678132678066876 0.02302631578909496 0.034398034397189234
0 0.925164473668994 0.27518427517751387 0.02138157894701675 0.034398034397189234
0 0.979440789457575 0.2702702702636297 0.02138157894701675 0.034398034397189234
0 0.8536184210385918 0.2936117936045795 0.02302631578909496 0.03685503685413132
0 0.8717105263014522 0.3243243243163556 0.026315789473251385 0.044226044224957586
0 0.8141447368287147 0.34398034397189237 0.03289473684156423 0.04914004913884176
0 0.7516447368297426 0.3845208845114368 0.036184210525720656 0.05159705159578385
0 0.7146381578829829 0.3292383292302398 0.024671052631173175 0.03931203931107341
0 0.6463815789367372 0.3832923832829658 0.04605263157818992 0.07862407862214682
0 0.6118421052530947 0.363636363627429 0.036184210525720656 0.06388206388049429
0 0.5855263157798433 0.3329238329156529 0.026315789473251385 0.0417690417680155
0 0.5715460526221785 0.29975429974693474 0.027960526315329595 0.044226044224957586
0 0.5156249999915193 0.3022113022038768 0.024671052631173175 0.034398034397189234
0 0.50575657893905 0.3206388206309425 0.02138157894701675 0.03685503685413132
0 0.5970394736743908 0.3034398034323479 0.02302631578909496 0.03685503685413132
0 0.6208881578845249 0.2948402948330506 0.018092105262860328 0.034398034397189234
0 0.668585526304793 0.2714987714921007 0.02138157894701675 0.031941031940247146
0 0.7039473684094746 0.3034398034323479 0.019736842104938538 0.03685503685413132
0 0.7582236841980555 0.3292383292302398 0.026315789473251385 0.034398034397189234
0 0.7648026315663684 0.2985257985184637 0.02302631578909496 0.031941031940247146
0 0.7516447368297426 0.2899262899191664 0.019736842104938538 0.02457002456942088
0 0.7409539473562343 0.27518427517751387 0.02138157894701675 0.029484029483305058
0 0.7302631578827259 0.24938574937962193 0.019736842104938538 0.02702702702636297
0 0.7746710526188376 0.2641277641212745 0.019736842104938538 0.03685503685413132
