0 0.9033203124911786 0.2830645161244667 0.08984374999912263 0.17580645161006764
0 0.7983398437422038 0.32580645160764826 0.02636718749974251 0.06451612903121748
0 0.8168945312420226 0.3217741935431972 0.022460937499780658 0.0564516129023153
0 0.7583007812425948 0.32822580644631894 0.055664062499456414 0.12419354838509365
0 0.6948242187432146 0.3161290322529657 0.08105468749920845 0.15483870967492197
0 0.594238281244197 0.2669354838666623 0.05761718749943734 0.10806451612728928
0 0.5278320312448455 0.3217741935431972 0.03222656249968529 0.06612903225699791
0 0.45703124999553685 0.3193548387045265 0.0664062499993515 0.13225806451399583
0 0.4990234374951268 0.3274193548334287 0.027343749999732974 0.05483870967653486
0 0.42578124999584205 0.32903225805920916 0.031249999999694827 0.06129032257965661
0 0.3813476562462759 0.3685483870908299 0.04785156249953271 0.09838709677260667
0 0.3623046874964619 0.28709677418891777 0.029296874999713902 0.051612903224973986
0 0.3627929687464571 0.3266129032205385 0.03222656249968529 0.0564516129023153
0 0.2924804687471438 0.3161290322529657 0.03613281249964714 0.06451612903121748
0 0.2480468749975777 0.358064516123257 0.07031249999931335 0.12903225806243496
0 0.2016601562480307 0.3411290322525624 0.03613281249964714 0.07580645161168054
0 0.1572265624984646 0.33145161289787983 0.048828124999523166 0.08870967741792404
0 0.11035156249892236 0.3790322580584027 0.058593749999427805 0.1129032258046306
0 0.0693359374993229 0.33387096773655045 0.048828124999523166 0.08387096774058272
0 0.01708984374983311 0.31532258064007546 0.030273437499704365 0.0564516129023153
