0 0.07647058823439447 0.19686411149482816 0.05176470588174394 0.09407665505062585
0 0.21588235293863667 0.19686411149482816 0.05999999999929412 0.1045296167229176
0 0.2805882352908166 0.1698606271747411 0.04117647058775087 0.08188153309961879
0 0.3288235294078962 0.1881533101012517 0.07411764705795156 0.11498257839520937
0 0.4994117647000069 0.1846689895438211 0.05764705882285121 0.10104529616548702
0 0.5499999999935294 0.17421602787152934 0.04588235294063668 0.09756097560805643
0 0.6311764705808097 0.16898954703538346 0.06705882352862284 0.12891986062493171
0 0.7664705882262768 0.13937282229722348 0.06941176470506574 0.12195121951007054
0 0.88235294116609 0.20209059233097404 0.061176470587515575 0.1045296167229176
0 0.9405882352830519 0.2090592334458352 0.04588235294063668 0.09059233449319526
