0 0.15036651234538895 0.6750578703684171 0.10474537037016832 0.13136574074036064
0 0.1551890432095772 0.6015624999982594 0.07040895061714814 0.08564814814790032
0 0.20196759259220298 0.5995370370353023 0.04822530864188228 0.10416666666636526
0 0.25646219135752996 0.6011284722204828 0.045331790123369346 0.06799768518498843
0 0.33458719135737924 0.6093749999982367 0.05999228395050156 0.0908564814812186
0 0.37384259259187147 0.6202256944426499 0.05439814814804321 0.08362268518494323
0 0.6357060185172922 0.5985243055538237 0.04185956790115382 0.0714699074072006
0 0.6636766975295839 0.6248553240722661 0.04687499999990958 0.08478009259234728
0 0.7053433641961703 0.6357060185166791 0.0503472222221251 0.08159722222198612
0 0.7565586419738493 0.6135706018500765 0.05092592592582769 0.07841435185162496
0 0.8003472222206783 0.7050057870349971 0.1053240740738709 0.14554398148106035
0 0.9433834876525012 0.63310185185002 0.05652006172828603 0.0931712962960267
0 0.9239969135784645 0.5912905092575483 0.04398148148139664 0.06278935185167017
0 0.9812885802450206 0.6160300925908101 0.03742283950610065 0.10011574074045106
