0 0.06015624999906006 0.8030303030129214 0.10468749999836427 0.14718614718296136
0 0.13671874999786376 0.7683982683816365 0.08906249999860841 0.1428571428540507
0 0.40937499999360355 0.7619047618882705 0.09687499999848634 0.1255411255384082
0 0.17578124999725342 0.9393939393736063 0.22031249999655764 0.12121212120949758
0 0.6664062499895874 0.8160173159996533 0.09531249999851074 0.13419913419622947
0 0.7820312499877808 0.9318181817980127 0.1453124999977295 0.13636363636068477
0 0.777343749987854 0.8441558441375725 0.12656249999802247 0.16450216449860386
0 0.8234374999871338 0.45454545453561596 0.0781249999987793 0.1255411255384082
0 0.7390624999884522 0.5259740259626413 0.06874999999892578 0.09956709956494444
0 0.671874999989502 0.46212121211120955 0.07499999999882813 0.13203463203177415
0 0.5835937499908814 0.5064935064825434 0.07031249999890136 0.1082251082227657
0 0.4929687499922974 0.41666666665764795 0.0671874999989502 0.11471861471613164
0 0.40937499999360355 0.4848484848379903 0.07187499999887696 0.10389610389385506
0 0.3156249999950684 0.4610389610289819 0.06874999999892578 0.12121212120949758
0 0.2109374999967041 0.5064935064825434 0.07499999999882813 0.09956709956494444
