0 0.1320754716956212 0.5552407931854039 0.1320754716956212 0.2266288951777159
0 0.18490566037386968 0.43342776202738165 0.09811320754531862 0.1586402266244011
0 0.35849056603097185 0.5297450424779109 0.10566037735649697 0.2266288951777159
0 0.6481132075349412 0.7436260623018802 0.137735849054005 0.2577903682646518
0 0.823584905644838 0.5878186968672006 0.12641509433723744 0.2691218130235376
0 0.7396226414954787 0.41076487250961 0.06415094339501602 0.10764872520941504
0 0.7933962264001245 0.37110481585350974 0.05849056603663225 0.10764872520941504
0 0.7575471697970274 0.16713881019356547 0.05471698113104307 0.10198300282997215
0 0.862264150927127 0.23796033993660168 0.04528301886707013 0.07365439093275766
0 0.9216981131901566 0.3215297450333844 0.050943396225453894 0.0991501416402507
0 0.9405660377181024 0.426345609053078 0.06981132075339978 0.12747875353746518
0 0.9745283018684051 0.33144475919740946 0.050943396225453894 0.07932011331220055
0 0.6849056603644357 0.2747875354029805 0.04150943396148095 0.06798866855331476
0 0.6481132075349412 0.29461756373103065 0.04339622641427554 0.062322946173871865
0 0.6141509433846386 0.3796033994226741 0.050943396225453894 0.09065155807108635
0 0.4905660377265931 0.3413597733614345 0.06037735848942684 0.0991501416402507
0 0.4801886792362228 0.26487252123895544 0.039622641508686364 0.05949008498415042
0 0.4905660377265931 0.23512747874688023 0.04150943396148095 0.050991501414986075
0 0.5518867924424172 0.262039660049234 0.03584905660309719 0.06515580736359332
0 0.5905660377247063 0.2507082152903482 0.033962264150302596 0.05949008498415042
0 0.4386792452747419 0.2747875354029805 0.03584905660309719 0.07365439093275766
0 0.387735849049288 0.2337110481520195 0.039622641508686364 0.06515580736359332
0 0.36981132074773937 0.20254957506508356 0.03018867924471342 0.04815864022526462
0 0.2962264150887504 0.31303116146422005 0.04905660377265931 0.0991501416402507
0 0.21509433961858312 0.31019830027449863 0.052830188678248485 0.0878186968813649
0 0.22075471697696689 0.26487252123895544 0.04150943396148095 0.07648725212247912
0 0.09716981131892131 0.2634560906440947 0.039622641508686364 0.062322946173871865
0 0.05943396226302954 0.25920679885951253 0.04716981131986472 0.0878186968813649
0 0.04150943396148095 0.21246458922910863 0.04150943396148095 0.062322946173871865
0 0.020754716980740474 0.2634560906440947 0.03773584905589177 0.07365439093275766
