0 0.56454545453519 0.46802325580034815 0.023636363635933882 0.04069767441742157
0 0.46181818180978507 0.7906976743956192 0.11636363636152065 0.22093023255171712
0 0.22636363635952064 0.8502906976497008 0.18363636363302477 0.2703488372014433
0 0.15999999999709089 0.703488372072573 0.07636363636224792 0.11627906976406165
0 0.11727272727059504 0.671511627887456 0.05272727272631405 0.10465116278765549
0 0.09545454545280992 0.6177325581215775 0.030909090908528922 0.05523255813792928
0 0.016363636363338842 0.5973837209128667 0.029090909090380163 0.061046511626132366
0 0.04272727272649587 0.5901162790526129 0.027272727272231404 0.04651162790562466
0 0.15454545454264462 0.6075581395172222 0.032727272726677685 0.05813953488203082
0 0.18999999999654543 0.5988372092849175 0.04181818181742149 0.05813953488203082
0 0.23363636363211568 0.6279069767259329 0.03818181818112396 0.052325581393827744
0 0.21272727272340494 0.6700581395154053 0.04363636363557025 0.06686046511433545
0 0.2554545454499008 0.7005813953284714 0.059999999998909086 0.11046511627585856
0 0.23181818181396693 0.6031976744010697 0.027272727272231404 0.05523255813792928
0 0.2909090909038016 0.6177325581215775 0.032727272726677685 0.061046511626132366
0 0.3209090909032562 0.6627906976551514 0.034545454544826444 0.0639534883702339
0 0.3236363636304793 0.6220930232377299 0.029090909090380163 0.052325581393827744
0 0.35272727272085946 0.6249999999818313 0.02545454545408264 0.05813953488203082
0 0.37181818181142146 0.6366279069582376 0.030909090908528922 0.05813953488203082
0 0.38090909090216524 0.7078488371887253 0.05272727272631405 0.10755813953175702
0 0.4145454545379173 0.6293604650979837 0.02545454545408264 0.06686046511433545
0 0.44090909090107433 0.6366279069582376 0.030909090908528922 0.06976744185843699
0 0.46727272726423136 0.6322674418420852 0.02545454545408264 0.061046511626132366
0 0.4936363636273884 0.6279069767259329 0.027272727272231404 0.0639534883702339
0 0.5472727272627769 0.6860465116079637 0.04363636363557025 0.0988372092994524
0 0.777272727258595 0.652616279050796 0.027272727272231404 0.05523255813792928
0 0.5827272727166777 0.6366279069582376 0.034545454544826444 0.0639534883702339
0 0.8127272727124958 0.6482558139346437 0.032727272726677685 0.0639534883702339
0 0.856363636348066 0.6555232557948976 0.0363636363629752 0.07848837209074161
0 0.8881818181656693 0.6424418604464406 0.030909090908528922 0.06976744185843699
0 0.9690909090732892 0.6758720930036083 0.04363636363557025 0.10755813953175702
0 0.9381818181647603 0.6598837209110499 0.032727272726677685 0.07558139534664007
0 0.9163636363469752 0.6511627906787452 0.029090909090380163 0.06976744185843699
