0 0.72799999998544 0.30836236932723476 0.03199999999936 0.0662020905900278
0 0.7259999999854799 0.5156794424907428 0.03599999999928 0.07665505226213745
0 0.7979999999840399 0.8327526132114023 0.08799999999824 0.16027874563901467
0 0.85399999998292 0.6986062717526618 0.06399999999872 0.14982578396690502
0 0.94099999998118 0.6184668989331544 0.053999999998919995 0.13588850173742548
0 0.9649999999807 0.5679442508512911 0.037999999999239996 0.090592334491617
0 0.64599999998708 0.9459930313259235 0.09599999999808 0.10801393727846641
0 0.52099999998958 0.6184668989331544 0.06199999999876 0.10104529616372664
0 0.6009999999879799 0.5505226480644417 0.04599999999908 0.07665505226213745
0 0.62599999998748 0.5313588849989074 0.03199999999936 0.08013937281950734
0 0.64599999998708 0.48606271775309884 0.03199999999936 0.05923344947528803
0 0.5699999999886 0.5017421602612633 0.03599999999928 0.06271777003265791
0 0.59299999998814 0.48606271775309884 0.025999999999479998 0.05923344947528803
0 0.49899999999002 0.5331010452775923 0.04199999999916 0.07665505226213745
0 0.5299999999894 0.5226480836054826 0.039999999999199995 0.06968641114739768
0 0.5219999999895599 0.4668989546875645 0.03599999999928 0.055749128917918146
0 0.44599999999108 0.4843205574744139 0.03599999999928 0.055749128917918146
0 0.46499999999069996 0.4547038327367699 0.0299999999994 0.05923344947528803
0 0.42699999999146 0.4390243902286054 0.0299999999994 0.055749128917918146
0 0.39599999999207997 0.46167247385150967 0.03599999999928 0.05226480836054826
0 0.4099999999918 0.5191637630481127 0.039999999999199995 0.06968641114739768
0 0.39199999999216 0.5871080139168254 0.051999999998959996 0.09407665504898687
0 0.34799999999304 0.4982578397038934 0.04399999999912 0.07665505226213745
0 0.39699999999206 0.3292682926714541 0.02199999999956 0.0452961672458085
0 0.31399999999371997 0.47386759580230425 0.039999999999199995 0.07665505226213745
0 0.27199999999456 0.5627177700152363 0.0599999999988 0.10104529616372664
0 0.3099999999938 0.691637630637922 0.07599999999847999 0.1567944250816448
0 0.24199999999516 0.6271777003265792 0.06799999999864 0.11149825783583629
0 0.21899999999562 0.5749128919660309 0.049999999999 0.07665505226213745
0 0.22799999999544 0.47038327524493434 0.04399999999912 0.07665505226213745
0 0.27899999999442 0.4773519163596741 0.04199999999916 0.08362369337687722
0 0.24099999999518 0.42857142855649577 0.0299999999994 0.055749128917918146
0 0.22399999999552 0.41289198604833127 0.03199999999936 0.05923344947528803
0 0.18599999999628 0.42857142855649577 0.039999999999199995 0.06968641114739768
0 0.13799999999724 0.4268292682778108 0.03599999999928 0.0662020905900278
0 0.15599999999688 0.5888501741955104 0.0599999999988 0.1324041811800556
0 0.13399999999731999 0.7473867595558401 0.07599999999847999 0.16376306619638456
0 0.10399999999791999 0.5574912891791814 0.0599999999988 0.10452961672109652
0 0.07699999999846 0.510452961654688 0.04599999999908 0.08013937281950734
0 0.08399999999832 0.44599303134334517 0.03599999999928 0.055749128917918146
0 0.05799999999884 0.4268292682778108 0.03199999999936 0.05923344947528803
0 0.0249999999995 0.5731707316873459 0.04599999999908 0.12195121950794595
