0 0.116111111109821 0.2988599348485528 0.06555555555482717 0.11237785016103619
0 0.22944444444189507 0.36156351790942076 0.05444444444383951 0.0944625407150739
0 0.32999999999633334 0.5838762214888619 0.13111111110965434 0.21335504885646
0 0.45611111110604324 0.29478827361083404 0.04999999999944445 0.0944625407150739
0 0.49166666666120373 0.5081433224672941 0.10111111110998766 0.1791530944596229
0 0.6261111111041544 0.10423452768559878 0.06555555555482717 0.11726384364629863
0 0.7305555555474383 0.4332247556932699 0.06999999999922223 0.14657980455787328
0 0.7799999999913334 0.39087947882099544 0.05777777777713581 0.12377850162664855
0 0.8255555555463828 0.36644951139468324 0.05333333333274075 0.09771986970524886
0 0.873888888879179 0.3403908794732835 0.04777777777724692 0.10097719869542382
