0 0.07919730392132598 0.46486928104385267 0.07873774509779798 0.11356209150280408
0 0.1306678921564624 0.42381535947539295 0.05300245098022977 0.0788398692807237
0 0.24509803921493536 0.35600490195933004 0.04105392156850167 0.06086601307164679
0 0.32735906862644804 0.36744281045601535 0.02604166666658688 0.03962418300637408
0 0.28737745097951173 0.5477941176448211 0.10600490196045954 0.15359477124120263
0 0.4004289215674006 0.50388071895219 0.07536764705859263 0.13521241830010125
0 0.2918198529402824 0.4566993464033632 0.06403186274490186 0.08088235294084607
0 0.43336397058690757 0.40175653594607125 0.03523284313714696 0.06495098039189154
0 0.4920343137239827 0.3884803921552758 0.03431372549009095 0.053921568627230715
0 0.5533088235277166 0.4281045751616499 0.0447303921567257 0.06781045751606286
0 0.5761335784296074 0.38684640522717795 0.029105392156773574 0.05310457516318176
0 0.6272977941157252 0.41687091503097684 0.038909313725370986 0.05678104575140204
0 0.729319852938942 0.45608660130532647 0.054840686274341785 0.06985294117618525
0 0.8305759803896122 0.4321895424818947 0.046568627450837716 0.07189542483630762
0 0.8869485294090473 0.44607843137072684 0.03492647058812829 0.058006535947475464
0 0.8892463235266873 0.42218137254729504 0.03645833333322163 0.05759803921545099
