0 0.9335664335501125 0.2873376623283332 0.06293706293596264 0.1201298701259698
0 0.6958041957920313 0.4172077921942465 0.02797202797153895 0.06168831168630882
0 0.6057692307586404 0.4496753246607248 0.026223776223317764 0.06168831168630882
0 0.5673076922977743 0.47564935063390745 0.0332167832162025 0.07467532467290015
0 0.5550699300602261 0.4090909090776269 0.026223776223317764 0.05194805194636532
0 0.5279720279627976 0.44155844154410523 0.024475524475096582 0.05194805194636532
0 0.4807692307608257 0.4448051947907531 0.03146853146798132 0.06493506493295666
0 0.4353146853070749 0.4642857142706401 0.02797202797153895 0.06493506493295666
0 0.36625874125233815 0.5990259740065251 0.04720279720197198 0.10714285713937848
0 0.2578671328626247 0.524350649333625 0.03671328671264487 0.07467532467290015
0 0.16958041957745487 0.6672077921861296 0.06293706293596264 0.12662337661926548
0 0.16695804195512312 0.5487012986834837 0.054195804194856714 0.11038961038602631
0 0.09440559440394396 0.4983766233604423 0.0559440559430779 0.10064935064608281
0 0.13461538461303119 0.41396103894759867 0.034965034964423686 0.07467532467290015
0 0.24213286712863405 0.45292207790737266 0.03671328671264487 0.06818181817960449
0 0.23951048950630227 0.40422077920765515 0.03846153846086606 0.055194805193013154
0 0.30769230768692846 0.3603896103779094 0.020979020978654214 0.05194805194636532
0 0.3461538461477945 0.42045454544089433 0.024475524475096582 0.06168831168630882
0 0.35314685314067923 0.5016233766070901 0.04195804195730843 0.09415584415278715
0 0.3487762237701263 0.3977272727143595 0.022727272726875396 0.04870129869971749
0 0.1013986013968287 0.3928571428443877 0.02797202797153895 0.07142857142625232
0 0.07430069929940034 0.38474025972776815 0.029720279719760136 0.055194805193013154
0 0.021853146852764804 0.42370129868754214 0.04020979020908724 0.09415584415278715
0 0.03146853146798132 0.32305194804145937 0.024475524475096582 0.055194805193013154
0 0.041083916083197836 0.310064935054868 0.01923076923043303 0.042207792206421825
