0 0.4007812499968689 0.28150765606264416 0.16406249999871828 0.31330977620361233
0 0.5820312499954529 0.17196702002153158 0.040624999999682616 0.08480565370924846
0 0.11914062499906922 0.1484098939911848 0.0445312499996521 0.07067137809104038
0 0.07812499999938965 0.10070671377973255 0.03906249999969483 0.060070671377384324
0 0.04843749999962158 0.09481743227214584 0.031249999999755862 0.05300353356828028
0 0.1691406249986786 0.08657243816152446 0.021093749999835206 0.038869257950072206
0 0.1933593749984894 0.11307420494566461 0.02890624999977417 0.051825677266762946
0 0.21015624999835816 0.08068315665393777 0.02656249999979248 0.04593639575917625
0 0.23749999999814456 0.11601884569945796 0.03906249999969483 0.08127208480469644
0 0.2636718749979401 0.09305064781986984 0.02421874999981079 0.04240282685462423
0 0.25390624999801636 0.06949352178952303 0.018749999999853516 0.028268551236416153
0 0.22656249999823 0.06124852767890166 0.017187499999865723 0.028268551236416153
0 0.2953124999976929 0.09010600706607648 0.02499999999980469 0.04829210836221093
0 0.28124999999780276 0.06360424028193634 0.012499999999902344 0.025912838633381473
0 0.30976562499758 0.07302709069407506 0.01796874999985962 0.03533568904552019
0 0.3300781249974213 0.06595995288497102 0.022656249999823 0.04004711425158955
0 0.34023437499734194 0.10659599528731924 0.030468749999761964 0.05535924617131496
0 0.31601562499753116 0.1484098939911848 0.035156249999725345 0.06595995288497102
0 0.36757812499712833 0.07773851590014441 0.019531249999847414 0.04004711425158955
0 0.3636718749971588 0.0506478209652456 0.016406249999871825 0.023557126030346792
0 0.38085937499702455 0.0700824499402817 0.016406249999871825 0.03651354534703753
0 0.4136718749967682 0.06890459363876437 0.021093749999835206 0.03415783274400285
0 0.4273437499966614 0.09481743227214584 0.023437499999816896 0.0506478209652456
0 0.43007812499664005 0.06124852767890166 0.01328124999989624 0.028268551236416153
0 0.46757812499634704 0.09540636042290451 0.021093749999835206 0.04240282685462423
0 0.4703124999963257 0.06419316843269501 0.015624999999877931 0.02944640753793349
0 0.46289062499638367 0.05653710247283231 0.011718749999908448 0.023557126030346792
0 0.5007812499960876 0.0742049469955924 0.023437499999816896 0.04004711425158955
0 0.4953124999961304 0.05535924617131496 0.018749999999853516 0.03062426383945083
0 0.5488281249957123 0.12779740871463136 0.030468749999761964 0.06478209658345369
0 0.5499999999957031 0.07832744405090308 0.020312499999841308 0.038869257950072206
0 0.53632812499581 0.07126030624179905 0.016406249999871825 0.038869257950072206
0 0.4121093749967804 0.11955241460400998 0.036718749999713134 0.04829210836221093
0 0.5898437499953919 0.07361601884483372 0.018749999999853516 0.03651354534703753
0 0.5851562499954285 0.05300353356828028 0.017187499999865723 0.028268551236416153
0 0.6093749999952393 0.10954063604111258 0.02499999999980469 0.049469964663728265
0 0.6277343749950959 0.10600706713656056 0.022656249999823 0.051825677266762946
0 0.6160156249951874 0.06183745582966033 0.014843749999884035 0.03180212014096817
0 0.6332031249950532 0.042991755005382895 0.014843749999884035 0.027090694934898813
0 0.6484374999949342 0.07538280329710974 0.020312499999841308 0.04004711425158955
0 0.6738281249947358 0.10600706713656056 0.03203124999974976 0.05889281507586698
0 0.6699218749947663 0.07067137809104038 0.021093749999835206 0.03297997644248551
0 0.6984374999945435 0.08892815076455915 0.028124999999780274 0.05300353356828028
0 0.7113281249944428 0.08127208480469644 0.016406249999871825 0.04240282685462423
0 0.7070312499944763 0.05712603062359097 0.018749999999853516 0.02944640753793349
0 0.7238281249943451 0.07361601884483372 0.01796874999985962 0.041224970553106886
0 0.7480468749941559 0.06065959952814299 0.01796874999985962 0.03415783274400285
0 0.7609374999940552 0.04593639575917625 0.010937499999914552 0.023557126030346792
0 0.8425781249934174 0.10836277973959525 0.030468749999761964 0.06595995288497102
0 0.8558593749933137 0.20082449940870642 0.06328124999950561 0.09540636042290451
0 0.9265624999927613 0.12073027090552732 0.028124999999780274 0.060070671377384324
0 0.9656249999924561 0.14369846878511544 0.03906249999969483 0.07773851590014441
0 0.974218749992389 0.18669022379049832 0.051562499999597174 0.09069493521683515
0 0.9132812499928651 0.10541813898580189 0.03281249999974365 0.062426383980419005
0 0.9003906249929657 0.07302709069407506 0.022656249999823 0.03533568904552019
0 0.8874999999930665 0.06772673733724703 0.018749999999853516 0.04358068315614157
0 0.8410156249934296 0.07479387514635107 0.02890624999977417 0.03415783274400285
0 0.8285156249935273 0.06595995288497102 0.016406249999871825 0.028268551236416153
0 0.8257812499935486 0.055948174322073635 0.015624999999877931 0.027090694934898813
