0 0.12499999999804688 0.4833333333232639 0.07187499999887696 0.09166666666475694
0 0.013281249999792482 0.5947916666542752 0.02343749999963379 0.060416666665407986
0 0.04218749999934082 0.8135416666497178 0.0781249999987793 0.16041666666332466
0 0.18124999999716798 0.8239583333161675 0.14374999999775392 0.18541666666280382
0 0.2109374999967041 0.5791666666546007 0.07187499999887696 0.09999999999791667
0 0.2992187499953247 0.5197916666558376 0.07031249999890136 0.08958333333146701
0 0.40703124999364015 0.5135416666559679 0.07031249999890136 0.09791666666462673
0 0.38749999999394535 0.7145833333184461 0.10624999999833985 0.14583333333029513
0 0.5445312499914917 0.721874999984961 0.10781249999831544 0.17291666666306424
0 0.5953124999906982 0.6739583333192926 0.08124999999873048 0.14374999999700522
0 0.6554687499897583 0.41666666665798613 0.0671874999989502 0.08749999999817708
0 0.8476562499867554 0.6833333333190972 0.08281249999870606 0.1291666666639757
