0 0.04181818181742149 0.7646341463228138 0.07999999999854544 0.19756097560493754
0 0.035454545453900824 0.589024390229536 0.06727272727150413 0.11463414633866746
0 0.05090909090816528 0.47804878047614513 0.05818181818076033 0.09268292682700774
0 0.013636363636115702 0.453658536574301 0.023636363635933882 0.06341463414479476
0 0.031818181817603305 0.38780487803932184 0.03818181818112396 0.04878048780368828
0 0.021818181817785123 0.34390243901600237 0.032727272726677685 0.039024390242950624
0 0.05272727272631405 0.3512195121865556 0.029090909090380163 0.039024390242950624
0 0.08272727272576859 0.43048780486754906 0.04181818181742149 0.06585365853497918
0 0.1145454545433719 0.4097560975509815 0.0363636363629752 0.058536585364425936
0 0.13090909090671074 0.3524390243816478 0.029090909090380163 0.041463414633135035
0 0.1645454545424628 0.35365853657674 0.027272727272231404 0.039024390242950624
0 0.19545454545099172 0.3646341463325699 0.023636363635933882 0.041463414633135035
0 0.18727272726932231 0.4365853658430101 0.0363636363629752 0.05365853658405711
0 0.14272727272467767 0.47926829267123733 0.045454545453719006 0.06585365853497918
0 0.13909090908838015 0.6024390243755503 0.06727272727150413 0.10243902438774538
0 0.22090909090507435 0.5548780487669542 0.06363636363520661 0.0853658536564545
0 0.2190909090869256 0.4670731707203153 0.045454545453719006 0.070731707315348
0 0.26636363635879334 0.41585365852644257 0.04181818181742149 0.056097560974241525
0 0.23545454545026445 0.37073170730803096 0.023636363635933882 0.039024390242950624
0 0.25727272726804956 0.37317073169821535 0.027272727272231404 0.034146341462581796
0 0.26272727272249585 0.35731707316201666 0.01999999999963636 0.03170731707239738
0 0.2890909090856529 0.31951219511415824 0.0181818181814876 0.034146341462581796
0 0.23454545454119008 0.7195121951044021 0.10181818181633057 0.13658536585032718
0 0.3590909090843801 0.6268292682773944 0.07818181818039668 0.12682926828958951
0 0.32818181817585124 0.5499999999865853 0.05636363636261157 0.07560975609571684
0 0.3318181818121487 0.4865853658417906 0.04181818181742149 0.06585365853497918
0 0.3509090909027107 0.4524390243792088 0.03999999999927272 0.04634146341350387
0 0.32545454544862806 0.3853658536491374 0.021818181817785123 0.039024390242950624
0 0.2890909090856529 0.3646341463325699 0.0181818181814876 0.03170731707239738
0 0.31272727272158674 0.3317073170650803 0.0181818181814876 0.02439024390184414
0 0.34181818181196694 0.37682926828349195 0.0181818181814876 0.03658536585276621
0 0.3599999999934545 0.3524390243816478 0.014545454545190082 0.026829268292028554
0 0.36727272726604954 0.37073170730803096 0.0181818181814876 0.02439024390184414
0 0.37454545453864463 0.38780487803932184 0.014545454545190082 0.029268292682212968
0 0.4118181818106942 0.38780487803932184 0.027272727272231404 0.039024390242950624
0 0.39363636362920656 0.3817073170638608 0.01272727272704132 0.026829268292028554
0 0.39545454544735537 0.35365853657674 0.01999999999963636 0.02439024390184414
0 0.45363636362811566 0.3646341463325699 0.016363636363338842 0.021951219511659726
0 0.4390909090829256 0.39268292681969064 0.01999999999963636 0.034146341462581796
0 0.47272727271867765 0.40487804877061273 0.0181818181814876 0.034146341462581796
0 0.45909090908256195 0.38780487803932184 0.01999999999963636 0.029268292682212968
0 0.48181818180942143 0.38780487803932184 0.0181818181814876 0.02439024390184414
0 0.4990909090818347 0.3634146341374777 0.01999999999963636 0.029268292682212968
0 0.5009090908999835 0.3999999999902439 0.01999999999963636 0.034146341462581796
0 0.42090909090143797 0.49999999998780487 0.04181818181742149 0.058536585364425936
0 0.37999999999309086 0.5158536585240036 0.05090909090816528 0.070731707315348
0 0.44999999999181817 0.5695121951080606 0.07090909090780165 0.1048780487779298
0 0.49181818180923964 0.48780487803688277 0.034545454544826444 0.058536585364425936
0 0.5345454545357355 0.42560975608718027 0.029090909090380163 0.04634146341350387
0 0.5699999999896364 0.4219512195019036 0.023636363635933882 0.034146341462581796
0 0.5890909090801983 0.41585365852644257 0.021818181817785123 0.03658536585276621
0 0.5599999999898182 0.39390243901478283 0.021818181817785123 0.026829268292028554
0 0.5318181818085124 0.3963414634049673 0.01272727272704132 0.021951219511659726
0 0.5209090908996198 0.3999999999902439 0.016363636363338842 0.029268292682212968
0 0.5636363636261157 0.5426829268160321 0.0727272727259504 0.11463414633866746
0 0.6845454545330082 0.4646341463301309 0.05636363636261157 0.09024390243682331
0 0.7254545454413553 0.4524390243792088 0.02545454545408264 0.03170731707239738
0 0.7399999999865454 0.4548780487693932 0.02545454545408264 0.03658536585276621
0 0.7572727272589587 0.4402439024282867 0.027272727272231404 0.041463414633135035
0 0.7163636363506115 0.36219512194238546 0.021818181817785123 0.03170731707239738
0 0.7399999999865454 0.3670731707227543 0.014545454545190082 0.021951219511659726
0 0.8136363636215702 0.36097560974729326 0.023636363635933882 0.034146341462581796
0 0.8799999999839999 0.34268292682091017 0.02545454545408264 0.03658536585276621
0 0.791818181803785 0.42560975608718027 0.01999999999963636 0.03170731707239738
0 0.7809090908948925 0.44146341462337896 0.016363636363338842 0.034146341462581796
