0 0.035499999999645 0.45933333332720894 0.06899999999931 0.11866666666508445
0 0.102499999998975 0.4073333333279022 0.06499999999935 0.09999999999866667
0 0.03699999999963 0.36999999999506666 0.0299999999997 0.05733333333256889
0 0.18799999999812 0.46133333332718224 0.07799999999922 0.12266666666503112
0 0.233499999997665 0.4146666666611378 0.04299999999957 0.05866666666588445
0 0.20599999999794 0.36799999999509336 0.03599999999964 0.053333333332622225
0 0.24199999999757998 0.32199999999570666 0.0199999999998 0.03066666666625778
0 0.156499999998435 0.3146666666624711 0.01899999999981 0.034666666666204445
0 0.316499999996835 0.37333333332835555 0.03099999999969 0.04533333333272889
0 0.276499999997235 0.36533333332846224 0.02299999999977 0.03999999999946667
0 0.292499999997075 0.35066666666199114 0.02099999999979 0.03733333333283556
0 0.253499999997465 0.35399999999528003 0.01899999999981 0.03599999999952
0 0.239499999997605 0.3613333333285156 0.02099999999979 0.03999999999946667
0 0.17399999999826 0.37133333332838225 0.02599999999974 0.027999999999626667
0 0.394499999996055 0.4059999999945867 0.03899999999961 0.05733333333256889
0 0.341499999996585 0.3753333333283289 0.01899999999981 0.03599999999952
0 0.334499999996655 0.3193333333290756 0.02099999999979 0.03066666666625778
0 0.36299999999637 0.3086666666625511 0.01399999999986 0.03599999999952
0 0.36699999999633 0.3466666666620445 0.01799999999982 0.029333333332942226
0 0.39799999999602 0.34933333332867555 0.02599999999974 0.029333333332942226
0 0.43899999999561 0.34399999999541336 0.0199999999998 0.026666666666311113
0 0.42299999999577 0.3513333333286489 0.011999999999879999 0.027999999999626667
0 0.45499999999545 0.3153333333291289 0.01399999999986 0.03066666666625778
0 0.6799999999932 0.46066666666052447 0.07599999999924 0.10799999999856001
0 0.906499999990935 0.6066666666585778 0.17499999999825 0.2613333333298489
0 0.847499999991525 0.45266666666063116 0.07299999999927 0.09199999999877334
0 0.771499999992285 0.3866666666615111 0.03699999999963 0.05866666666588445
0 0.726499999992735 0.3946666666614045 0.04699999999953 0.053333333332622225
0 0.71599999999284 0.3573333333285689 0.02599999999974 0.04266666666609778
0 0.715499999992845 0.3099999999958667 0.02299999999977 0.038666666666151116
0 0.747499999992525 0.34933333332867555 0.01899999999981 0.031999999999573335
0 0.7399999999926 0.3406666666621245 0.01399999999986 0.017333333333102222
0 0.771499999992285 0.3126666666624978 0.02299999999977 0.03599999999952
0 0.80899999999191 0.37466666666167114 0.0299999999997 0.050666666665991116
0 0.83899999999161 0.35533333332859557 0.0199999999998 0.041333333332782225
0 0.881499999991185 0.3633333333284889 0.01899999999981 0.03599999999952
0 0.923499999990765 0.36199999999517335 0.02299999999977 0.043999999999413335
0 0.96099999999039 0.41666666666111113 0.06399999999936 0.08666666666551112
0 0.8809999999911899 0.41799999999442666 0.0499999999995 0.06533333333246223
0 0.666499999993335 0.3566666666619111 0.02299999999977 0.025333333332995558
0 0.643499999993565 0.37133333332838225 0.03099999999969 0.043999999999413335
0 0.60199999999398 0.4119999999945067 0.05199999999948 0.06399999999914667
0 0.577499999994225 0.3866666666615111 0.03899999999961 0.04799999999936
0 0.56499999999435 0.3693333333284089 0.02599999999974 0.03999999999946667
0 0.554499999994455 0.3499999999953334 0.02499999999975 0.03066666666625778
0 0.536499999994635 0.3513333333286489 0.01499999999985 0.019999999999733335
0 0.528499999994715 0.35333333332862227 0.01299999999987 0.02133333333304889
0 0.610499999993895 0.3519999999953067 0.02299999999977 0.04266666666609778
0 0.59599999999404 0.3519999999953067 0.01799999999982 0.029333333332942226
0 0.67599999999324 0.34466666666207113 0.01799999999982 0.022666666666364445
0 0.689499999993105 0.3366666666621778 0.01499999999985 0.025333333332995558
0 0.654499999993455 0.34399999999541336 0.01699999999983 0.026666666666311113
