0 0.15478515624848843 0.6445312499916077 0.13183593749871256 0.18489583333092585
0 0.14697265624856473 0.40950520832800125 0.09667968749905587 0.14192708333148532
0 0.031249999999694827 0.3867187499949646 0.05664062499944687 0.1249999999983724
0 0.25781249999748235 0.5260416666598172 0.12499999999877931 0.1432291666648017
0 0.4628906249954796 0.5618489583260176 0.1386718749986458 0.1445312499981181
0 0.2602539062474585 0.31315104166258917 0.09472656249907495 0.12630208333168877
0 0.18896484374815467 0.25976562499661765 0.055664062499456414 0.07942708333229913
0 0.3515624999965668 0.21549479166386076 0.0664062499993515 0.1002604166653612
0 0.3945312499961472 0.29231770832952714 0.08203124999919892 0.11848958333179051
0 0.5605468749945259 0.44140624999425254 0.10546874999897005 0.1119791666652086
0 0.5190429687449313 0.34765624999547323 0.0908203124991131 0.11458333333184137
0 0.4672851562454367 0.24804687499677022 0.0693359374993229 0.08203124999893188
0 0.6889648437432719 0.3600260416619788 0.0908203124991131 0.11588541666515774
0 0.6772460937433863 0.2695312499964905 0.08105468749920845 0.09114583333214654
0 0.8457031249917413 0.23958333333021375 0.07226562499929429 0.11979166666510688
0 0.9423828124907971 0.3834635416616737 0.08398437499917985 0.1315104166649543
0 0.9736328124904919 0.2805989583296797 0.05273437499948502 0.11588541666515774
0 0.794433593742242 0.25195312499671935 0.06542968749936104 0.11067708333189223
