0 0.04757462686478406 0.425427872850234 0.07649253731200574 0.0977995110000538
0 0.05503731343180901 0.3691931540252031 0.04291044776039346 0.06845965770003766
0 0.02238805970107485 0.34841075793769166 0.04104477611863722 0.070904645475039
0 0.15205223880313334 0.36552567236270106 0.06156716417795584 0.08557457212504707
0 0.149253731340499 0.3202933985251762 0.04104477611863722 0.053789731050029585
0 0.25279850745797017 0.35696821515019633 0.06156716417795584 0.08801955990004841
0 0.29197761193485117 0.38753056233771316 0.07649253731200574 0.11002444987506052
0 0.2779850746216794 0.46454767725025553 0.1194029850723992 0.15158924205008337
0 0.3236940298447072 0.6014669926503309 0.15485074626576772 0.1907090464501049
0 0.3666044776051007 0.29584352077516274 0.046641791043905936 0.06356968215003496
0 0.4496268656632532 0.3092909535376701 0.055970149252687125 0.070904645475039
0 0.4981343283489154 0.32273838630017754 0.06716417910322454 0.08801955990004841
0 0.5671641790938962 0.31295843520017214 0.05223880596917465 0.07823960880004303
0 0.620335820883949 0.3863080684502125 0.08395522387903069 0.10757946210005917
0 0.6716417910322455 0.30073349632516544 0.06343283581971207 0.0977995110000538
0 0.7798507462541073 0.4132029339752273 0.1044776119383493 0.13691931540007532
0 0.7817164178958635 0.30317848410016673 0.048507462685662174 0.07334963325004035
0 0.7490671641651293 0.29462102688766206 0.04291044776039346 0.070904645475039
0 0.8815298507298223 0.31295843520017214 0.06156716417795584 0.07823960880004303
0 0.9393656716242655 0.287286063562658 0.046641791043905936 0.070904645475039
0 0.9636194029670967 0.40464547676272256 0.07276119402849326 0.1638141809250901
