0 0.9533333333227408 0.1971677559869898 0.0933333333322963 0.2679738562033121
0 0.9061111111010433 0.3224400871389446 0.1455555555539383 0.3050108932395422
0 0.6261111111041544 0.33769063180092174 0.05888888888823457 0.12200435729581689
0 0.5627777777715247 0.33551198256349646 0.06777777777702469 0.18300653594372535
0 0.47833333332801853 0.3039215686208296 0.12999999999855558 0.2854030501027145
0 0.38499999999572226 0.35294117646289885 0.061111111110432104 0.22657952069223136
0 0.3477777777739136 0.28758169934013983 0.07555555555471606 0.274509803915588
0 0.28222222221908644 0.20697167755540366 0.1066666666654815 0.296296296289841
0 0.1516666666649815 0.35729847493774947 0.14777777777613582 0.33115468408864585
0 0.20166666666442595 0.18300653594372535 0.06555555555482717 0.17429193899402412
0 0.1577777777760247 0.1263616557706675 0.06666666666592592 0.18300653594372535
0 0.09111111111009877 0.10239651415898918 0.09777777777669136 0.19607843136827716
0 0.02611111111082099 0.07189542483503496 0.04777777777724692 0.1394335511952193
