0 0.05718749999964258 0.07458333333271182 0.04437499999972266 0.05416666666621528
0 0.11406249999928711 0.08708333333260765 0.04187499999973828 0.06916666666609028
0 0.13968749999912694 0.08791666666593403 0.04187499999973828 0.059166666666173616
0 0.17718749999889258 0.08999999999925001 0.04437499999972266 0.06999999999941667
0 0.2624999999983594 0.20333333333163892 0.06374999999960156 0.08166666666598611
0 0.366874999997707 0.05999999999950001 0.042499999999734375 0.07499999999937501
0 0.4424999999972344 0.13291666666555904 0.15624999999902345 0.2641666666644653
0 0.5124999999967969 0.17208333333189932 0.05249999999967187 0.11416666666571529
0 0.5474999999965782 0.13124999999890627 0.04124999999974219 0.062499999999479174
0 0.5653124999964668 0.11291666666572571 0.03687499999976953 0.07249999999939584
0 0.7024999999956094 0.11999999999900002 0.12124999999924219 0.22166666666481946
0 0.8156249999949023 0.16749999999860418 0.07624999999952344 0.1133333333323889
0 0.813437499994916 0.07874999999934376 0.053124999999667966 0.06416666666613195
0 0.8678124999945762 0.2883333333309306 0.15437499999903515 0.28333333333097227
0 0.9162499999942735 0.1062499999991146 0.05249999999967187 0.07916666666600695
0 0.9606249999939961 0.14833333333209722 0.0699999999995625 0.08666666666594446
