0 0.017499999999708332 0.6065162907116162 0.01833333333302778 0.03007518796917105
0 0.047499999999208335 0.6040100250475186 0.01833333333302778 0.025062656640975872
0 0.11749999999804167 0.6090225563757138 0.01499999999975 0.025062656640975872
0 0.09083333333181945 0.6140350877039089 0.011666666666472222 0.0200501253127807
0 0.10249999999829167 0.6102756892077625 0.011666666666472222 0.022556390976878286
0 0.1558333333307361 0.6002506265513722 0.011666666666472222 0.017543859648683113
0 0.17333333333044443 0.6065162907116162 0.013333333333111111 0.0200501253127807
0 0.187499999996875 0.6052631578795673 0.01499999999975 0.022556390976878286
0 0.187499999996875 0.5563909774296644 0.011666666666472222 0.015037593984585524
0 0.20583333332990278 0.5964912280552258 0.011666666666472222 0.0200501253127807
0 0.2233333333296111 0.5939849623911282 0.013333333333111111 0.025062656640975872
0 0.2383333333293611 0.5914786967270306 0.013333333333111111 0.0200501253127807
0 0.25833333332902775 0.6002506265513722 0.013333333333111111 0.022556390976878286
0 0.26916666666218053 0.5989974937193234 0.011666666666472222 0.0200501253127807
0 0.292499999995125 0.5964912280552258 0.011666666666472222 0.025062656640975872
0 0.011666666666472222 0.795739348350984 0.019999999999666666 0.032581453633268635
0 0.034166666666097224 0.8295739348163014 0.01833333333302778 0.035087719297366225
0 0.048333333332527775 0.838345864640643 0.019999999999666666 0.027568922305073462
0 0.11916666666468055 0.8546365914572773 0.024999999999583335 0.035087719297366225
0 0.16749999999720833 0.8308270676483502 0.024999999999583335 0.04260651628965899
0 0.15833333333069444 0.8007518796791792 0.023333333332944444 0.04260651628965899
0 0.13083333333115277 0.8145363408317159 0.02833333333286111 0.035087719297366225
0 0.19999999999666668 0.838345864640643 0.03333333333277778 0.04260651628965899
0 0.21833333332969443 0.8107769423355695 0.019999999999666666 0.03759398496146381
0 0.3658333333272361 0.7706766917100081 0.021666666666305553 0.032581453633268635
0 0.4066666666598889 0.7731829573741057 0.01666666666638889 0.032581453633268635
0 0.40249999999329167 0.8270676691522039 0.024999999999583335 0.035087719297366225
0 0.3716666666604722 0.850877192961131 0.023333333332944444 0.03759398496146381
0 0.3058333333282361 0.838345864640643 0.021666666666305553 0.03759398496146381
0 0.33999999999433334 0.8496240601290821 0.0299999999995 0.04511278195375657
0 0.2649999999955833 0.8333333333124479 0.0299999999995 0.04260651628965899
0 0.45666666665905553 0.8471177944649846 0.03333333333277778 0.050125313281951744
0 0.45499999999241664 0.7794486215343497 0.019999999999666666 0.0401002506255614
0 0.49749999999170835 0.7932330826868864 0.01833333333302778 0.032581453633268635
0 0.5216666666579722 0.8458646616329357 0.03333333333277778 0.04761904761785416
0 0.5574999999907083 0.7731829573741057 0.021666666666305553 0.04260651628965899
0 0.5858333333235695 0.8471177944649846 0.02833333333286111 0.035087719297366225
0 0.6008333333233195 0.838345864640643 0.01833333333302778 0.027568922305073462
0 0.6316666666561389 0.8471177944649846 0.026666666666222222 0.0401002506255614
0 0.6574999999890416 0.8345864661444966 0.01833333333302778 0.035087719297366225
0 0.6841666666552639 0.8533834586252285 0.024999999999583335 0.027568922305073462
0 0.6891666666551806 0.8283208019842526 0.01833333333302778 0.027568922305073462
0 0.712499999988125 0.8283208019842526 0.01833333333302778 0.032581453633268635
0 0.748333333320861 0.8496240601290821 0.023333333332944444 0.035087719297366225
0 0.7674999999872083 0.8245614034881062 0.021666666666305553 0.025062656640975872
0 0.787499999986875 0.7418546365728859 0.01833333333302778 0.035087719297366225
0 0.8274999999862083 0.8433583959688381 0.01833333333302778 0.027568922305073462
0 0.862499999985625 0.8358395989765454 0.01499999999975 0.032581453633268635
0 0.8274999999862083 0.8233082706560575 0.01833333333302778 0.022556390976878286
0 0.9341666666510972 0.8521303257931797 0.02833333333286111 0.0401002506255614
0 0.8816666666519722 0.850877192961131 0.0299999999995 0.03759398496146381
0 0.9324999999844583 0.625313283192348 0.01499999999975 0.027568922305073462
0 0.9124999999847917 0.6278195488564456 0.01499999999975 0.027568922305073462
0 0.8941666666517639 0.6265664160243969 0.01499999999975 0.025062656640975872
0 0.8874999999852083 0.6215538846962017 0.01499999999975 0.025062656640975872
0 0.8683333333188611 0.6265664160243969 0.01666666666638889 0.025062656640975872
0 0.8549999999857499 0.6215538846962017 0.013333333333111111 0.025062656640975872
0 0.8216666666529722 0.6090225563757138 0.013333333333111111 0.025062656640975872
0 0.8333333333194445 0.6102756892077625 0.013333333333111111 0.022556390976878286
0 0.8066666666532222 0.6090225563757138 0.013333333333111111 0.0200501253127807
0 0.7791666666536805 0.6077694235436649 0.011666666666472222 0.022556390976878286
0 0.7708333333204861 0.6052631578795673 0.008333333333194444 0.022556390976878286
0 0.7633333333206112 0.6065162907116162 0.009999999999833333 0.0200501253127807
