0 0.25727272726804956 0.6147540983438592 0.1145454545433719 0.23497267758920842
0 0.19272727272376858 0.3647540983506898 0.0363636363629752 0.06830601092709547
0 0.1690909090878347 0.2896174863308848 0.029090909090380163 0.049180327867508734
0 0.3027272727217686 0.2663934426156723 0.03818181818112396 0.05191256830459256
0 0.3218181818123306 0.3237704917944325 0.03999999999927272 0.06830601092709547
0 0.36818181817512396 0.37021857922485746 0.07818181818039668 0.09562841529793366
0 0.46727272726423136 0.5040983606419646 0.13090909090671074 0.16666666666211294
0 0.5390909090811074 0.3606557376950641 0.06363636363520661 0.10382513660918512
0 0.428181818174033 0.32240437157589064 0.03818181818112396 0.06557377049001165
0 0.38818181817476033 0.2773224043640076 0.034545454544826444 0.05191256830459256
0 0.4390909090829256 0.21448087431107976 0.030909090908528922 0.04644808743042492
0 0.44999999999181817 0.27049180327129807 0.030909090908528922 0.06010928961584401
0 0.6872727272602314 0.23633879780775033 0.05090909090816528 0.09562841529793366
0 0.8209090908941652 0.1325136611985652 0.1145454545433719 0.21038251365545405
