0 0.17890624999720459 0.5737704917898414 0.05468749999914551 0.08899297423679173
0 0.09609374999849854 0.4484777517459373 0.03281249999948731 0.06323185011561518
0 0.4218749999934082 0.553864168605296 0.043749999999316405 0.07259953161422483
0 0.5171874999919189 0.559718969541927 0.04687499999926758 0.07494145198887725
0 0.6101562499904664 0.5386416861700553 0.04218749999934082 0.060889929740962766
0 0.7101562499889038 0.5386416861700553 0.03593749999943848 0.07494145198887725
0 0.9578124999850343 0.5503512880433173 0.037499999999414065 0.060889929740962766
0 0.9859374999845948 0.5222482435474883 0.021874999999658203 0.060889929740962766
0 0.8687499999864259 0.38524590163032213 0.05937499999907227 0.09601873536074898
0 0.9328124999854248 0.4344262294980228 0.02812499999956055 0.044496487118395864
0 0.9492187499851685 0.4180327868754559 0.02343749999963379 0.03512880561978621
0 0.9617187499849732 0.38758782200497455 0.02343749999963379 0.03981264636909104
0 0.7960937499875611 0.42154566743743455 0.03281249999948731 0.04215456674374345
0 0.6859374999892822 0.4625292739938518 0.03437499999946289 0.0491803278677007
0 0.589062499990796 0.469555035117809 0.03437499999946289 0.058548009366310355
0 0.5124999999919922 0.47540983605444004 0.037499999999414065 0.060889929740962766
0 0.4234374999933838 0.4625292739938518 0.03437499999946289 0.06323185011561518
0 0.5312499999916992 0.42037470725010834 0.03437499999946289 0.0491803278677007
0 0.5976562499906617 0.40983606556417246 0.029687499999536134 0.05620608899165794
0 0.6351562499900757 0.4121779859388249 0.02343749999963379 0.04215456674374345
0 0.7445312499883667 0.42505854799941317 0.026562499999584963 0.05386416861700552
0 0.7609374999881104 0.42037470725010834 0.021874999999658203 0.0491803278677007
0 0.4218749999934082 0.401639344252889 0.03437499999946289 0.0491803278677007
0 0.32968749999484864 0.47658079624176625 0.04062499999936524 0.06791569086492001
0 0.23906249999626467 0.48829039811502833 0.043749999999316405 0.07728337236352967
0 0.03281249999948731 0.4121779859388249 0.043749999999316405 0.07494145198887725
0 0.17265624999730225 0.4028103044402152 0.03593749999943848 0.05620608899165794
0 0.3007812499953003 0.4168618266881297 0.03281249999948731 0.05152224824235311
0 0.35546874999444583 0.3992974238782366 0.029687499999536134 0.0491803278677007
0 0.1226562499980835 0.3442622950739049 0.03593749999943848 0.05620608899165794
0 0.22812499999643557 0.3665105386331028 0.043749999999316405 0.05386416861700552
0 0.3164062499950562 0.36299765807112416 0.03281249999948731 0.05152224824235311
0 0.36171874999434817 0.35362997657251455 0.03281249999948731 0.04215456674374345
0 0.4117187499935669 0.3325526932006428 0.026562499999584963 0.05152224824235311
0 0.45312499999291994 0.3501170960105359 0.02812499999956055 0.05386416861700552
0 0.5156249999919433 0.3348946135752952 0.018749999999707032 0.0327868852451338
0 0.5796874999909424 0.36182669788379795 0.024999999999609376 0.03981264636909104
0 0.6195312499903198 0.36299765807112416 0.02031249999968262 0.04215456674374345
0 0.667968749989563 0.37470725994438625 0.02343749999963379 0.0327868852451338
0 0.6671874999895753 0.3466042154485573 0.018749999999707032 0.0327868852451338
0 0.6210937499902954 0.34074941451192625 0.02343749999963379 0.03512880561978621
0 0.7382812499884644 0.3665105386331028 0.026562499999584963 0.0491803278677007
0 0.7539062499882202 0.35128805619786213 0.017187499999731445 0.037470725994438625
0 0.8078124999873779 0.36065573769647175 0.021874999999658203 0.037470725994438625
0 0.8421874999868408 0.3477751756358835 0.018749999999707032 0.030444964870481383
0 0.830468749987024 0.32903981263866416 0.02031249999968262 0.030444964870481383
0 0.7929687499876099 0.3138173302034235 0.02031249999968262 0.037470725994438625
0 0.8109374999873291 0.299765807955509 0.018749999999707032 0.0327868852451338
0 0.7624999999880859 0.30444964870481384 0.018749999999707032 0.0327868852451338
0 0.7593749999881348 0.26932084308502763 0.018749999999707032 0.02810304449582897
0 0.7398437499884399 0.2974238875808566 0.014062499999780275 0.02810304449582897
0 0.7320312499885621 0.3231850117020331 0.017187499999731445 0.0327868852451338
0 0.6914062499891969 0.3220140515147069 0.02031249999968262 0.03512880561978621
0 0.6890624999892334 0.29039812645689933 0.018749999999707032 0.02810304449582897
0 0.7289062499886109 0.2775175643963111 0.02031249999968262 0.025761124121176555
0 0.6874999999892578 0.2669789227103752 0.01562499999975586 0.0327868852451338
0 0.6960937499891235 0.2540983606497869 0.017187499999731445 0.025761124121176555
0 0.6507812499898316 0.29391100701887796 0.017187499999731445 0.030444964870481383
0 0.6539062499897828 0.26112412177374417 0.017187499999731445 0.030444964870481383
0 0.6328124999901124 0.26932084308502763 0.012499999999804688 0.02341920374652414
0 0.6046874999905518 0.2798594847709635 0.018749999999707032 0.030444964870481383
0 0.6062499999905274 0.3103044496414449 0.018749999999707032 0.03981264636909104
0 0.62656249999021 0.2505854800878083 0.012499999999804688 0.018735362997219313
0 0.6328124999901124 0.2353629976525676 0.01562499999975586 0.025761124121176555
0 0.6234374999902588 0.22482435596663175 0.01562499999975586 0.02341920374652414
0 0.603906249990564 0.2494145199004821 0.017187499999731445 0.021077283371871727
0 0.5937499999907226 0.2330210772779152 0.01562499999975586 0.021077283371871727
0 0.5906249999907716 0.2177985948426745 0.012499999999804688 0.018735362997219313
0 0.5531249999913574 0.19789227165812898 0.01562499999975586 0.021077283371871727
0 0.558593749991272 0.2177985948426745 0.014062499999780275 0.02810304449582897
0 0.5609374999912354 0.24473067915117727 0.01562499999975586 0.025761124121176555
0 0.5601562499912476 0.2985948477681828 0.02031249999968262 0.030444964870481383
0 0.5515624999913818 0.3348946135752952 0.024999999999609376 0.04215456674374345
0 0.5164062499919312 0.29156908664422554 0.02031249999968262 0.03512880561978621
0 0.5312499999916992 0.2798594847709635 0.01562499999975586 0.030444964870481383
0 0.5070312499920777 0.27400468383433246 0.017187499999731445 0.02810304449582897
0 0.5101562499920288 0.2482435597131559 0.017187499999731445 0.02810304449582897
0 0.5203124999918701 0.231850117090589 0.01562499999975586 0.02341920374652414
0 0.5273437499917603 0.2189695550300007 0.017187499999731445 0.025761124121176555
0 0.49843749999221193 0.19789227165812898 0.018749999999707032 0.030444964870481383
0 0.48203124999246827 0.21077283371871727 0.017187499999731445 0.02810304449582897
0 0.46171874999278567 0.1955503512834766 0.014062499999780275 0.025761124121176555
0 0.4382812499931519 0.17213114753695244 0.014062499999780275 0.025761124121176555
0 0.4585937499928345 0.2974238875808566 0.026562499999584963 0.04683840749304828
0 0.45624999999287114 0.2634660421483966 0.024999999999609376 0.03512880561978621
0 0.4117187499935669 0.25761124121176554 0.02031249999968262 0.0327868852451338
0 0.4156249999935059 0.24238875877652485 0.018749999999707032 0.030444964870481383
0 0.4210937499934204 0.23419203746524142 0.02031249999968262 0.02810304449582897
0 0.4234374999933838 0.2131147540933697 0.01562499999975586 0.02341920374652414
0 0.3968749999937988 0.21545667446802208 0.01562499999975586 0.0327868852451338
0 0.3898437499939087 0.19789227165812898 0.02031249999968262 0.030444964870481383
0 0.3796874999940674 0.16393442622566898 0.012499999999804688 0.02341920374652414
0 0.36328124999432376 0.25995316158641796 0.02343749999963379 0.037470725994438625
0 0.37421874999415283 0.22833723652861038 0.02343749999963379 0.03981264636909104
0 0.3351562499947632 0.22248243559197933 0.017187499999731445 0.0327868852451338
0 0.3257812499949097 0.20608899296941244 0.017187499999731445 0.018735362997219313
0 0.3374999999947266 0.18618266978486692 0.012499999999804688 0.025761124121176555
0 0.35078124999451904 0.1967213114708028 0.014062499999780275 0.02810304449582897
0 0.35312499999448244 0.17915690866090966 0.01562499999975586 0.030444964870481383
0 0.33437499999477543 0.3161592505780759 0.03437499999946289 0.05152224824235311
0 0.335937499994751 0.2798594847709635 0.024999999999609376 0.03981264636909104
0 0.30468749999523925 0.2529274004624607 0.024999999999609376 0.04215456674374345
0 0.28124999999560546 0.20491803278208623 0.018749999999707032 0.030444964870481383
0 0.2914062499954468 0.2002341920327814 0.017187499999731445 0.03512880561978621
0 0.31093749999514164 0.17681498828625727 0.012499999999804688 0.025761124121176555
0 0.28203124999559326 0.16393442622566898 0.017187499999731445 0.0327868852451338
0 0.2664062499958374 0.22482435596663175 0.02343749999963379 0.037470725994438625
0 0.245312499996167 0.23887587821454623 0.021874999999658203 0.037470725994438625
0 0.25234374999605713 0.3009367681428352 0.026562499999584963 0.06323185011561518
0 0.2554687499960083 0.27283372364700625 0.02031249999968262 0.03512880561978621
0 0.16328124999744875 0.3009367681428352 0.029687499999536134 0.0491803278677007
0 0.14374999999775392 0.26112412177374417 0.021874999999658203 0.0491803278677007
0 0.08359374999869386 0.29156908664422554 0.029687499999536134 0.0491803278677007
0 0.01562499999975586 0.32552693207668554 0.02812499999956055 0.0655737704902676
0 0.012499999999804688 0.2798594847709635 0.021874999999658203 0.05386416861700552
0 0.050781249999206544 0.24121779858919865 0.03281249999948731 0.05152224824235311
0 0.038281249999401856 0.21077283371871727 0.029687499999536134 0.04215456674374345
0 0.011718749999816895 0.19086651053417175 0.02031249999968262 0.0491803278677007
0 0.058593749999084475 0.18032786884823587 0.029687499999536134 0.037470725994438625
0 0.0992187499984497 0.1967213114708028 0.02031249999968262 0.04215456674374345
0 0.1117187499982544 0.2353629976525676 0.026562499999584963 0.044496487118395864
0 0.1890624999970459 0.2353629976525676 0.021874999999658203 0.03981264636909104
0 0.222656249996521 0.22599531615395796 0.02343749999963379 0.03512880561978621
0 0.2476562499961304 0.19203747072149796 0.017187499999731445 0.02810304449582897
0 0.26093749999592286 0.17798594847358346 0.021874999999658203 0.02341920374652414
0 0.2234374999965088 0.19906323184545519 0.021874999999658203 0.02341920374652414
0 0.2242187499964966 0.17330210772427865 0.017187499999731445 0.02810304449582897
0 0.20781249999675294 0.18032786884823587 0.01562499999975586 0.02341920374652414
0 0.20703124999676514 0.15339578453973313 0.017187499999731445 0.025761124121176555
0 0.18749999999707032 0.11358313817064208 0.021874999999658203 0.03512880561978621
0 0.18593749999709475 0.19437939109615038 0.021874999999658203 0.0327868852451338
0 0.16249999999746095 0.21077283371871727 0.024999999999609376 0.0327868852451338
0 0.14999999999765626 0.1686182669749738 0.018749999999707032 0.04215456674374345
0 0.17187499999731445 0.1662763466003214 0.018749999999707032 0.0327868852451338
0 0.12578124999803467 0.17798594847358346 0.02343749999963379 0.037470725994438625
0 0.12109374999810792 0.1323185011678614 0.02031249999968262 0.03512880561978621
0 0.09374999999853516 0.1651053864129952 0.021874999999658203 0.03512880561978621
0 0.0781249999987793 0.12763466041855656 0.021874999999658203 0.030444964870481383
0 0.06093749999904786 0.12529274004390414 0.021874999999658203 0.03981264636909104
0 0.02109374999967041 0.12997658079320898 0.02031249999968262 0.030444964870481383
0 0.045312499999291996 0.16978922716230002 0.018749999999707032 0.030444964870481383
0 0.0070312499998901375 0.12412177985657795 0.010937499999829101 0.0327868852451338
