0 0.10249999999871874 0.8049999999865833 0.08249999999896875 0.11333333333144444
0 0.12624999999842187 0.73499999998775 0.0649999999991875 0.07999999999866667
0 0.15562499999805468 0.6658333333222362 0.05374999999932812 0.08499999999858333
0 0.27249999999659374 0.6158333333230694 0.03749999999953125 0.048333333332527775
0 0.31437499999607027 0.6841666666552639 0.05874999999926562 0.06833333333219445
0 0.2737499999965781 0.748333333320861 0.079999999999 0.11666666666472222
0 0.36312499999546094 0.7691666666538473 0.07624999999904687 0.11499999999808333
0 0.40124999999498434 0.7983333333200278 0.10499999999868749 0.1366666666643889
0 0.37499999999531247 0.6258333333229028 0.0399999999995 0.048333333332527775
0 0.44999999999437496 0.6791666666553472 0.054999999999312495 0.07499999999875
0 0.4612499999942343 0.7508333333208195 0.052499999999343745 0.08833333333186111
0 0.5274999999934062 0.7391666666543472 0.07249999999909375 0.10499999999825
0 0.5137499999935781 0.6741666666554306 0.0449999999994375 0.06499999999891666
0 0.563124999992961 0.6849999999885833 0.05124999999935937 0.06666666666555555
0 0.6031249999924609 0.8566666666523889 0.10874999999864061 0.17333333333044443
0 0.6643749999916952 0.7091666666548472 0.06624999999917187 0.10499999999825
0 0.7631249999904609 0.9133333333181111 0.13624999999829687 0.17333333333044443
0 0.7474999999906562 0.6399999999893333 0.047499999999406246 0.07999999999866667
0 0.7949999999900624 0.6716666666554723 0.0449999999994375 0.06333333333227778
0 0.8649999999891874 0.6791666666553472 0.049999999999374996 0.06833333333219445
0 0.9106249999886171 0.6758333333220694 0.03874999999951562 0.07166666666547222
0 0.9331249999883359 0.6383333333226945 0.04124999999948437 0.06333333333227778
0 0.956874999988039 0.7058333333215694 0.06374999999920312 0.09499999999841667
0 0.8749999999890624 0.5058333333249028 0.029999999999625 0.04166666666597222
