0 0.1910156249985077 0.7036458333260037 0.2507812499980408 0.3614583333295681
0 0.13359374999895632 0.503645833328087 0.16249999999873047 0.20520833333119573
0 0.1722656249986542 0.42552083332890084 0.14453124999887085 0.19270833333132595
0 0.18906249999852295 0.32135416666331923 0.10937499999914552 0.19687499999794922
0 0.05273437499958802 0.31979166666333547 0.0914062499992859 0.16666666666493055
0 0.16484374999871218 0.13437499999860025 0.08281249999935303 0.13958333333187933
0 0.21874999999829103 0.23020833333093532 0.08749999999931642 0.13124999999863282
0 0.2699218749978913 0.2364583333308702 0.052343749999591065 0.1374999999985677
0 0.3179687499975159 0.20677083333117946 0.05468749999957276 0.10937499999886068
0 0.3519531249972504 0.29010416666364475 0.07109374999944458 0.13437499999860025
0 0.31445312499754335 0.4005208333291612 0.09296874999927368 0.1427083333318468
0 0.43671874999658816 0.4098958333290636 0.08281249999935303 0.13437499999860025
0 0.4585937499964173 0.2953124999969238 0.07187499999943849 0.11145833333217231
0 0.4535156249964569 0.21197916666445854 0.05390624999957886 0.07395833333256294
0 0.3710937499971009 0.17968749999812825 0.07343749999942627 0.11979166666541884
0 0.5484374999957153 0.24374999999746094 0.062499999999511724 0.12083333333207465
0 0.5792968749954742 0.4166666666623264 0.09765624999923707 0.13333333333194444
0 0.6757812499947204 0.4192708333289659 0.07656249999940186 0.15312499999840495
0 0.6695312499947693 0.17656249999816082 0.07656249999940186 0.12812499999866536
0 0.8316406249935029 0.44062499999541016 0.08828124999931031 0.15416666666506076
0 0.9316406249927216 0.42864583332886824 0.08828124999931031 0.1510416666650933
0 0.9695312499924256 0.19218749999799806 0.06093749999952393 0.14895833333178168
