0 0.07083333333215278 0.5288888888771358 0.06833333333219445 0.09333333333125926
0 0.05083333333248611 0.46888888887846913 0.04166666666597222 0.05777777777649382
0 0.059999999999 0.4344444444347901 0.03333333333277778 0.04666666666562963
0 0.037499999999375 0.4177777777684938 0.021666666666305553 0.031111111110419754
0 0.021666666666305553 0.4177777777684938 0.019999999999666666 0.026666666666074073
0 0.12249999999795833 0.4344444444347901 0.024999999999583335 0.03777777777693827
0 0.15249999999745834 0.4677777777673827 0.034999999999416664 0.05111111110997531
0 0.23499999999608334 0.5011111110999753 0.04999999999916667 0.06888888888735802
0 0.2799999999953333 0.5699999999873333 0.08666666666522221 0.12222222221950617
0 0.4483333333258611 0.5022222222110617 0.06666666666555555 0.08888888888691357
0 0.36499999999391664 0.4666666666562963 0.04333333333261111 0.06666666666518518
0 0.3166666666613889 0.4444444444345679 0.03666666666605556 0.03999999999911111
0 0.239999999996 0.4444444444345679 0.03666666666605556 0.04888888888780247
0 0.19749999999670834 0.4299999999904444 0.03166666666613889 0.042222222221283946
0 0.17499999999708332 0.41555555554632095 0.023333333332944444 0.03555555555476543
0 0.15833333333069444 0.4055555555465432 0.019999999999666666 0.03333333333259259
0 0.2008333333299861 0.3788888888804691 0.01833333333302778 0.02888888888824691
0 0.24916666666251389 0.4066666666576296 0.01833333333302778 0.031111111110419754
0 0.2833333333286111 0.41888888887958026 0.019999999999666666 0.02888888888824691
0 0.26166666666230554 0.4466666666567407 0.019999999999666666 0.03555555555476543
0 0.21666666666305556 0.4099999999908889 0.01666666666638889 0.02888888888824691
0 0.19749999999670834 0.4011111111021975 0.01499999999975 0.024444444443901234
0 0.23749999999604166 0.39666666665785183 0.01499999999975 0.024444444443901234
0 0.2641666666622639 0.4011111111021975 0.01499999999975 0.024444444443901234
0 0.2758333333287361 0.39666666665785183 0.01499999999975 0.019999999999555554
0 0.29333333332844447 0.39222222221350617 0.013333333333111111 0.024444444443901234
0 0.31583333332806945 0.4022222222132839 0.01499999999975 0.031111111110419754
0 0.32833333332786113 0.4133333333241481 0.01666666666638889 0.031111111110419754
0 0.33249999999445834 0.3999999999911111 0.01499999999975 0.017777777777382715
0 0.35916666666068053 0.41888888887958026 0.021666666666305553 0.03333333333259259
0 0.3866666666602222 0.4477777777678271 0.0299999999995 0.042222222221283946
0 0.42499999999291665 0.4555555555454321 0.03666666666605556 0.053333333332148146
0 0.49999999999166667 0.46555555554520983 0.03333333333277778 0.05111111110997531
0 0.4733333333254444 0.42444444443501234 0.019999999999666666 0.031111111110419754
0 0.4541666666590972 0.4233333333239259 0.024999999999583335 0.03777777777693827
0 0.44916666665918054 0.39777777776893825 0.01833333333302778 0.022222222221728392
0 0.4183333333263611 0.40777777776871604 0.019999999999666666 0.02888888888824691
0 0.4033333333266111 0.4211111111017531 0.01666666666638889 0.024444444443901234
0 0.3899999999935 0.41444444443523454 0.019999999999666666 0.03333333333259259
0 0.3741666666604305 0.3955555555467654 0.01833333333302778 0.026666666666074073
0 0.4716666666588055 0.39888888888002466 0.013333333333111111 0.024444444443901234
0 0.4841666666585972 0.39777777776893825 0.01499999999975 0.022222222221728392
0 0.5058333333249028 0.41555555554632095 0.021666666666305553 0.03555555555476543
0 0.5524999999907917 0.4344444444347901 0.02833333333286111 0.042222222221283946
0 0.5716666666571388 0.45999999998977775 0.03333333333277778 0.053333333332148146
0 0.5891666666568472 0.526666666654963 0.05833333333236111 0.08444444444256789
0 0.5349999999910833 0.4033333333243704 0.013333333333111111 0.019999999999555554
0 0.55499999999075 0.3999999999911111 0.013333333333111111 0.017777777777382715
0 0.5649999999905834 0.4066666666576296 0.013333333333111111 0.022222222221728392
0 0.577499999990375 0.41888888887958026 0.01833333333302778 0.02888888888824691
0 0.5816666666569722 0.4033333333243704 0.01666666666638889 0.024444444443901234
0 0.6016666666566389 0.4199999999906667 0.019999999999666666 0.031111111110419754
0 0.6016666666566389 0.4011111111021975 0.013333333333111111 0.024444444443901234
0 0.6283333333228611 0.4122222222130617 0.01666666666638889 0.02888888888824691
0 0.6366666666560555 0.43666666665696297 0.0299999999995 0.042222222221283946
0 0.6774999999887084 0.4922222222112839 0.04499999999925 0.05999999999866666
0 0.7566666666540556 0.46888888887846913 0.04666666666588889 0.06222222222083951
0 0.8058333333199028 0.4511111111010864 0.024999999999583335 0.03999999999911111
0 0.8291666666528472 0.43111111110153083 0.021666666666305553 0.031111111110419754
0 0.8374999999860416 0.4099999999908889 0.01499999999975 0.02888888888824691
0 0.8516666666524723 0.41555555554632095 0.01666666666638889 0.026666666666074073
0 0.8766666666520555 0.4122222222130617 0.023333333332944444 0.03333333333259259
0 0.8916666666518055 0.4177777777684938 0.01666666666638889 0.026666666666074073
0 0.9108333333181527 0.4122222222130617 0.01499999999975 0.02888888888824691
0 0.9291666666511805 0.41444444443523454 0.01833333333302778 0.02888888888824691
0 0.9508333333174861 0.41555555554632095 0.01833333333302778 0.026666666666074073
0 0.7299999999878333 0.4344444444347901 0.019999999999666666 0.03333333333259259
0 0.6908333333218194 0.4177777777684938 0.021666666666305553 0.03999999999911111
0 0.6616666666556389 0.428888888879358 0.019999999999666666 0.03999999999911111
0 0.6566666666557223 0.3999999999911111 0.01666666666638889 0.026666666666074073
0 0.6758333333220694 0.40888888887980246 0.01499999999975 0.026666666666074073
0 0.6241666666562639 0.394444444435679 0.011666666666472222 0.019999999999555554
0 0.7033333333216111 0.4011111111021975 0.01666666666638889 0.02888888888824691
0 0.719999999988 0.4055555555465432 0.013333333333111111 0.015555555555209877
0 0.73499999998775 0.4022222222132839 0.013333333333111111 0.026666666666074073
0 0.7524999999874583 0.4033333333243704 0.01499999999975 0.024444444443901234
0 0.7774999999870417 0.4233333333239259 0.01499999999975 0.02888888888824691
0 0.7899999999868333 0.4122222222130617 0.01666666666638889 0.02888888888824691
