0 0.20925245097975106 0.4203431372531849 0.054534313725323115 0.09150326797348242
0 0.09191176470560075 0.8118872548986443 0.16666666666615604 0.2512254901950522
0 0.3852634803909765 0.6846405228730202 0.11060049019573957 0.1723856209143285
0 0.5379901960767831 0.8978758169897962 0.24999999999923406 0.20424836601223756
0 0.7506127450957395 0.7992238562058855 0.17463235294064144 0.23406862745002424
0 0.5473345588218526 0.6499183006509399 0.10324754901929152 0.13480392156807677
0 0.6430759803901867 0.6062091503243211 0.07169117647036859 0.10457516339826563
0 0.6931678921547391 0.594975490193648 0.07015931372527524 0.106617647058388
0 0.7804840686250598 0.5647467320238369 0.07628676470564863 0.08782679738526215
0 0.9105392156834848 0.6613562091476252 0.12254901960746768 0.18954248365935644
0 0.9822303921538534 0.6225490196053001 0.03553921568616562 0.11356209150280408
0 0.9713541666636907 0.38868464052128804 0.05729166666649114 0.0886437908493111
