0 0.19140624999813083 0.31372549019134655 0.06445312499937059 0.09049773755519612
0 0.1186523437488413 0.4253393665094217 0.041992187499589925 0.07541478129599676
0 0.619628906243949 0.4321266968260614 0.04980468749951363 0.08295625942559644
0 0.659667968743558 0.419306184005742 0.03417968749966622 0.05429864253311767
0 0.708007812493086 0.3235294117598261 0.039062499999618534 0.0558069381590376
0 0.7504882812426711 0.3861236802355034 0.030273437499704365 0.05429864253311767
0 0.7578124999925996 0.43891402714270117 0.039062499999618534 0.06334841628863729
0 0.8242187499919511 0.41025641025022236 0.03320312499967575 0.05429864253311767
0 0.7949218749922372 0.37405731522814395 0.01757812499982834 0.030165912518398705
0 0.8476562499917222 0.3846153846095835 0.021484374999790196 0.03921568627391832
0 0.8759765624914456 0.4027149321206227 0.031249999999694827 0.04826546002943793
0 0.9003906249912073 0.38084464554478364 0.019531249999809267 0.03770739064799838
0 0.9360351562408591 0.3868778280484634 0.02636718749974251 0.04072398189983825
0 0.9809570312404204 0.3883861236743833 0.030273437499704365 0.04977375565535786
0 0.5644531249944879 0.4079939668113425 0.021484374999790196 0.03167420814431864
0 0.5703124999944306 0.38235294117070356 0.015624999999847414 0.02262443438879903
0 0.5898437499942398 0.3687782805374242 0.015624999999847414 0.02262443438879903
0 0.6157226562439871 0.3657616892855843 0.014648437499856951 0.02262443438879903
0 0.6372070312437773 0.3619909502207845 0.018554687499818805 0.030165912518398705
0 0.6645507812435103 0.37782805429294375 0.016601562499837876 0.025641025640638897
