0 0.022727272726859503 0.5286144578154032 0.027272727272231404 0.045180722890205395
0 0.05363636363538843 0.5527108433568461 0.034545454544826444 0.05120481927556612
0 0.09181818181651238 0.49849397588859956 0.023636363635933882 0.02710843373412324
0 0.1190909090887438 0.5210843373337022 0.027272727272231404 0.042168674697525034
0 0.155454545451719 0.48343373492519776 0.01999999999963636 0.02710843373412324
0 0.18363636363302477 0.4698795180581361 0.0181818181814876 0.030120481926803597
0 0.19727272726914047 0.45933734938375487 0.016363636363338842 0.02710843373412324
0 0.20818181817803305 0.5466867469714853 0.027272727272231404 0.03915662650484468
0 0.21727272726877683 0.48795180721421827 0.01999999999963636 0.03614457831216432
0 0.246363636359157 0.47289156625081646 0.01999999999963636 0.030120481926803597
0 0.2890909090856529 0.510542168659321 0.021818181817785123 0.03915662650484468
0 0.3290909090849256 0.47740963853983703 0.021818181817785123 0.045180722890205395
0 0.3245454545395537 0.43825301203499234 0.01999999999963636 0.02710843373412324
0 0.35454545453900826 0.45180722890205394 0.014545454545190082 0.024096385541442878
0 0.3736363636295702 0.5240963855263826 0.023636363635933882 0.05421686746824648
0 0.28727272726750414 0.44578313251669327 0.0181818181814876 0.03614457831216432
0 0.26272727272249585 0.34638554215824136 0.01999999999963636 0.03614457831216432
0 0.6345454545339173 0.4066265060118486 0.0363636363629752 0.06626506023896792
0 0.6563636363517025 0.47289156625081646 0.05090909090816528 0.09638554216577151
0 0.796363636349157 0.4849397590215379 0.0872727272711405 0.150602409634018
0 0.887272727256595 0.5753012048019487 0.1781818181785785 0.2469879517997895
0 0.6709090908968925 0.31777108432777795 0.02545454545408264 0.045180722890205395
0 0.6236363636250247 0.36596385541066373 0.02545454545408264 0.045180722890205395
0 0.5936363636255703 0.37650602408504497 0.016363636363338842 0.03614457831216432
