0 0.10089285714105549 0.41989664081602335 0.0839285714270727 0.12144702842063444
0 0.21249999999620536 0.13178294573302887 0.057142857141836735 0.098191214467747
0 0.29642857142327805 0.31912144702017775 0.06428571428456632 0.10594315245204282
0 0.39553571427865114 0.3049095607156354 0.06249999999888393 0.07751937984295816
0 0.3999999999928571 0.2583979328098605 0.05357142857047194 0.06718346253056373
0 0.5133928571336894 0.2467700258334168 0.048214285713424745 0.08010335917105676
0 0.47857142856288265 0.46124031006560107 0.06785714285593113 0.12661498707683166
0 0.524999999990625 0.3850129198866922 0.057142857141836735 0.10852713178014142
0 0.6214285714174745 0.33720930231686796 0.06428571428456632 0.08527131782725397
0 0.6749999999879465 0.2984496123953889 0.05357142857047194 0.09560723513964839
0 0.8866071428413106 0.4896640826746857 0.0874999999984375 0.1524547803578177
0 0.9517857142687182 0.35658914727760754 0.057142857141836735 0.098191214467747
