0 39450000000.0 10100000000.0 5100000000.0 6000000000.0
0 12800000000.0 23050000000.0 4400000000.0 4500000000.0
0 16750000000.0 21750000000.0 3700000000.0 4100000000.0
0 21500000000.0 21000000000.0 3000000000.0 3800000000.0
0 25250000000.0 21200000000.0 2100000000.0 2600000000.0
0 27450000000.0 19750000000.0 2100000000.0 2500000000.0
0 28650000000.0 18400000000.0 1100000000.0 1200000000.0
0 28150000000.0 17700000000.0 1100000000.0 1200000000.0
0 29150000000.0 17400000000.0 1100000000.0 1400000000.0
0 30200000000.0 18450000000.0 800000000.0 1300000000.0
0 32450000000.0 19550000000.0 1500000000.0 1700000000.0
0 33400000000.0 18500000000.0 1400000000.0 1800000000.0
0 25700000000.0 17650000000.0 1000000000.0 1300000000.0
0 24550000000.0 17650000000.0 1100000000.0 1100000000.0
0 24850000000.0 16750000000.0 1100000000.0 1100000000.0
0 23650000000.0 18300000000.0 1500000000.0 1800000000.0
0 23150000000.0 16700000000.0 1100000000.0 1400000000.0
0 21050000000.0 17250000000.0 1300000000.0 1300000000.0
0 21550000000.0 16300000000.0 1300000000.0 1400000000.0
0 19850000000.0 16400000000.0 900000000.0 1400000000.0
0 20400000000.0 15950000000.0 800000000.0 1100000000.0
0 18600000000.0 16350000000.0 1000000000.0 1300000000.0
0 19350000000.0 15850000000.0 700000000.0 1100000000.0
0 18600000000.0 15200000000.0 1000000000.0 1000000000.0
0 17000000000.0 15850000000.0 1000000000.0 900000000.0
0 16950000000.0 15000000000.0 700000000.0 1000000000.0
0 15550000000.0 15750000000.0 1100000000.0 900000000.0
0 15300000000.0 15150000000.0 800000000.0 1100000000.0
0 18800000000.0 18900000000.0 1800000000.0 2200000000.0
0 20550000000.0 18800000000.0 1500000000.0 1800000000.0
0 16600000000.0 19300000000.0 1800000000.0 1600000000.0
0 14550000000.0 19100000000.0 2100000000.0 2200000000.0
0 14750000000.0 17350000000.0 1300000000.0 1500000000.0
0 16100000000.0 17150000000.0 1400000000.0 1700000000.0
0 12900000000.0 17150000000.0 1600000000.0 1500000000.0
0 13750000000.0 16150000000.0 1100000000.0 1500000000.0
0 10900000000.0 17150000000.0 2000000000.0 1900000000.0
0 10550000000.0 19400000000.0 2500000000.0 2800000000.0
0 6950000000.0 20350000000.0 2700000000.0 3100000000.0
0 2250000000.0 20250000000.0 2700000000.0 3100000000.0
0 1400000000.0 17100000000.0 1400000000.0 2400000000.0
0 5100000000.0 16750000000.0 1800000000.0 1900000000.0
0 6450000000.0 16250000000.0 1300000000.0 1900000000.0
0 8150000000.0 17750000000.0 2100000000.0 2100000000.0
0 8800000000.0 15900000000.0 1200000000.0 1400000000.0
0 7950000000.0 14950000000.0 1100000000.0 1500000000.0
0 8750000000.0 14800000000.0 900000000.0 1200000000.0
0 9600000000.0 13950000000.0 1000000000.0 1100000000.0
0 12100000000.0 14750000000.0 1000000000.0 1100000000.0
0 12950000000.0 14300000000.0 700000000.0 800000000.0
0 13750000000.0 14650000000.0 700000000.0 900000000.0
0 13800000000.0 14150000000.0 600000000.0 700000000.0
0 12150000000.0 14050000000.0 700000000.0 900000000.0
0 6100000000.0 13800000000.0 1200000000.0 1200000000.0
0 5150000000.0 13400000000.0 900000000.0 1000000000.0
0 3150000000.0 15500000000.0 1900000000.0 2000000000.0
0 2650000000.0 13950000000.0 1300000000.0 1500000000.0
0 1300000000.0 13750000000.0 1000000000.0 1500000000.0
