0 0.042218543045658634 0.5244565217248789 0.07781456953513552 0.1195652173880553
0 0.0405629139066132 0.4483695652052074 0.05463576158849941 0.07608695651967155
0 0.05463576158849941 0.6603260869385781 0.0860927152303627 0.1358695652136992
0 0.11920529801127144 0.5733695652018106 0.08940397350845358 0.10869565217095936
0 0.09188741721702173 0.3804347825983578 0.04139072847613592 0.07608695651967155
0 0.15645695363979376 0.35190217390348094 0.05132450331040854 0.07336956521539757
0 0.20860927151972503 0.4293478260752895 0.05960264900563572 0.09239130434531545
0 0.2549668874129972 0.37907608694622075 0.05298013244945397 0.08423913043249351
0 0.35761589403381433 0.3070652173829602 0.03642384105899961 0.06521739130257562
0 0.4188741721784955 0.36277173912057686 0.046357615893272225 0.062499999998301636
0 0.4652317880717677 0.4062499999889606 0.05298013244945397 0.08423913043249351
0 0.4354304635689498 0.505434782594961 0.0860927152303627 0.10869565217095936
0 0.3294701986700419 0.669836956503537 0.0993377483427262 0.16576086956071304
0 0.6688741721743564 0.5720108695496736 0.0993377483427262 0.1548913043436171
0 0.7756622516427871 0.5149456521599199 0.09437086092558988 0.14402173912652116
0 0.6622516556181747 0.3926630434675907 0.05298013244945397 0.0679347826068496
0 0.5943708609173117 0.4076086956410976 0.04304635761518135 0.07608695651967155
0 0.5976821191954026 0.31385869564364516 0.02980132450281786 0.05706521738975366
0 0.6581125827705611 0.32880434781715207 0.04470198675422679 0.05434782608547968
0 0.7069536423724014 0.335597826077837 0.03642384105899961 0.0679347826068496
0 0.769867549656128 0.3260869565128781 0.04304635761518135 0.05978260869402765
0 0.8336092715093774 0.40081521738041265 0.05132450331040854 0.07336956521539757
0 0.8617549668731498 0.339673913034248 0.05132450331040854 0.06521739130257562
0 0.9693708609111031 0.4252717391188785 0.061258278144681155 0.10597826086668538
0 0.9693708609111031 0.3532608695556179 0.048013245032317665 0.07608695651967155
