0 0.6713709677329116 0.6716666666442778 0.11693548386939602 0.3566666666547778
0 0.6243279569808557 0.689999999977 0.08198924731072595 0.29333333332355555
0 0.594758064508135 0.48166666665061114 0.10080645161154829 0.30999999998966665
0 0.7083333333238127 0.48666666665044445 0.06182795698841629 0.2533333333248889
0 0.7661290322477671 0.4666666666511111 0.06451612903139091 0.29333333332355555
0 0.8178763440750285 0.4599999999846667 0.08198924731072595 0.30666666665644443
0 0.8770161290204702 0.5749999999808334 0.08736559139667519 0.29666666665677777
0 0.9482526881592976 0.6116666666462778 0.09811827956857368 0.34999999998833337
0 0.9704301075138383 0.38499999998716666 0.05913978494544167 0.16999999999433335
0 0.9032258064394727 0.38499999998716666 0.06451612903139091 0.18999999999366668
0 0.951612903213016 0.21666666665944445 0.051075268816517805 0.1333333333288889
0 0.8736559139667519 0.1933333333268889 0.051075268816517805 0.14666666666177777
0 0.8541666666551859 0.3249999999891667 0.05241935483800511 0.12999999999566667
0 0.6969086021411706 0.35999999998800003 0.05510752688097974 0.1333333333288889
0 0.6592741935395259 0.42666666665244446 0.05241935483800511 0.119999999996
