0 0.18823529411211073 0.21764705881499424 0.1764705882301038 0.33333333332026144
0 0.04558823529277682 0.08039215685959247 0.08529411764455018 0.15294117646459054
0 0.31764705881418687 0.10784313725067282 0.08235294117404844 0.15294117646459054
0 0.44705882351626297 0.15294117646459054 0.09999999999705883 0.14901960783729334
0 0.5985294117471021 0.11372549019161862 0.13823529411358132 0.21960784312864284
0 0.5852941176298443 0.4411764705709343 0.27058823528615916 0.364705882338639
0 0.7367647058606834 0.21372549018769704 0.10294117646756056 0.15294117646459054
0 0.8264705882109862 0.08039215685959247 0.07647058823304499 0.15294117646459054
0 0.8808823529152682 0.0647058823504037 0.049999999998529415 0.10588235293702422
0 0.9308823529137976 0.10196078430972703 0.05588235293953287 0.11764705881891581
0 0.7294117646844291 0.10980392156432142 0.0588235294100346 0.10980392156432142
0 0.5147058823378028 0.15882352940553635 0.07058823529204153 0.1294117647008074
