0 0.13728549141751506 0.39050131925091025 0.053042121684039906 0.08443271767587249
0 0.1879875194978473 0.4670184696446697 0.057722308891455194 0.11081794194958264
0 0.30187207487828593 0.49076517149100884 0.07020280811122928 0.11609498680432467
0 0.3073322932869371 0.16226912928331744 0.031201248049435238 0.05540897097479132
0 0.41887675506366806 0.7915567282113045 0.05460218408651167 0.09498680738535654
0 0.47269890794894387 0.8166226912713292 0.043681747269209335 0.0870712401032435
0 0.5741029641096084 0.8232189973397568 0.04680187207415286 0.08970976253061452
0 0.6279251169948842 0.7994722954934176 0.045241809671681094 0.08443271767587249
0 0.7129485179295952 0.7176781002449162 0.034321372854378765 0.0686015831116464
0 0.6903276130937547 0.8126649076302727 0.03588143525685052 0.07387862796638843
0 0.7628705148086916 0.7374670184501988 0.031201248049435238 0.07124010553901741
0 0.7893915756507115 0.7097625329628031 0.034321372854378765 0.06332453825690437
0 0.8268330733100339 0.688654353543835 0.031201248049435238 0.0686015831116464
0 0.8408736349322797 0.6398416886374712 0.03744149765932229 0.06596306068427538
0 0.832293291718685 0.5897097625174219 0.029641185646963476 0.04485488126530726
0 0.8400936037310438 0.5514511873205422 0.02340093603707643 0.04749340369267827
0 0.8338533541211568 0.51978891819209 0.02340093603707643 0.042216358837936244
0 0.8174726988952032 0.4670184696446697 0.021840873634604668 0.04749340369267827
0 0.7488299531864457 0.3997361477467088 0.018720748829661144 0.04485488126530726
0 0.7355694227654358 0.3839050131824827 0.014040561622245857 0.039577836410565226
0 0.8837753510002532 0.7493403693733683 0.045241809671681094 0.08970976253061452
