0 0.06914062499945985 0.36288088642156674 0.041406249999676514 0.0692520775613677
0 0.09296874999927368 0.3227146814359735 0.02499999999980469 0.0332409972294565
0 0.13671874999893188 0.336565096948247 0.02499999999980469 0.041551246536820616
0 0.15820312499876404 0.426592797778025 0.06328124999950561 0.11080332409818831
0 0.2167968749983063 0.34695290858245215 0.030468749999761964 0.056786703600321516
0 0.26093749999796145 0.39750692520225056 0.0656249999994873 0.11634349030309774
0 0.3527343749972443 0.34556786703122483 0.025781249999798587 0.042936288088047975
0 0.3601562499971863 0.40304709140716 0.04374999999965821 0.0720221606638224
0 0.49687499999611817 0.40235457063154634 0.04374999999965821 0.07617728531750446
0 0.46953124999633183 0.2797783933479255 0.020312499999841308 0.0360110803319112
0 0.4781249999962647 0.3621883656459531 0.02968749999976807 0.03739612188313856
0 0.46835937499634095 0.3310249307433376 0.01796874999985962 0.0332409972294565
0 0.5457031249957367 0.3670360110752488 0.02734374999978638 0.05263157894663945
0 0.5765624999954957 0.36565096952402143 0.017187499999865723 0.02493074792209237
0 0.852734374993338 0.5242382271395535 0.07265624999943238 0.13157894736659861
0 0.8277343749935334 0.4141274238169788 0.03828124999970093 0.07756232686873182
0 0.8992187499929749 0.3670360110752488 0.023437499999816896 0.05263157894663945
0 0.9183593749928254 0.3698060941777035 0.03203124999974976 0.05817174515154887
0 0.9554687499925355 0.4155124653682062 0.045312499999646 0.08587257617609595
0 0.015234374999880982 0.3760387811582266 0.02890624999977417 0.07894736841995918
