0 0.30666666666155556 0.62999999998425 0.10666666666488889 0.16999999999575
0 0.3899999999935 0.5399999999865001 0.06999999999883333 0.11499999999712501
0 0.4641666666589305 0.35374999999115625 0.04499999999925 0.08749999999781251
0 0.5883333333235278 0.5074999999873125 0.07666666666538889 0.10999999999725
0 0.6249999999895833 0.7074999999823125 0.1333333333311111 0.224999999994375
0 0.5799999999903334 0.439999999989 0.059999999999 0.084999999997875
0 0.7108333333214861 0.4537499999886563 0.04499999999925 0.0824999999979375
0 0.7399999999876666 0.4937499999876563 0.05666666666572222 0.09749999999756251
0 0.7858333333202361 0.42124999998946877 0.02833333333286111 0.0624999999984375
0 0.8533333333191111 0.43624999998909375 0.03666666666605556 0.06749999999831251
0 0.8541666666524306 0.5337499999866563 0.07833333333202777 0.1224999999969375
0 0.9366666666510556 0.4937499999876563 0.059999999999 0.1024999999974375
0 0.9066666666515555 0.45999999998850005 0.03999999999933333 0.0599999999985
0 0.9783333333170278 0.46999999998825004 0.03999999999933333 0.06999999999825
0 0.9441666666509305 0.439999999989 0.024999999999583335 0.04999999999875
0 0.067499999998875 0.5712499999857188 0.08166666666530556 0.13249999999668752
0 0.08416666666526389 0.8762499999780938 0.15833333333069444 0.2474999999938125
