0 0.305369127509947 0.23461538460636094 0.11856823265953986 0.26923076922041417
0 0.5592841163185843 0.15384615384023667 0.09843400447207083 0.2076923076843195
0 0.23378076062116823 0.1019230769191568 0.04250559284021241 0.08076923076612426
0 0.024608501118017708 0.1019230769191568 0.04474272930548674 0.11153846153417159
0 0.6588366890232923 0.6596153845900148 0.16778523489557529 0.2653846153744083
0 0.7326621923773454 0.8499999999673077 0.199105145409416 0.2999999999884615
0 0.8087248321966729 0.4346153845986686 0.11856823265953986 0.21538461537633136
0 0.7807606263807436 0.15961538460924554 0.058165548097132765 0.14230769230221893
0 0.8445190156410622 0.2730769230664201 0.05145413870130976 0.11538461538017751
0 0.8881431767139119 0.3884615384465976 0.08053691274987614 0.138461538456213
