0 0.9641666666505972 0.5362499999865937 0.034999999999416664 0.05749999999856251
0 0.9016666666516389 0.4912499999877188 0.026666666666222222 0.0424999999989375
0 0.9483333333175278 0.42249999998943755 0.023333333332944444 0.044999999998875
0 0.9441666666509305 0.38874999999028126 0.01833333333302778 0.0324999999991875
0 0.8716666666521389 0.39499999999012503 0.01666666666638889 0.034999999999125
0 0.8591666666523472 0.43374999998915625 0.01833333333302778 0.0324999999991875
0 0.8166666666530555 0.46874999998828126 0.023333333332944444 0.037499999999062505
0 0.8208333333196528 0.5287499999867813 0.021666666666305553 0.047499999998812506
0 0.7524999999874583 0.50999999998725 0.024999999999583335 0.04999999999875
0 0.748333333320861 0.47749999998806253 0.019999999999666666 0.034999999999125
0 0.7366666666543888 0.4374999999890625 0.013333333333111111 0.02999999999925
0 0.7516666666541388 0.4074999999898125 0.01666666666638889 0.024999999999375
0 0.7924999999867917 0.42749999998931254 0.01833333333302778 0.02999999999925
0 0.8016666666533055 0.39999999999 0.01666666666638889 0.02999999999925
0 0.7074999999882083 0.4124999999896875 0.01499999999975 0.02999999999925
0 0.6658333333222362 0.43874999998903125 0.01499999999975 0.0274999999993125
0 0.6883333333218611 0.47874999998803125 0.01666666666638889 0.0324999999991875
0 0.6691666666555138 0.5187499999870313 0.02833333333286111 0.047499999998812506
0 0.6208333333229861 0.43249999998918753 0.02833333333286111 0.044999999998875
0 0.6416666666559722 0.4074999999898125 0.01666666666638889 0.024999999999375
0 0.592499999990125 0.4124999999896875 0.011666666666472222 0.024999999999375
0 0.5683333333238612 0.47499999998812503 0.01666666666638889 0.024999999999375
0 0.5649999999905834 0.4512499999887188 0.01666666666638889 0.0274999999993125
0 0.553333333324111 0.40999999998975 0.013333333333111111 0.02999999999925
0 0.457499999992375 0.4187499999895313 0.01499999999975 0.0224999999994375
0 0.4608333333256528 0.44999999998875 0.01499999999975 0.02999999999925
0 0.4616666666589722 0.4824999999879375 0.019999999999666666 0.024999999999375
0 0.44916666665918054 0.504999999987375 0.021666666666305553 0.034999999999125
0 0.3941666666600972 0.5237499999869063 0.024999999999583335 0.037499999999062505
0 0.39083333332681947 0.4912499999877188 0.01499999999975 0.0274999999993125
0 0.4066666666598889 0.4474999999888125 0.013333333333111111 0.024999999999375
0 0.41333333332644445 0.43249999998918753 0.013333333333111111 0.0199999999995
0 0.3716666666604722 0.479999999988 0.019999999999666666 0.02999999999925
0 0.35749999999404164 0.43249999998918753 0.011666666666472222 0.024999999999375
0 0.32749999999454166 0.5237499999869063 0.021666666666305553 0.037499999999062505
0 0.32499999999458334 0.4912499999877188 0.013333333333111111 0.0174999999995625
0 0.31916666666134724 0.47374999998815626 0.01499999999975 0.0224999999994375
0 0.3166666666613889 0.43624999998909375 0.013333333333111111 0.0274999999993125
0 0.3166666666613889 0.5462499999863438 0.0299999999995 0.05749999999856251
0 0.3016666666616389 0.5837499999854063 0.03666666666605556 0.0524999999986875
0 0.32499999999458334 0.6137499999846563 0.03999999999933333 0.0624999999984375
0 0.277499999995375 0.4999999999875 0.021666666666305553 0.034999999999125
0 0.2608333333289861 0.42749999998931254 0.01499999999975 0.02999999999925
0 0.23333333332944445 0.5124999999871875 0.023333333332944444 0.039999999999
0 0.2233333333296111 0.46499999998837505 0.019999999999666666 0.034999999999125
0 0.19999999999666668 0.4512499999887188 0.01666666666638889 0.0324999999991875
0 0.16499999999724999 0.46999999998825004 0.01666666666638889 0.024999999999375
0 0.14166666666430555 0.4412499999889688 0.01666666666638889 0.0324999999991875
0 0.10999999999816666 0.47249999998818754 0.023333333332944444 0.02999999999925
0 0.08833333333186111 0.4424999999889375 0.019999999999666666 0.034999999999125
0 0.010833333333152777 0.43249999998918753 0.01833333333302778 0.02999999999925
0 0.015833333333069445 0.5037499999874063 0.02833333333286111 0.047499999998812506
0 0.09999999999833334 0.5612499999859688 0.04333333333261111 0.05749999999856251
0 0.1258333333312361 0.5537499999861563 0.03166666666613889 0.0624999999984375
0 0.112499999998125 0.6424999999839376 0.07166666666547222 0.104999999997375
0 0.16083333333065278 0.6537499999836562 0.07166666666547222 0.1224999999969375
0 0.2683333333288611 0.7037499999824063 0.07999999999866667 0.1474999999963125
0 0.2966666666617222 0.8862499999778438 0.1333333333311111 0.21749999999456252
0 0.472499999992125 0.6012499999849688 0.04499999999925 0.08749999999781251
0 0.5891666666568472 0.6574999999835626 0.05833333333236111 0.104999999997375
0 0.7308333333211527 0.7037499999824063 0.08166666666530556 0.1474999999963125
