0 0.13699999999726 0.785285285261703 0.09399999999811999 0.1471471471427283
0 0.26299999999474 0.423423423410708 0.053999999998919995 0.07807807807573339
0 0.39399999999212 0.6576576576379082 0.07199999999856 0.1321321321281642
0 0.55199999998896 0.8768768768505442 0.14399999999712 0.2282282282213745
0 0.60399999998792 0.6336336336146056 0.07599999999847999 0.13813813813398984
0 0.65299999998694 0.5990990990811081 0.053999999998919995 0.08708708708447185
0 0.599999999988 0.5090090089937234 0.02799999999944 0.04504504504369234
0 0.649999999987 0.4654654654514875 0.019999999999599997 0.04204204204077951
0 0.68299999998634 0.4789789789645952 0.025999999999479998 0.05105105104951798
0 0.74699999998506 0.48048048046605163 0.025999999999479998 0.04804804804660516
0 0.7519999999849599 0.5720720720548926 0.04799999999904 0.06906906906699492
0 0.7719999999845599 0.6846846846641236 0.07599999999847999 0.1321321321281642
0 0.78099999998438 0.49399399397915933 0.0299999999994 0.04504504504369234
0 0.7989999999840199 0.4504504504369234 0.025999999999479998 0.04204204204077951
0 0.87299999998254 0.46246246244857464 0.0299999999994 0.04204204204077951
0 0.9229999999815399 0.4639639639500311 0.0299999999994 0.05105105104951798
0 0.9369999999812599 0.8663663663403492 0.12599999999748 0.2552552552475899
0 0.90699999998186 0.5930930930752825 0.05799999999884 0.09909909909612315
0 0.94799999998104 0.5660660660490671 0.051999999998959996 0.08108108107864621
0 0.92699999998146 0.540540540524308 0.04199999999916 0.0660660660640821
