0 0.03861111111089661 0.3896296296267435 0.05611111111079938 0.09777777777705352
0 0.13138888888815894 0.4470370370337257 0.09944444444389199 0.13703703703602196
0 0.18222222222120987 0.32777777777534983 0.04666666666640741 0.08222222222161318
0 0.12361111111042439 0.2933333333311605 0.042777777777540126 0.05925925925882031
0 0.21166666666549075 0.2814814814793965 0.037777777777567904 0.05037037036999727
0 0.29861111110945215 0.3803703703675529 0.06722222222184877 0.09407407407337724
0 0.3011111111094383 0.3051851851829246 0.03444444444425309 0.05925925925882031
0 0.3663888888868534 0.27703703703498495 0.0361111111109105 0.05333333333293828
0 0.41361111110881327 0.2599999999980741 0.03166666666649074 0.04740740740705625
0 0.4297222222198349 0.329629629627188 0.05166666666637963 0.08148148148087793
0 0.4733333333307037 0.2981481481459397 0.03999999999977778 0.05703703703661455
0 0.5111111111082717 0.27814814814608785 0.03888888888867284 0.05851851851808506
0 0.5416666666636575 0.27148148147947054 0.035555555555358026 0.05555555555514404
0 0.5741666666634768 0.4718518518483567 0.09166666666615741 0.1525925925914623
0 0.6244444444409754 0.36333333333064205 0.06777777777740124 0.10888888888808232
0 0.6552777777741373 0.30481481481255696 0.04833333333306482 0.07185185185131962
0 0.6883333333295093 0.2607407407388094 0.037777777777567904 0.06814814814764336
0 0.8719444444396004 0.24407407407226617 0.03722222222201543 0.05555555555514404
0 0.8836111111062022 0.2833333333312346 0.03722222222201543 0.0659259259254376
0 0.9241666666615325 0.3051851851829246 0.04833333333306482 0.08148148148087793
0 0.9522222222169321 0.34185185184931965 0.05888888888856173 0.10296296296220028
0 0.9755555555501358 0.3885185185156407 0.04888888888861728 0.11925925925837587
