0 0.1549999999969 0.3633633633524515 0.04599999999908 0.0660660660640821
0 0.21199999999576 0.3618618618509951 0.03199999999936 0.06906906906699492
0 0.2449999999951 0.33783783782769256 0.03399999999932 0.06306306306116927
0 0.26399999999472 0.3888888888772105 0.03599999999928 0.06306306306116927
0 0.29299999999414 0.3738738738626464 0.0299999999994 0.06306306306116927
0 0.3249999999935 0.3498498498393438 0.037999999999239996 0.06306306306116927
0 0.3649999999927 0.3573573573466259 0.03399999999932 0.07207207206990773
0 0.39099999999218 0.36786786785682074 0.0299999999994 0.06906906906699492
0 0.42399999999152 0.3693693693582772 0.03199999999936 0.07207207206990773
0 0.46799999999063996 0.3633633633524515 0.02399999999952 0.060060060058256454
0 0.49499999999009997 0.3618618618509951 0.025999999999479998 0.05705705705534363
0 0.51899999998962 0.3588588588480823 0.03399999999932 0.07507507507282056
0 0.55099999998898 0.3603603603495387 0.03399999999932 0.060060060058256454
0 0.5809999999883799 0.3558558558451695 0.03399999999932 0.06306306306116927
0 0.5749999999884999 0.4009009008888618 0.03399999999932 0.05705705705534363
0 0.62899999998742 0.3588588588480823 0.037999999999239996 0.06906906906699492
0 0.68799999998624 0.4159159159034259 0.03199999999936 0.06906906906699492
0 0.73599999998528 0.40690690689468745 0.03599999999928 0.06906906906699492
0 0.79599999998408 0.3993993993874054 0.039999999999199995 0.0660660660640821
0 0.84199999998316 0.40690690689468745 0.051999999998959996 0.08708708708447185
0 0.69899999998602 0.5525525525359594 0.04199999999916 0.07207207206990773
0 0.6249999999875 0.5795795795621748 0.037999999999239996 0.0660660660640821
0 0.5899999999882 0.5660660660490671 0.03199999999936 0.05705705705534363
0 0.5229999999895399 0.5510510510345029 0.037999999999239996 0.06306306306116927
0 0.4799999999904 0.5615615615446978 0.039999999999199995 0.07207207206990773
0 0.40199999999196 0.5615615615446978 0.039999999999199995 0.060060060058256454
0 0.34599999999308 0.5645645645476106 0.039999999999199995 0.060060060058256454
