0 0.1908333333301528 0.398169336375328 0.10833333333152778 0.17848970251307805
0 0.2383333333293611 0.24599542333533192 0.10333333333161111 0.16247139587728898
0 0.277499999995375 0.10869565217142574 0.07499999999875 0.11670480548932026
0 0.16583333333056943 0.08352402745804294 0.05499999999908333 0.08924485125653903
0 0.412499999993125 0.19794050342796476 0.024999999999583335 0.0434782608685703
0 0.4674999999922083 0.21052631578465617 0.02833333333286111 0.04576659038796873
0 0.49833333332502777 0.2116704805443554 0.03999999999933333 0.05263157894616404
0 0.5741666666570973 0.21624713958315225 0.03166666666613889 0.05263157894616404
0 0.5991666666566805 0.19679633866826554 0.038333333332694446 0.0503432494267656
0 0.6458333333225694 0.2116704805443554 0.038333333332694446 0.061784897023757786
0 0.682499999988625 0.21967963386224992 0.034999999999416664 0.05491990846556248
0 0.7158333333214028 0.20251716246676163 0.03166666666613889 0.0434782608685703
0 0.7708333333204861 0.21739130434285148 0.04166666666597222 0.06864988558195309
0 0.8041666666532639 0.2128146453040546 0.04499999999925 0.07322654462074997
0 0.7758333333204027 0.17848970251307805 0.02833333333286111 0.03203661327157811
0 0.8491666666525138 0.20251716246676163 0.05833333333236111 0.10297482837292965
0 0.8949999999850833 0.22311212814134757 0.06666666666555555 0.10755148741172652
0 0.9474999999842083 0.20366132722646085 0.038333333332694446 0.05949656750435935
0 0.982499999983625 0.2368421052577382 0.034999999999416664 0.0755148741401484
