0 0.22666666666288887 0.3722222222139506 0.04333333333261111 0.05999999999866666
0 0.4541666666590972 0.4011111111021975 0.04166666666597222 0.055555555554320984
0 0.5541666666574305 0.3833333333248148 0.04166666666597222 0.05999999999866666
0 0.6516666666558055 0.3888888888802469 0.04333333333261111 0.05777777777649382
0 0.8158333333197361 0.37111111110286416 0.04166666666597222 0.06666666666518518
0 0.8791666666520139 0.5311111110993086 0.05499999999908333 0.07555555555387654
0 0.7074999999882083 0.5811111110981975 0.08833333333186111 0.12222222221950617
0 0.748333333320861 0.5422222222101728 0.06333333333227778 0.09777777777560494
0 0.7016666666549722 0.49777777776671606 0.05666666666572222 0.07555555555387654
0 0.5974999999900417 0.6466666666522962 0.10833333333152778 0.17777777777382714
0 0.43999999999266665 0.7277777777616049 0.18666666666355555 0.3222222222150617
0 0.2874999999952083 0.6422222222079506 0.11499999999808333 0.16444444444079012
0 0.2958333333284028 0.5511111110988641 0.06499999999891666 0.08888888888691357
0 0.1516666666641389 0.5877777777647161 0.07666666666538889 0.09999999999777777
0 0.157499999997375 0.5299999999882222 0.05833333333236111 0.0733333333317037
