0 0.07979184735403477 0.586705202305356 0.03469210754523251 0.04508670520179091
0 0.08369470945287344 0.5624277456582378 0.032090199479340074 0.03583815028860303
0 0.2111882046816029 0.4930635838093288 0.045967042497433074 0.06589595375646363
0 0.761925411962169 0.5988439306289152 0.030355594102078446 0.0531791907508303
0 0.8091934084925483 0.5872832369874303 0.02254986990440113 0.04393063583764242
0 0.8252385082322183 0.6028901734034349 0.0338248048566017 0.058959537571572726
0 0.8720728534182822 0.5843930635770591 0.0338248048566017 0.04277456647349394
0 0.8690372940080744 0.6341040462354439 0.03469210754523251 0.04508670520179091
0 0.9488291413621092 0.5739884392997228 0.02428447528166276 0.03583815028860303
0 0.9765828273982952 0.5878612716695045 0.03469210754523251 0.04508670520179091
0 0.9492627927064246 0.5445086705139364 0.014744145706723817 0.030057803467860605
0 0.9735472679880873 0.5549132947912727 0.019947961838508693 0.027745664739563636
0 0.9666088464790409 0.5387283236931939 0.011274934952200565 0.020809248554672727
0 0.9293148308679159 0.55317919074505 0.01821335646124707 0.03352601156030606
0 0.9223764093588693 0.5393063583752682 0.014744145706723817 0.02427745664711818
0 0.8989592367658374 0.557803468201644 0.01821335646124707 0.02890173410371212
0 0.8959236773556296 0.5358381502828227 0.017346053772616256 0.02196531791882121
0 0.8603642671217663 0.5485549132884561 0.020815264527139506 0.03583815028860303
0 0.8469210754479887 0.5641618497044606 0.01821335646124707 0.027745664739563636
0 0.838681699905996 0.5398843930573424 0.01561144839535463 0.025433526011266666
0 0.8287077189867416 0.5583815028837181 0.019947961838508693 0.030057803467860605
0 0.8148308759686486 0.5514450866988273 0.016478751083985443 0.025433526011266666
0 0.8152645273129641 0.5381502890111197 0.017346053772616256 0.02196531791882121
0 0.775802254980262 0.5069364161791106 0.013009540329462192 0.017341040462227272
0 0.7285342584498827 0.5774566473921682 0.020815264527139506 0.04046242774519697
0 0.7111882046772665 0.5606936416120152 0.020815264527139506 0.030057803467860605
0 0.6942758022489657 0.5537572254271242 0.016478751083985443 0.025433526011266666
0 0.676496097132034 0.5502890173346788 0.01561144839535463 0.020809248554672727
0 0.6452732003413247 0.5728323699355742 0.01908065914987788 0.03352601156030606
0 0.6821335646081342 0.5884393063515788 0.02862098872481682 0.036994219652751514
0 0.7424111014679757 0.5491329479705302 0.010407632263569753 0.018497109826375757
0 0.6183868169937695 0.5728323699355742 0.02254986990440113 0.03583815028860303
0 0.5832610581042216 0.5884393063515788 0.02862098872481682 0.041618497109345454
0 0.5524718126578277 0.5878612716695045 0.02775368603618601 0.03583815028860303
0 0.5650477016429746 0.5635838150223863 0.021682567215770318 0.03121387283200909
0 0.5424978317385734 0.5624277456582378 0.016478751083985443 0.02658959537541515
0 0.5286209887204804 0.5601156069299409 0.016478751083985443 0.02658959537541515
0 0.5117085862921795 0.5502890173346788 0.013876843018093004 0.020809248554672727
0 0.5030355594058714 0.5682080924789803 0.020815264527139506 0.03352601156030606
0 0.48525585428893975 0.567630057796906 0.016478751083985443 0.032369942196157575
0 0.26322636599945165 0.5433526011497879 0.007805724197677315 0.011560693641484848
0 0.2580225498676668 0.5381502890111197 0.007805724197677315 0.015028901733930303
0 0.28230702514932954 0.5456647398780848 0.007805724197677315 0.013872832369781818
0 0.2918473547242685 0.5497109826526045 0.00954032957493894 0.015028901733930303
0 0.30268863833215365 0.5375722543290454 0.008673026886308128 0.020809248554672727
0 0.30745880311962315 0.5479768786063818 0.007805724197677315 0.011560693641484848
0 0.30919340849688476 0.5589595375657924 0.00954032957493894 0.017341040462227272
0 0.3174327840388775 0.5520231213809015 0.01214223764083138 0.017341040462227272
0 0.32827406764676265 0.5497109826526045 0.007805724197677315 0.012716763005633333
0 0.3399826539432786 0.5514450866988273 0.010407632263569753 0.016184971098078788
0 0.35125758889547914 0.5497109826526045 0.01214223764083138 0.019653179190524242
0 0.3460537727636943 0.5520231213809015 0.010407632263569753 0.017341040462227272
0 0.36339982653631053 0.550867052016753 0.01214223764083138 0.02196531791882121
0 0.3759757155214573 0.5560693641554212 0.013009540329462192 0.023121387282969696
0 0.3980919340815431 0.5445086705139364 0.013876843018093004 0.020809248554672727
0 0.3863833477850271 0.5537572254271242 0.00954032957493894 0.020809248554672727
0 0.4124024284439515 0.5497109826526045 0.011274934952200565 0.019653179190524242
0 0.42541196877341364 0.5549132947912727 0.011274934952200565 0.023121387282969696
0 0.433217692971091 0.5485549132884561 0.013009540329462192 0.02196531791882121
0 0.4340849956597218 0.5653179190686091 0.014744145706723817 0.030057803467860605
0 0.4501300953993918 0.5722543352535 0.01908065914987788 0.032369942196157575
0 0.4913269731093554 0.5393063583752682 0.00607111882041569 0.015028901733930303
