0 0.6827272727148594 0.5300546447942608 0.05636363636261157 0.09289617486084983
0 0.7736363636222975 0.5218579234830094 0.05636363636261157 0.08196721311251456
0 0.8136363636215702 0.527322404357177 0.034545454544826444 0.06557377049001165
0 0.8654545454388098 0.5150273223902998 0.0363636363629752 0.057377049178760194
0 0.9109090908925289 0.5095628415161322 0.029090909090380163 0.05191256830459256
0 0.9363636363466115 0.49316939889362926 0.02545454545408264 0.057377049178760194
0 0.9727272727095867 0.5054644808605064 0.029090909090380163 0.054644808741676376
0 0.5845454545348264 0.47404371583404253 0.030909090908528922 0.06830601092709547
0 0.6454545454428099 0.46994535517841685 0.029090909090380163 0.049180327867508734
0 0.5872727272620496 0.4344262294963272 0.02545454545408264 0.03278688524500582
0 0.614545454534281 0.4398907103704948 0.02545454545408264 0.03278688524500582
0 0.5599999999898182 0.437158469933411 0.021818181817785123 0.03278688524500582
0 0.5299999999903636 0.4344262294963272 0.023636363635933882 0.03278688524500582
0 0.6827272727148594 0.4494535519002882 0.01999999999963636 0.03551912568208964
0 0.7054545454417189 0.45081967211883006 0.02545454545408264 0.03278688524500582
0 0.7163636363506115 0.43306010927778527 0.021818181817785123 0.04644808743042492
0 0.6627272727152231 0.4344262294963272 0.01999999999963636 0.02185792349667055
0 0.7554545454408098 0.44262295080757863 0.023636363635933882 0.03278688524500582
0 0.7890909090765619 0.44262295080757863 0.021818181817785123 0.038251366119173465
0 0.810909090894347 0.46448087430424917 0.0181818181814876 0.03278688524500582
0 0.829999999984909 0.437158469933411 0.01272727272704132 0.027322404370838188
0 0.8609090908934379 0.4576502732115396 0.01999999999963636 0.03551912568208964
0 0.39090909090198345 0.5437158469796799 0.06545454545335537 0.0874316939866822
0 0.3872727272656859 0.47540983605258447 0.03999999999927272 0.054644808741676376
0 0.4009090909018016 0.45081967211883006 0.023636363635933882 0.0437158469933411
0 0.3654545454479008 0.37021857922485746 0.021818181817785123 0.030054644807922005
0 0.3163636363578843 0.4836065573638359 0.0363636363629752 0.054644808741676376
0 0.3190909090851074 0.4385245901519529 0.01999999999963636 0.03551912568208964
0 0.33636363635752065 0.4398907103704948 0.0181818181814876 0.038251366119173465
0 0.25999999999527273 0.5314207650128028 0.047272727271867765 0.07923497267543074
0 0.23090909090489253 0.48770491801946164 0.032727272726677685 0.057377049178760194
0 0.24545454545008263 0.4494535519002882 0.021818181817785123 0.030054644807922005
0 0.2745454545404628 0.46174863386716536 0.02545454545408264 0.038251366119173465
0 0.28727272726750414 0.4494535519002882 0.014545454545190082 0.030054644807922005
0 0.16999999999690907 0.5163934426088418 0.04181818181742149 0.08196721311251456
0 0.07727272727132231 0.5642076502578086 0.05272727272631405 0.06830601092709547
0 0.0727272727259504 0.4945355191121712 0.02545454545408264 0.0437158469933411
0 0.10999999999799999 0.4959016393307131 0.023636363635933882 0.04644808743042492
0 0.13909090908838015 0.49316939889362926 0.01999999999963636 0.03551912568208964
0 0.20090909090543801 0.4658469945227911 0.01999999999963636 0.030054644807922005
0 0.18636363636024791 0.46174863386716536 0.016363636363338842 0.03278688524500582
0 0.14727272727004959 0.4658469945227911 0.014545454545190082 0.024590163933754367
0 0.1318181818157851 0.45628415299299774 0.016363636363338842 0.03278688524500582
