0 0.2193749999972578 0.49249999999179167 0.031249999999609375 0.04499999999925
0 0.2193749999972578 0.52499999999125 0.026249999999671873 0.04333333333261111
0 0.2393749999970078 0.5441666666575972 0.031249999999609375 0.048333333332527775
0 0.27562499999655465 0.5483333333241944 0.04874999999939062 0.06333333333227778
0 0.32624999999592186 0.6141666666564305 0.0649999999991875 0.08833333333186111
0 0.3937499999950781 0.6883333333218611 0.0849999999989375 0.1333333333311111
0 0.40999999999487496 0.5599999999906666 0.049999999999374996 0.06999999999883333
0 0.34624999999567185 0.532499999991125 0.0399999999995 0.05499999999908333
0 0.3187499999960156 0.5358333333244027 0.029999999999625 0.048333333332527775
0 0.29249999999634374 0.5074999999915416 0.027499999999656247 0.04499999999925
0 0.5062499999936718 0.6233333333229444 0.057499999999281244 0.08666666666522221
0 0.5981249999925234 0.607499999989875 0.07124999999910937 0.09833333333169444
0 0.489999999993875 0.4966666666583889 0.0349999999995625 0.053333333332444444
0 0.46999999999412495 0.4899999999918333 0.024999999999687498 0.04333333333261111
0 0.4406249999944922 0.49999999999166667 0.028749999999640622 0.03999999999933333
0 0.5193749999935078 0.487499999991875 0.021249999999734374 0.034999999999416664
0 0.5606249999929922 0.49583333332506946 0.026249999999671873 0.04166666666597222
0 0.576874999992789 0.5074999999915416 0.033749999999578124 0.05499999999908333
0 0.6406249999919922 0.5199999999913333 0.03874999999951562 0.06333333333227778
0 0.6281249999921484 0.4808333333253194 0.026249999999671873 0.04166666666597222
0 0.6693749999916327 0.4683333333255278 0.026249999999671873 0.03333333333277778
0 0.7006249999912422 0.49416666665843056 0.033749999999578124 0.048333333332527775
0 0.7293749999908827 0.479999999992 0.021249999999734374 0.03999999999933333
0 0.7437499999907031 0.4683333333255278 0.01999999999975 0.03666666666605556
0 0.7681249999903984 0.4783333333253611 0.033749999999578124 0.04666666666588889
0 0.7881249999901484 0.4916666666584722 0.033749999999578124 0.04666666666588889
0 0.8031249999899609 0.4708333333254861 0.031249999999609375 0.04499999999925
0 0.7337499999908281 0.5908333333234861 0.06749999999915625 0.09499999999841667
0 0.9156249999885546 0.5974999999900417 0.09124999999885937 0.12166666666463889
0 0.8693749999891328 0.5233333333246111 0.036249999999546874 0.05666666666572222
0 0.8868749999889141 0.48833333332519446 0.036249999999546874 0.05666666666572222
0 0.9356249999883046 0.5124999999914583 0.061249999999234375 0.08833333333186111
0 0.9149999999885624 0.44916666665918054 0.024999999999687498 0.03166666666613889
0 0.9543749999880703 0.4466666666592222 0.028749999999640622 0.0299999999995
0 0.9793749999877578 0.43749999999270833 0.021249999999734374 0.038333333332694446
0 0.9862499999876718 0.4899999999918333 0.027499999999656247 0.053333333332444444
0 0.6931249999913359 0.37499999999375 0.021249999999734374 0.023333333332944444
