0 0.12126245846974647 0.3415492957666303 0.06312292358699131 0.08215962441121691
0 0.1187707641176284 0.2570422535150929 0.05813953488275515 0.068075117369294
0 0.20930232557791856 0.2910798121997399 0.06976744185930618 0.10328638497410125
0 0.2840531561414609 0.26995305163685557 0.05647840531467644 0.07981220657089642
0 0.13953488371861236 0.46244131454313514 0.08637873754009337 0.11267605633538319
0 0.39534883720273506 0.36032863848919416 0.08637873754009337 0.09154929577249883
0 0.48588039866302524 0.3169014084432652 0.07475083056354234 0.09859154929346028
0 0.5614617940106069 0.28169014083845795 0.06644518272314875 0.08920187793217835
0 0.628737541517795 0.44248826290041104 0.07475083056354234 0.15258215962083138
0 0.7068106312174948 0.46009389670281464 0.11129568106127416 0.16431924882243382
0 0.6985049833771012 0.345070422527111 0.08471760797201465 0.09859154929346028
0 0.8048172757341392 0.30633802816182304 0.07475083056354234 0.08685446009185788
