0 0.058653846152718195 0.5794797687693792 0.03653846153775887 0.05491329479610077
0 0.10961538461327663 0.6228323699241956 0.04999999999903846 0.07803468207866952
0 0.11346153845935651 0.573699421948737 0.034615384614718935 0.05491329479610077
0 0.17499999999663463 0.8135838150053878 0.10769230769023669 0.14161849710573357
0 0.19903846153463386 0.6300578034499983 0.044230769229918636 0.0867052023096328
0 0.18269230768879438 0.55491329478165 0.034615384614718935 0.04624277456513749
0 0.22307692307263313 0.5635838150126132 0.026923076922559172 0.04624277456513749
0 0.24999999999519232 0.5910404624106635 0.034615384614718935 0.06069364161674296
0 0.259615384610392 0.5462427745506866 0.030769230768639053 0.04624277456513749
0 0.30384615384031066 0.55491329478165 0.030769230768639053 0.04046242774449531
0 0.3288461538398299 0.618497109808714 0.053846153845118344 0.05780346820642186
0 0.3740384615312685 0.5809248554745398 0.04038461538383876 0.05780346820642186
0 0.43461538460702664 0.586705202295182 0.030769230768639053 0.05202312138577968
0 0.455769230760466 0.5563583814868105 0.034615384614718935 0.049132947975458585
0 0.4605769230680658 0.45086705201009053 0.02884615384559911 0.04624277456513749
0 0.43749999999158656 0.6864161849512597 0.06730769230639792 0.11271676300252263
0 0.5499999999894231 0.697976878592544 0.05769230769119822 0.10693641618188045
0 0.584615384604142 0.6329479768603195 0.05769230769119822 0.09826589595091717
0 0.5230769230668639 0.5606936416022921 0.030769230768639053 0.04624277456513749
0 0.7048076922941383 0.6387283236809617 0.04807692307599852 0.09248554913027499
0 0.7009615384480584 0.5982658959364663 0.03653846153775887 0.06936416184770625
0 0.7240384615245378 0.570809248538416 0.02884615384559911 0.06069364161674296
0 0.7663461538314165 0.5997109826416268 0.044230769229918636 0.07225433525802734
0 0.8086538461382952 0.570809248538416 0.032692307691678996 0.06647398843738514
