0 0.10454545454355371 0.6989100817248254 0.07090909090780165 0.11716621253086741
0 0.029999999999454543 0.5640326975323152 0.049090909090016524 0.08174386920758192
0 0.06545454545335537 0.5245231607486506 0.0363636363629752 0.05177111716480188
0 0.028181818181305784 0.4754768392241015 0.027272727272231404 0.046321525884296416
0 0.09999999999818181 0.5217983651083979 0.03999999999927272 0.0626702997258128
0 0.12363636363411569 0.44005449590081597 0.032727272726677685 0.05722070844530734
0 0.18181818181487602 0.49591280652599695 0.0363636363629752 0.054495912805054614
0 0.21181818181433057 0.6539509536606554 0.06363636363520661 0.0980926430490983
0 0.2699999999950909 0.5286103542090297 0.049090909090016524 0.07629427792707645
0 0.21999999999599998 0.39509536783664595 0.02545454545408264 0.038147138963538225
0 0.0863636363620661 0.4441416893611951 0.030909090908528922 0.038147138963538225
0 0.25727272726804956 0.41280653949828866 0.023636363635933882 0.0354223433232855
0 0.31181818181251236 0.4100817438580359 0.027272727272231404 0.046321525884296416
0 0.32727272726677686 0.39645776565677227 0.02545454545408264 0.046321525884296416
0 0.33363636363029747 0.3828337874555086 0.016363636363338842 0.0354223433232855
0 0.3872727272656859 0.4482288828215742 0.029090909090380163 0.0626702997258128
0 0.3845454545384628 0.41280653949828866 0.027272727272231404 0.0354223433232855
0 0.36909090908419834 0.41280653949828866 0.021818181817785123 0.04087193460379096
0 0.4190909090832892 0.4264305176995523 0.023636363635933882 0.0354223433232855
0 0.45454545453719003 0.45231607628195325 0.02545454545408264 0.038147138963538225
0 0.473636363627752 0.49046321524549147 0.034545454544826444 0.054495912805054614
0 0.5436363636264793 0.4782016348643542 0.029090909090380163 0.05722070844530734
0 0.3354545454484463 0.5463215258706725 0.05272727272631405 0.0899182561283401
0 0.5727272727168594 0.5395095367700407 0.03999999999927272 0.06539509536606553
0 0.5654545454442644 0.42506811987942594 0.032727272726677685 0.054495912805054614
0 0.5318181818085124 0.42506811987942594 0.01999999999963636 0.027247956402527307
0 0.5127272727179504 0.4468664850014478 0.02545454545408264 0.03269754768303276
0 0.48636363635479335 0.42234332423917326 0.023636363635933882 0.038147138963538225
0 0.4599999999916363 0.4046321525775305 0.021818181817785123 0.0354223433232855
0 0.42636363635588426 0.3923705721963932 0.016363636363338842 0.03269754768303276
0 0.4881818181729421 0.37057220707437133 0.016363636363338842 0.027247956402527307
0 0.5318181818085124 0.399182561297025 0.016363636363338842 0.024523160762274576
0 0.6081818181707603 0.42234332423917326 0.027272727272231404 0.04359673024404369
0 0.6190909090796528 0.4673024523033433 0.027272727272231404 0.04087193460379096
0 0.6472727272609586 0.4277929155196787 0.021818181817785123 0.03269754768303276
0 0.6736363636241156 0.40735694821778323 0.01999999999963636 0.04087193460379096
0 0.7036363636235702 0.45776566756245873 0.029090909090380163 0.054495912805054614
0 0.6845454545330082 0.5068119890870079 0.03818181818112396 0.06539509536606553
0 0.7399999999865454 0.47956403268448056 0.03999999999927272 0.06539509536606553
0 0.7109090908961653 0.41825613077879414 0.029090909090380163 0.046321525884296416
0 0.7927272727128595 0.42915531333980506 0.02545454545408264 0.04087193460379096
0 0.7990909090763801 0.4782016348643542 0.030909090908528922 0.05722070844530734
0 0.8209090908941652 0.45776566756245873 0.034545454544826444 0.054495912805054614
