0 0.9483333333254307 0.7044444444340082 0.10166666666581946 0.3955555555496955
0 0.8083333333265973 0.26518518518125656 0.03666666666636111 0.06814814814713854
0 0.7654166666602883 0.30296296295847464 0.042499999999645835 0.09333333333195062
0 0.7004166666608299 0.29185185184752815 0.042499999999645835 0.07999999999881482
0 0.6141666666615486 0.3659259259205048 0.05999999999950001 0.1007407407392483
0 0.5541666666620486 0.3933333333275062 0.07166666666606945 0.14370370370157476
0 0.5908333333284098 0.31629629629161043 0.03666666666636111 0.08444444444319342
0 0.5237499999956354 0.3059259259213937 0.03416666666638195 0.060740740739840884
0 0.47083333332940974 0.35185185184663925 0.051666666666236115 0.09925925925778875
0 0.38749999999677087 0.39851851851261455 0.06166666666615278 0.10666666666508642
0 0.4004166666633299 0.33629629629131413 0.040833333332993056 0.07407407407297668
0 0.3399999999971667 0.5407407407327298 0.11999999999900002 0.18666666666390125
0 0.1966666666650278 0.49481481480748424 0.0833333333326389 0.1718518518493059
0 0.23583333333136808 0.4229629629566969 0.06666666666611112 0.11999999999822222
0 0.28166666666431944 0.36148148147612624 0.04166666666631945 0.08592592592465295
0 0.29749999999752086 0.3192592592545295 0.03166666666640278 0.054814814814002744
0 0.34249999999714587 0.3266666666618272 0.03166666666640278 0.06962962962859809
0 0.23708333333135767 0.32740740740255697 0.04749999999960417 0.06814814814713854
0 0.19583333333170141 0.3511111111059095 0.03666666666636111 0.07407407407297668
0 0.14583333333211806 0.4229629629566969 0.049999999999583336 0.09333333333195062
0 0.12249999999897918 0.37185185184634295 0.04499999999962501 0.08888888888757202
0 0.04874999999959376 0.3688888888834239 0.04749999999960417 0.062222222221300416
