0 0.8929227941149114 0.7226307189512965 0.08057598039191 0.13643790849617468
0 0.842830882350359 0.6488970588208787 0.05821078431354715 0.0788398692807237
0 0.7273284313703207 0.6125408496707004 0.04105392156850167 0.06985294117618525
0 0.7766544117623264 0.5990604575138927 0.04105392156850167 0.07475490196047894
0 0.8137254901935854 0.5661764705859225 0.03431372549009095 0.05882352941152442
0 0.8727022058796792 0.5776143790826078 0.02971813725481091 0.04166666666649646
0 0.8988970588207754 0.5692401960761061 0.03431372549009095 0.05269607843115729
0 0.9299938725461703 0.47508169934446454 0.029105392156773574 0.04003267973839856
0 0.8454350490170176 0.4824346405209051 0.01868872549013882 0.03921568627434961
0 0.7818627450956438 0.4869281045731743 0.023284313725418858 0.03349673202600696
0 0.7244178921546433 0.48549836601108864 0.02604166666658688 0.033088235293982485
0 0.6729473039195069 0.4842728758150152 0.03216911764696027 0.038807189542325135
0 0.5798100490178314 0.48141339869084393 0.02971813725481091 0.04697712418281464
0 0.5928308823511249 0.4838643790829908 0.024509803921493534 0.04207516339852094
0 0.5245098039199616 0.47896241829869707 0.0447303921567257 0.0755718954245279
0 0.4646139705868118 0.4765114379065502 0.05238970588219243 0.0886437908493111
0 0.34206495097934414 0.47834967320066035 0.07322303921546193 0.10049019607802087
0 0.1908700980386309 0.49693627450777395 0.1053921568624222 0.1654411764699124
0 0.09068627450952609 0.5138888888867897 0.15931372548970799 0.2589869281035172
0 0.11167279411730492 0.3210784313712374 0.05177696078415509 0.09477124182967822
0 0.023743872548946863 0.2720588235283004 0.03584558823518429 0.05473856209127966
0 0.021599264705816176 0.24877450980290533 0.02236519607836285 0.03594771241815381
0 0.008578431372522738 0.23182189542388962 0.014093137254858782 0.029820261437786683
0 0.01102941176467209 0.21446078431284943 0.010416666666634752 0.021241830065272707
0 0.0929840686271661 0.2704248366002025 0.02604166666658688 0.04084967320244751
0 0.11427696078396361 0.2404003267964036 0.01776960784308281 0.033088235293982485
0 0.15088848039169458 0.27287581699234936 0.025428921568549544 0.03186274509790906
0 0.1545649509799186 0.30147058823406264 0.03155637254892293 0.049836601306985966
0 0.20618872548956438 0.3039215686262095 0.026960784313642887 0.04084967320244751
0 0.24954044117570606 0.2986111111098913 0.01807598039210148 0.03349673202600696
0 0.2708333333325036 0.35825163398546467 0.039828431372426996 0.07761437908465027
0 0.3149509803911919 0.37540849673049265 0.037990196078314976 0.058006535947475464
0 0.37055759803808036 0.3968545751617776 0.0327818627449976 0.048611111110912535
0 0.29993872548927714 0.32761437908362906 0.024509803921493534 0.03594771241815381
0 0.2913602941167544 0.2975898692798301 0.023897058823456198 0.03962418300637408
0 0.23759191176397795 0.2720588235283004 0.019301470588176158 0.026960784313615357
0 0.24954044117570606 0.2647058823518599 0.01623774509798947 0.023692810457419555
0 0.21216299019542842 0.2512254901950522 0.01623774509798947 0.026960784313615357
0 0.24540441176395403 0.34150326797246117 0.029411764705792244 0.053921568627230715
0 0.2988664215677118 0.24285130718855044 0.01501225490191479 0.025735294117541933
0 0.328737745097032 0.25980392156756615 0.019607843137194828 0.023692810457419555
0 0.31862745097941597 0.30147058823406264 0.014093137254858782 0.03186274509790906
0 0.3451286764695308 0.3349673202600696 0.02236519607836285 0.035130718954104856
0 0.3590686274498803 0.29166666666547525 0.017156862745045475 0.027777777777664308
0 0.37392769607728576 0.3094362745085399 0.015624999999952129 0.03390522875803143
0 0.40012254901838196 0.34395424836460803 0.017156862745045475 0.026960784313615357
0 0.4466911764692197 0.3692810457501255 0.023897058823456198 0.03186274509790906
0 0.46476715686132114 0.401552287580059 0.03002450980382958 0.04084967320244751
0 0.5029105392141455 0.41911764705711146 0.01807598039210148 0.03186274509790906
0 0.5091911764690282 0.37377450980239474 0.017156862745045475 0.031045751633860107
0 0.47441789215540925 0.33946078431233884 0.01807598039210148 0.03022875816981116
0 0.43106617646926754 0.3194444444431395 0.013480392156821444 0.027777777777664308
0 0.4424019607829583 0.30861928104449093 0.016544117647008135 0.02165032679729718
0 0.39966299019485396 0.2933006535935731 0.01807598039210148 0.022875816993370605
0 0.5032169117631642 0.3026960784301361 0.015624999999952129 0.023692810457419555
0 0.5162377450964576 0.34558823529270594 0.016544117647008135 0.03186274509790906
0 0.5574448529394685 0.3786764705866884 0.02236519607836285 0.04084967320244751
0 0.5735294117629487 0.4281045751616499 0.020220588235232168 0.03758169934625171
0 0.6654411764685495 0.43259803921391915 0.023284313725418858 0.035130718954104856
0 0.7054227941154858 0.4330065359459436 0.019301470588176158 0.03186274509790906
0 0.7610294117623743 0.4362745098021394 0.024509803921493534 0.03186274509790906
0 0.8305759803896122 0.4391339869263107 0.017156862745045475 0.03186274509790906
0 0.7490808823506462 0.39828431372386325 0.012867647058784105 0.023692810457419555
0 0.6874999999978937 0.3948120915016552 0.016544117647008135 0.030637254901835633
0 0.6727941176449975 0.3692810457501255 0.012867647058784105 0.022058823529321654
0 0.6452205882333173 0.37540849673049265 0.014093137254858782 0.027777777777664308
0 0.6276041666647438 0.3590686274495136 0.011948529411728099 0.022875816993370605
0 0.6271446078412158 0.34293300653454684 0.017156862745045475 0.01919934640515033
0 0.645526960782336 0.31454248365884585 0.013480392156821444 0.017973856209076905
0 0.5879289215668262 0.3220996732012986 0.010416666666634752 0.02083333333324823
0 0.5756740196060794 0.33843954248227764 0.017156862745045475 0.02165032679729718
0 0.5888480392138822 0.36192810457368496 0.020833333333269505 0.02859477124171326
0 0.5382965686258018 0.3359885620901308 0.014093137254858782 0.02328431372539508
0 0.5477941176453806 0.3090277777765154 0.013480392156821444 0.01919934640515033
