0 0.8718181818102563 0.7548638132197812 0.041818181817801656 0.07003891050492816
0 0.8704545454466324 0.7023346303410851 0.03545454545422314 0.05058365758689256
0 0.7695454545384588 0.6880674448678591 0.03727272727238844 0.060959792476511544
0 0.7090909090844629 0.6867704280066567 0.03272727272697521 0.05317769130929731
0 0.6268181818124836 0.7237354085509243 0.029999999999727276 0.05966277561530917
0 0.5927272727218844 0.7159533073837101 0.041818181817801656 0.07522697794973765
0 0.5477272727222935 0.736705577162948 0.029999999999727276 0.05188067444809493
0 0.5290909090860992 0.7418936446077575 0.03272727272697521 0.06744487678252341
0 0.47681818181384716 0.7457846951913647 0.033636363636057855 0.06744487678252341
0 0.49181818181371084 0.7412451361771564 0.02727272727247934 0.05577172503170205
0 0.4186363636325579 0.7535667963585789 0.039090909090553724 0.05706874189290442
0 0.43636363635966946 0.7457846951913647 0.025454545454314054 0.06485084306011867
0 0.36863636363301244 0.7619974059563943 0.03545454545422314 0.0583657587541068
0 0.3681818181784711 0.7269779507039302 0.03636363636330579 0.060959792476511544
0 0.331363636360624 0.7872892347498406 0.02454545454523141 0.04928664072569019
0 0.28454545454286784 0.7490272373443706 0.03636363636330579 0.060959792476511544
0 0.30136363636089675 0.7581063553727873 0.029999999999727276 0.05577172503170205
0 0.2395454545432769 0.7594033722339896 0.03727272727238844 0.060959792476511544
0 0.20454545454359507 0.7957198443476561 0.04363636363596695 0.07133592736613054
0 0.1563636363622149 0.8073929960984774 0.030909090908809923 0.0583657587541068
0 0.09681818181730166 0.785343709458037 0.03727272727238844 0.0583657587541068
0 0.12090909090799175 0.7801556420132275 0.025454545454314054 0.060959792476511544
0 0.07681818181748348 0.798962386500662 0.03181818181789257 0.06225680933771392
0 0.0345454545451405 0.7944228274864537 0.03999999999963637 0.060959792476511544
