0 0.11865942028770544 0.5677966101557433 0.15760869564931868 0.2106537530215338
0 0.05434782608597196 0.411622276019089 0.07608695652036074 0.10169491525177493
0 0.1947463768080662 0.4515738498680006 0.09239130434615232 0.10895883776975886
0 0.22735507245964937 0.3680387409111855 0.07065217391176355 0.07748184019182852
0 0.3460144927473548 0.26150121064742127 0.05434782608597196 0.06779661016784996
0 0.3804347826018037 0.4092009685130944 0.07608695652036074 0.09200968522779637
0 0.47101449274509033 0.5835351089447085 0.13768115941779563 0.21307506052752845
0 0.4900362318751805 0.35714285713420957 0.05253623188310623 0.06537530266185532
0 0.4909420289766134 0.31840193703829534 0.04347826086877757 0.06053268764986603
0 0.425724637673447 0.34261501209824174 0.04347826086877757 0.06537530266185532
0 0.5398550724539881 0.3486682808632283 0.04710144927450903 0.07263922517983924
0 0.5833333333227657 0.317191283285298 0.03623188405731464 0.05811138014387139
0 0.6168478260757817 0.3995157384891158 0.08152173912895794 0.11622276028774278
0 0.6313405796987076 0.351089588369223 0.04891304347737476 0.07748184019182852
0 0.6666666666545894 0.3341404358272605 0.05072463768024049 0.05811138014387139
0 0.7753623188265333 0.19007263922057935 0.05434782608597196 0.06537530266185532
0 0.9483695652002107 0.3123486682733087 0.04166666666591184 0.05326876513188211
