0 0.09756097560826889 0.4121004566115959 0.036585365853100835 0.061643835615030965
0 0.12271341463227571 0.42922374428243787 0.041158536584738434 0.06849315068336774
0 0.18064024389968536 0.4121004566115959 0.03201219512146323 0.057077625569473114
0 0.2187499999966654 0.41438356163437484 0.03810975609698004 0.07077625570614667
0 0.257621951215585 0.41438356163437484 0.030487804877584027 0.05251141552391527
0 0.29496951219062545 0.45319634702161654 0.03810975609698004 0.061643835615030965
0 0.3010670731661423 0.409817351588817 0.03201219512146323 0.04337899543279957
0 0.25457317072782665 0.5833333333200152 0.042682926828617636 0.07534246575170452
0 0.3460365853605787 0.6073059360591939 0.036585365853100835 0.05936073059225204
0 0.35518292682385394 0.4269406392596589 0.03353658536534243 0.05936073059225204
0 0.40091463414023 0.44178082190772194 0.036585365853100835 0.06621004566058881
0 0.4245426829203576 0.5696347031833418 0.028963414633704825 0.05251141552391527
0 0.47256097560255245 0.592465753411131 0.03353658536534243 0.061643835615030965
0 0.4588414634076396 0.3995433789863118 0.027439024389825626 0.05479452054669419
0 0.5099085365775928 0.43150684930521677 0.03201219512146323 0.05936073059225204
0 0.5365853658454789 0.3938356164293645 0.03353658536534243 0.04794520547835742
0 0.5182926829189285 0.6141552511275308 0.036585365853100835 0.06392694063780989
0 0.5846036585276737 0.6118721461047518 0.03201219512146323 0.06392694063780989
0 0.5967987804787074 0.41324200912298537 0.03810975609698004 0.05479452054669419
0 0.6455792682828417 0.4212328767027116 0.03506097560922163 0.07077625570614667
0 0.6714939024287883 0.4280821917710484 0.03506097560922163 0.06621004566058881
0 0.7149390243793454 0.40410958903186966 0.03353658536534243 0.05936073059225204
0 0.7309451219400771 0.4337899543279957 0.03201219512146323 0.06849315068336774
0 0.7858231707197283 0.409817351588817 0.03506097560922163 0.06621004566058881
0 0.8132621951095539 0.4269406392596589 0.041158536584738434 0.07305936072892559
0 0.8765243902305407 0.4372146118621641 0.048780487804134444 0.07990867579726237
0 0.923780487790796 0.4212328767027116 0.048780487804134444 0.07990867579726237
