0 0.1011111111088642 0.37666666665411114 0.09111111110908642 0.16666666666111113
0 0.22666666666162963 0.3233333333225556 0.044444444443456785 0.06666666666444444
0 0.29444444443790124 0.3399999999886667 0.042222222221283946 0.07999999999733334
0 0.3755555555472099 0.3249999999891667 0.031111111110419754 0.06999999999766666
0 0.34555555554787654 0.3283333333223889 0.03333333333259259 0.05666666666477778
0 0.4022222222132839 0.3249999999891667 0.03555555555476543 0.06333333333122222
0 0.46999999998955555 0.3016666666566111 0.02888888888824691 0.049999999998333336
0 0.6444444444301234 0.3583333333213889 0.044444444443456785 0.08333333333055556
0 0.7288888888726913 0.5616666666479445 0.04888888888780247 0.08333333333055556
0 0.5022222222110617 0.5033333333165556 0.044444444443456785 0.06666666666444444
0 0.3888888888802469 0.5283333333157222 0.053333333332148146 0.08333333333055556
0 0.2622222222163951 0.5516666666482778 0.053333333332148146 0.07666666666411111
0 0.7388888888724691 0.47333333331755556 0.024444444443901234 0.046666666665111114
0 0.7622222222052839 0.45499999998483337 0.017777777777382715 0.03666666666544444
0 0.7922222222046172 0.38166666665394444 0.024444444443901234 0.049999999998333336
0 0.8599999999808888 0.3616666666546111 0.03999999999911111 0.09666666666344445
0 0.8544444444254568 0.48166666665061114 0.11777777777516049 0.16999999999433335
0 0.9711111110895309 0.6516666666449444 0.05777777777649382 0.1033333333298889
