0 0.08518518518360768 0.4261838439992706 0.0666666666654321 0.10027855152924015
0 0.19074074073720848 0.6100278551362108 0.09999999999814814 0.12256267409129351
0 0.04907407407316529 0.32451253480990216 0.04999999999907407 0.08635097492795679
0 0.01944444444408436 0.19220055709771028 0.035185185184533604 0.055710306405133414
0 0.07129629629497598 0.23537604456168867 0.03888888888816872 0.06406685236590343
0 0.10555555555360081 0.1768802228362986 0.03703703703635117 0.05292479108487674
0 0.06944444444315843 0.14763231197360355 0.035185185184533604 0.04456824512410673
0 0.1240740740717764 0.1378830083527052 0.02962962962908093 0.04178272980385006
0 0.13981481481222563 0.28969359330669375 0.04629629629543895 0.07799442896718678
0 0.23240740740310356 0.3509749303523405 0.06111111110997942 0.08913649024821346
0 0.2481481481435528 0.25069637882310036 0.04074074073998628 0.0668523676861601
0 0.16851851851539779 0.20334261837873696 0.03333333333271605 0.055710306405133414
0 0.1768518518485768 0.15181058495398855 0.027777777777263372 0.04178272980385006
0 0.1944444444408436 0.12534818941155018 0.025925925925445813 0.03899721448359339
0 0.24999999999537034 0.18384401113694027 0.02962962962908093 0.05013927576462007
0 0.24259259258810012 0.1337047353723202 0.025925925925445813 0.04456824512410673
0 0.25833333332854935 0.11142061281026683 0.024074074073628257 0.03899721448359339
0 0.30370370369807953 0.1295264623919352 0.02962962962908093 0.03621169916333672
0 0.31759259258671124 0.16016713091475857 0.031481481480898486 0.0473537604443634
0 0.3222222222162551 0.21169916433950697 0.04074074073998628 0.0668523676861601
0 0.3509259259194273 0.29387186628707873 0.04629629629543895 0.07520891364693011
0 0.3537037036971536 0.4916434540253024 0.07037037036906721 0.12534818941155018
0 0.48055555554665635 0.41643454037837224 0.057407407406344306 0.09749303620898347
0 0.5666666666561728 0.34679665737195553 0.051851851850891625 0.09749303620898347
0 0.9222222222051439 0.4261838439992706 0.1555555555526749 0.3231197771497738
0 0.6546296296175068 0.2952646239472071 0.03888888888816872 0.07242339832667344
0 0.7259259259124828 0.25069637882310036 0.04074074073998628 0.0668523676861601
0 0.8083333333183641 0.18384401113694027 0.035185185184533604 0.055710306405133414
0 0.8453703703547153 0.17130919219578525 0.031481481480898486 0.0473537604443634
0 0.7388888888752058 0.1295264623919352 0.02962962962908093 0.0473537604443634
0 0.6935185185056756 0.16295264623501524 0.031481481480898486 0.0473537604443634
0 0.5675925925820816 0.20334261837873696 0.031481481480898486 0.055710306405133414
0 0.5249999999902777 0.228412256261047 0.031481481480898486 0.055710306405133414
0 0.4351851851771262 0.26880222840476875 0.03703703703635117 0.06406685236590343
0 0.40370370369622766 0.19916434539835196 0.02962962962908093 0.058495821725390085
0 0.46111111110257197 0.18245125347681193 0.022222222221810698 0.05292479108487674
0 0.3759259259189643 0.14066852367296187 0.02962962962908093 0.04178272980385006
0 0.3277777777717078 0.0905292479083418 0.018518518518175583 0.03621169916333672
0 0.40555555554804523 0.09888579386911181 0.025925925925445813 0.04178272980385006
0 0.4749999999912037 0.12116991643116518 0.024074074073628257 0.04178272980385006
0 0.4546296296212105 0.08356545960770012 0.024074074073628257 0.03342618384308005
0 0.565740740730264 0.1337047353723202 0.027777777777263372 0.05013927576462007
0 0.6138888888775206 0.12395543175142185 0.024074074073628257 0.04178272980385006
0 0.527777777768004 0.08217270194757179 0.025925925925445813 0.03621169916333672
