0 0.05727272727168595 0.5266343825538344 0.10363636363447933 0.14769975786567313
0 0.10727272727077686 0.3898305084651372 0.03999999999927272 0.06295399515586067
0 0.2245454545413719 0.27360774817739447 0.04181818181742149 0.05811138014387139
0 0.2099999999961818 0.4624697336449765 0.09272727272558677 0.10653753026376422
0 0.3763636363567934 0.4515738498680006 0.07636363636224792 0.128329297817716
0 0.4390909090829256 0.3607748183932016 0.059999999998909086 0.07748184019182852
0 0.36636363635697516 0.3341404358272605 0.03818181818112396 0.06295399515586067
0 0.6290909090794711 0.36682808715818815 0.04363636363557025 0.06053268764986603
0 0.6545454545335537 0.33050847456826854 0.0363636363629752 0.050847457625887466
0 0.7209090908959834 0.2978208232373409 0.03818181818112396 0.06295399515586067
0 0.7781818181676694 0.44309927359701934 0.10181818181633057 0.1694915254196249
0 0.7790909090767437 0.3631961258991962 0.07454545454409917 0.09200968522779637
0 0.8536363636208429 0.3220338982972873 0.049090909090016524 0.07263922517983924
0 0.9190909090741983 0.3583535108872069 0.06363636363520661 0.07748184019182852
0 0.9727272727095867 0.3365617433332551 0.05454545454446281 0.0823244552038178
