0 0.12812499999839844 0.5994371482063895 0.22124999999723435 0.3245778611571374
0 0.06749999999915625 0.2523452157551155 0.10249999999871874 0.15196998123542269
0 0.14624999999817187 0.17823639774524883 0.0749999999990625 0.12007504690206237
0 0.31749999999603123 0.21013133207860915 0.0649999999991875 0.13508442776482016
0 0.40624999999492184 0.31707317072575847 0.14249999999821875 0.2814258911767087
0 0.6112499999923593 0.20356472795115263 0.0849999999989375 0.16697936209818048
0 0.7193749999910077 0.19606003751977372 0.06624999999917187 0.1369606003726649
0 0.7031249999912109 0.7091932457653058 0.24124999999698438 0.4803001876082495
0 0.8987499999887656 0.43621013132389846 0.1449999999981875 0.2833020637845534
0 0.966874999987914 0.1622889305785687 0.06624999999917187 0.1444652908040438
