0 0.3505555555516605 0.4992592592518629 0.06333333333262964 0.10666666666508642
0 0.2966666666633704 0.3911111111053169 0.07333333333251853 0.09777777777632922
0 0.43944444443956177 0.4696296296226722 0.06555555555482717 0.09777777777632922
0 0.48055555555021606 0.527407407399594 0.07888888888801235 0.10666666666508642
0 0.5027777777721913 0.48740740740018657 0.06777777777702469 0.10370370370216736
0 0.566111111104821 0.5014814814740521 0.06999999999922223 0.11703703703530316
0 0.7238888888808457 0.5214814814737558 0.08555555555460495 0.1362962962942771
0 0.367222222218142 0.6955555555452511 0.089999999999 0.1407407407386557
0 0.5133333333276296 0.6933333333230618 0.09777777777669136 0.14222222222011524
0 0.7105555555476606 0.7659259259145789 0.13666666666514815 0.16592592592346778
0 0.07499999999916668 0.8644444444316379 0.13888888888734569 0.20592592592287517
0 0.017222222222030865 0.5651851851768122 0.0322222222218642 0.10518518518362689
