0 0.27821180555495184 0.611165364581344 0.06423611111097172 0.09928385416634349
0 0.1933593749995804 0.5836588541647668 0.06032986111098019 0.10351562499966305
0 0.07714843749983258 0.5654296874981595 0.05186631944433189 0.09244791666636573
0 0.06249999999986437 0.4729817708317937 0.023437499999949138 0.042317708333195585
0 0.12434895833306349 0.445963541665215 0.017795138888850273 0.02539062499991735
0 0.13726128472192436 0.47216796874846306 0.023654513888837558 0.033528645833224194
0 0.14594184027746107 0.4550781249985187 0.01584201388885451 0.029947916666569183
0 0.1754557291662859 0.4544270833318541 0.018446180555515525 0.029947916666569183
0 0.1859809027773742 0.45149739583186366 0.010850694444420897 0.024088541666588255
0 0.2054036458328876 0.4694010416651387 0.023654513888837558 0.0384114583332083
0 0.212890624999538 0.4534505208318573 0.01605902777774293 0.024739583333252803
0 0.22569444444395467 0.4576822916651769 0.01909722222218078 0.031249999999898276
0 0.23242187499949563 0.47786458333177784 0.02647569444438699 0.046223958333182866
0 0.23014322916616725 0.44433593749855366 0.011935763888862987 0.024088541666588255
0 0.24674479166613122 0.4596354166651705 0.019531249999957617 0.034505208333221016
0 0.28797743055493064 0.4762369791651165 0.02039930555551129 0.03580729166655011
0 0.28483072916604857 0.45100911458186527 0.014973958333300839 0.02180989583326234
0 0.3008897569437915 0.454264322915188 0.013671874999970331 0.02376302083325598
0 0.32541232638818274 0.4588216145818398 0.017578124999961853 0.030924479166566005
0 0.36100260416588326 0.5262044270816205 0.03580729166658896 0.06022135416647064
0 0.3783637152769567 0.4796549479151053 0.014973958333300839 0.02962239583323691
0 0.3929036458324807 0.4736328124984583 0.02235243055550705 0.039062499999872845
0 0.36577690972142846 0.47135416666513236 0.016276041666631345 0.0260416666665819
0 0.35720486111033595 0.4630533854151594 0.013020833333305077 0.02246093749992689
0 0.3537326388881213 0.44954427083187004 0.013888888888858749 0.022135416666594614
0 0.3299696180548395 0.4490559895818716 0.012369791666639823 0.01920572916660415
0 0.39930555555468905 0.4539388020818557 0.011718749999974569 0.02180989583326234
0 0.4057074652768974 0.45996093749850275 0.010199652777755645 0.022786458333259162
0 0.41677517361020666 0.4715169270817985 0.018446180555515525 0.026367187499914173
0 0.44455295138792417 0.47477213541512125 0.02105034722217654 0.033528645833224194
0 0.4575737847212293 0.4656575520818176 0.014105902777747167 0.025065104166585077
0 0.4490017361101368 0.45670572916518004 0.011284722222197733 0.016276041666613686
0 0.4555121527767893 0.4503580729152007 0.013020833333305077 0.020507812499933244
0 0.4777560763878521 0.4749348958317874 0.021918402777730214 0.03645833333321466
0 0.47341579861008376 0.45735677083184456 0.012369791666639823 0.024088541666588255
0 0.48491753472116994 0.45686848958184617 0.009765624999978809 0.017903645833275056
0 0.49262152777670876 0.46256510416516095 0.009982638888867227 0.018880208333271874
0 0.49153645833226667 0.4492187499985377 0.010850694444420897 0.018880208333271874
0 0.5054253472211254 0.4550781249985187 0.008680555555536719 0.01822916666660733
0 0.5146484374988832 0.46419270833182236 0.012369791666639823 0.0260416666665819
0 0.48285590277672996 0.5493164062482119 0.04557291666656777 0.08626302083305254
0 0.5885416666653895 0.6940104166644075 0.07942708333316097 0.12109374999960583
0 0.5542534722210195 0.5201822916649734 0.027777777777717498 0.046874999999847414
0 0.5467664930543691 0.4954427083317206 0.01888020833329236 0.03059895833323373
0 0.5442708333321522 0.46402994791515617 0.015190972222189257 0.02701822916657872
0 0.5296223958321841 0.4570312499985123 0.011501736111086151 0.019531249999936422
0 0.5520833333321353 0.45410156249852185 0.0078124999999830465 0.01302083333329095
0 0.5590277777765646 0.458984374998506 0.010416666666644061 0.02083333333326552
0 0.5692274305543203 0.4550781249985187 0.008246527777759883 0.015624999999949138
0 0.5793185763876317 0.45410156249852185 0.011935763888862987 0.021484374999930066
0 0.5840928819431769 0.4703776041651355 0.016276041666631345 0.028645833333240087
0 0.6219618055542059 0.5413411458315712 0.034288194444370035 0.04361979166652468
0 0.662000868054119 0.5107421874983374 0.030164930555490094 0.04817708333317651
0 0.7335069444428527 0.5454101562482246 0.034288194444370035 0.05305989583316062
0 0.8399522569426217 0.5966796874980578 0.05403645833321607 0.07486979166642296
0 0.8247612847204324 0.5170898437483168 0.029296874999936422 0.0445963541665215
0 0.8816189236091979 0.5511067708315394 0.03190104166659744 0.045572916666518325
0 0.9059244791647008 0.5320638020816014 0.03059895833326693 0.047851562499844236
0 0.939778645831294 0.4829101562484281 0.009765624999978809 0.02180989583326234
0 0.928385416664652 0.48632812499841693 0.011718749999974569 0.022786458333259162
0 0.9123263888869091 0.4843749999984233 0.011718749999974569 0.02083333333326552
0 0.8971354166647199 0.48730468749841377 0.013020833333305077 0.021484374999930066
0 0.9027777777758187 0.4777018229151117 0.010416666666644061 0.017252604166610508
0 0.8814019097203095 0.4822591145817635 0.012803819444416659 0.018554687499939604
0 0.8692491319425582 0.47347005208179216 0.010633680555532479 0.01660156249994596
0 0.8631727430536824 0.481608072915099 0.010199652777755645 0.017903645833275056
0 0.8542751736092573 0.48909505208174126 0.014539930555524003 0.025716145833249625
0 0.8423394097203943 0.4754231770817858 0.011501736111086151 0.017903645833275056
0 0.8293185763870892 0.48046874999843603 0.013237847222193495 0.023437499999923707
0 0.8136935763871231 0.4728190104151276 0.011067708333309315 0.019856770833268696
0 0.8008897569427065 0.47656249999844874 0.013671874999970331 0.024739583333252803
0 0.7927517361093908 0.4763997395817826 0.013454861111081913 0.026367187499914173
0 0.7837456597205215 0.4775390624984456 0.010199652777755645 0.017578124999942782
0 0.7621527777761239 0.4790039062484408 0.013454861111081913 0.025716145833249625
0 0.6976996527762637 0.4648437499984869 0.012152777777751405 0.021484374999930066
0 0.6077473958320144 0.45865885416517366 0.010199652777755645 0.014973958333284592
0 0.6272786458319721 0.4627278645818271 0.012369791666639823 0.017252604166610508
0 0.6399739583319446 0.46256510416516095 0.011284722222197733 0.021484374999930066
0 0.6495225694430349 0.46647135416514823 0.010850694444420897 0.02018229166660097
0 0.6621093749985631 0.4630533854151594 0.010850694444420897 0.01920572916660415
0 0.6868489583318428 0.46158854166516416 0.012152777777751405 0.018880208333271874
