0 0.0727272727259504 0.4084699453440309 0.10181818181633057 0.1721311475362806
0 0.027272727272231404 0.3101092896090134 0.05090909090816528 0.16666666666211294
0 0.25727272726804956 0.5846994535359372 0.16181818181523966 0.2786885245825495
0 0.27090909090416526 0.3797814207546508 0.09090909090743801 0.16393442622502913
0 0.3081818181762149 0.3265027322315163 0.08181818181669422 0.16666666666211294
0 0.46181818180978507 0.4945355191121712 0.14909090908819833 0.25136612021171134
0 0.5154545454451736 0.44398907102612056 0.10727272727077686 0.21038251365545405
0 0.6254545454431735 0.16939890709919675 0.07636363636224792 0.1311475409800233
0 0.6945454545328263 0.5136612021717579 0.10909090908892562 0.19672131147003494
0 0.7590909090771074 0.452185792337372 0.09999999999818181 0.19398907103295113
0 0.8454545454391735 0.4412568305890367 0.07999999999854544 0.1448087431654424
0 0.9172727272560495 0.4289617486221595 0.08545454545299173 0.18579234972169967
