0 0.5079710144853917 0.09940944881694075 0.03333333333285024 0.05314960629816634
0 0.4869565217320731 0.1702755905478292 0.03768115941974375 0.06496062991998108
0 0.5536231883977736 0.32381889763142085 0.05797101449191346 0.07677165354179583
0 0.6492753623094307 0.11318897637572461 0.03768115941974375 0.061023622046042836
0 0.7311594202792585 0.2037401574763043 0.04782608695582861 0.06889763779391933
0 0.8768115941901912 0.27263779527022364 0.049275362318126445 0.08070866141573407
0 0.9775362318698908 0.2972440944823377 0.04492753623123293 0.09055118110057969
0 0.9876811594059757 0.18700787401206675 0.024637681159063222 0.07086614173088845
0 0.9086956521607435 0.7057086614034309 0.09275362318706154 0.1161417322811783
0 0.9246376811460197 0.9173228346276117 0.1072463768100399 0.14566929133571516
0 0.7355072463661521 0.7185039369937302 0.07391304347718966 0.11417322834420918
0 0.5086956521665407 0.6476377952628417 0.08695652173787019 0.12204724409208567
0 0.34782608695148076 0.7755905511658348 0.08115942028867884 0.12204724409208567
0 0.17608695651918715 0.6505905511682955 0.08840579710016803 0.10433070865936356
0 0.17681159420033607 0.5767716535319533 0.07826086956408318 0.09055118110057969
0 0.04420289855008402 0.4724409448725897 0.06811594202799832 0.10629921259633268
0 0.12173913043301827 0.3917322834568556 0.05797101449191346 0.0826771653527032
0 0.1702898550699958 0.3070866141671833 0.056521739129615625 0.0748031496048267
0 0.18333333333067633 0.19685039369691237 0.04202898550663726 0.05118110236119722
0 0.11014492753463558 0.22933070865690292 0.05217391304272212 0.06496062991998108
0 0.07826086956408318 0.2913385826714303 0.05507246376731779 0.06692913385695021
0 0.052898550723871035 0.11515748031269374 0.03913043478204159 0.04921259842422809
0 0.2376811594168452 0.06988188976240389 0.0318840579705524 0.04921259842422809
