0 0.03166666666561111 0.23777777776720985 0.05666666666477778 0.07555555555219752
0 0.1366666666621111 0.27999999998755554 0.059999999998 0.10666666666192592
0 0.20166666665994445 0.28222222220967896 0.06999999999766666 0.11111111110617283
0 0.3533333333215556 0.2711111110990617 0.07333333333088889 0.10666666666192592
0 0.48499999998383336 0.66222222219279 0.24333333332522222 0.3288888888742716
0 0.5199999999826667 0.257777777766321 0.06666666666444444 0.08888888888493826
0 0.5366666666487778 0.08888888888493826 0.046666666665111114 0.07111111110795061
0 0.6999999999766667 0.2399999999893333 0.08666666666377779 0.1333333333274074
0 0.9199999999693333 0.515555555532642 0.1599999999946667 0.24888888887782715
0 0.9449999999685 0.36666666665037034 0.10999999999633334 0.1999999999911111
0 0.9116666666362778 0.23777777776720985 0.10999999999633334 0.1288888888831605
