0 0.05666666666572222 0.40745856352465587 0.05666666666572222 0.0911602209919569
0 0.09333333333177778 0.38121546960272884 0.04333333333261111 0.09944751380940753
0 0.1483333333308611 0.37983425413315375 0.04333333333261111 0.08011049723535607
0 0.1816666666636389 0.3522099447416517 0.0299999999995 0.058011049722154394
0 0.24083333332931944 0.3743093922548533 0.04499999999925 0.08011049723535607
0 0.2816666666619722 0.35497237568080187 0.0299999999995 0.06353591160045481
0 0.31916666666134724 0.34944751380250144 0.02833333333286111 0.052486187843853976
0 0.34999999999416664 0.33011049722845 0.019999999999666666 0.041436464087253135
0 0.36499999999391664 0.34806629833292635 0.026666666666222222 0.05524861878300418
0 0.3858333333269028 0.34668508286335126 0.024999999999583335 0.058011049722154394
0 0.40499999999325 0.3314917126980251 0.023333333332944444 0.049723756904703764
0 0.44333333332594443 0.33977900551547574 0.03666666666605556 0.07182320441790543
0 0.4758333333254028 0.3370165745763255 0.021666666666305553 0.03867403314810293
0 0.49499999999175 0.32320441988057447 0.019999999999666666 0.049723756904703764
0 0.5074999999915416 0.34806629833292635 0.024999999999583335 0.05524861878300418
0 0.5124999999914583 0.31491712706312386 0.021666666666305553 0.049723756904703764
0 0.5299999999911666 0.3356353591067504 0.019999999999666666 0.041436464087253135
0 0.547499999990875 0.39502762429847993 0.05833333333236111 0.10497237568770795
0 0.5424999999909583 0.32320441988057447 0.021666666666305553 0.03867403314810293
0 0.5791666666570139 0.33977900551547574 0.03166666666613889 0.06629834253960502
0 0.6058333333232361 0.3218232044109994 0.021666666666305553 0.04696132596555356
0 0.6299999999895 0.33011049722845 0.023333333332944444 0.04696132596555356
0 0.6474999999892084 0.29281767954992216 0.01833333333302778 0.03867403314810293
0 0.6833333333219445 0.27762430938459604 0.019999999999666666 0.03591160220895272
0 0.697499999988375 0.2707182320367205 0.024999999999583335 0.04419889502640335
0 0.712499999988125 0.3356353591067504 0.03166666666613889 0.06906077347875524
0 0.6691666666555138 0.3839779005418791 0.05499999999908333 0.1215469613226092
0 0.6158333333230694 0.45718232042935963 0.08833333333186111 0.1519337016532615
0 0.6366666666560555 0.633977900534973 0.1366666666643889 0.26243093921926985
0 0.40583333332656946 0.4599447513685098 0.08499999999858333 0.14640883977496108
0 0.19916666666334723 0.4861878452904368 0.12166666666463889 0.2154696132537163
0 0.7316666666544722 0.3881215469506044 0.04333333333261111 0.08563535911365648
0 0.7333333333211111 0.32458563535014956 0.019999999999666666 0.041436464087253135
0 0.79499999998675 0.48756906076001194 0.09333333333177778 0.16850828728816275
0 0.8108333333198194 0.40055248617678035 0.061666666665638886 0.0883977900528067
0 0.8108333333198194 0.3342541436371753 0.03166666666613889 0.06629834253960502
0 0.8466666666525555 0.3646408839678276 0.023333333332944444 0.0607734806613046
0 0.8783333333186945 0.3577348066199521 0.04666666666588889 0.10773480662685815
0 0.9108333333181527 0.3577348066199521 0.02833333333286111 0.07458563535705565
0 0.9249999999845833 0.3660220994374027 0.026666666666222222 0.06353591160045481
