0 0.17587809917264527 0.43287037036703035 0.06353305785091151 0.1234567901225042
0 0.055785123966654006 0.5435956790081513 0.02995867768579567 0.06249999999951775
0 0.11596074380105392 0.5358796296254947 0.022210743801538167 0.05787037036992384
0 0.25361570247802884 0.5478395061686123 0.028925619834561336 0.060185185184720796
0 0.2469008264450057 0.5119598765392596 0.027892561983327003 0.04089506172807952
0 0.27970041322169575 0.6076388888842004 0.06146694214844284 0.07638888888829946
0 0.33961776859328713 0.5733024691313788 0.041838842974990506 0.07561728395003382
0 0.3181818181801747 0.5424382716007528 0.02685950413209267 0.04629629629593907
0 0.30191115702323396 0.5258487654280413 0.022210743801538167 0.03626543209848561
0 0.3362603305767755 0.5069444444405329 0.02685950413209267 0.041666666666345165
0 0.3804235537170433 0.5119598765392596 0.023243801652772504 0.039351851851548214
0 0.39927685950206987 0.5100308641935954 0.022727272727155336 0.04475308641940777
0 0.4111570247912647 0.5254629629589085 0.027892561983327003 0.047839506172470375
0 0.4333677685928029 0.5609567901191285 0.04132231404937334 0.060185185184720796
0 0.5258264462782757 0.5601851851808628 0.03615702479320167 0.058641975308189494
0 0.5991735537159134 0.5358796296254947 0.025826446280858336 0.05169753086379863
0 0.6456611570214584 0.5462962962920811 0.028925619834561336 0.05555555555512689
0 0.6131198347075769 0.6790123456737731 0.07024793388393467 0.11111111111025378
0 0.6846590909055544 0.6435185185135531 0.06146694214844284 0.10185185185106596
0 0.700413223136878 0.5501543209834093 0.03202479338826433 0.0632716049377834
0 0.7618801652853209 0.5798611111066369 0.043388429751842005 0.08410493827095598
0 0.7933884297479681 0.575231481477043 0.02995867768579567 0.060956790122986444
0 0.762396694210938 0.5528549382673391 0.03512396694196734 0.056327160493392536
0 0.9568698347058013 0.3946759259228806 0.06869834710708317 0.13348765431995765
