0 0.04111111111019753 0.613905325425624 0.07777777777604938 0.12721893490747874
0 0.1633333333297037 0.6952662721687791 0.12222222221950617 0.1834319526572949
0 0.13888888888580248 0.5517751479126694 0.06444444444301234 0.07988165680237036
0 0.1622222222186173 0.504437869807561 0.04888888888780247 0.06804733727609327
0 0.29111111110464194 0.2707100591635884 0.03555555555476543 0.050295857986677635
0 0.23777777777249381 0.618343195247978 0.07111111110953086 0.11242603549963236
0 0.2899999999935555 0.5517751479126694 0.055555555554320984 0.0857988165655089
0 0.3144444444374568 0.508875739629915 0.05999999999866666 0.0769230769208011
0 0.5855555555425432 0.4911242603404993 0.04666666666562963 0.065088757394524
0 0.6422222222079506 0.5458579881495308 0.053333333332148146 0.09171597632864745
0 0.719999999984 0.5769230769060082 0.07111111110953086 0.11242603549963236
0 0.7622222222052839 0.5428994082679616 0.04888888888780247 0.07988165680237036
0 0.7177777777618272 0.49408284022206855 0.044444444443456785 0.07100591715766255
0 0.857777777758716 0.6849112425832866 0.10666666666429629 0.15680473372317144
0 0.913333333313037 0.5813609467283621 0.07111111110953086 0.10946745561806309
0 0.9422222222012839 0.4837278106365761 0.05777777777649382 0.07988165680237036
