0 0.02655677655629017 0.41085271316767824 0.04945054944964376 0.10852713178014142
0 0.3278388278328235 0.28294573642679727 0.14285714285452644 0.21447028423218423
0 0.38553113552407453 0.42248062014412197 0.08974358974194609 0.16795865632640936
0 0.4917582417492352 0.45607235140940383 0.05311355311258034 0.08527131782725397
0 0.43772893772092075 0.46640826872179825 0.0293040293034926 0.06459948320246513
0 0.45695970695133775 0.3953488371990866 0.02380952380908774 0.05167958656197211
0 0.5238095237999303 0.41860465115197404 0.02197802197761945 0.041343669249577684
0 0.5558608058506253 0.4702842377139462 0.04212454212377061 0.07235142118676095
0 0.5750915750810422 0.4366925064486643 0.03296703296642918 0.056847545218169315
0 0.5338827838730058 0.28036175709869865 0.11538461538250212 0.17312661498260656
0 0.7783882783740222 0.5025839793151787 0.054945054944048624 0.12144702842063444
0 0.7445054944918589 0.4470284237610587 0.04578754578670719 0.09302325581154978
0 0.7967032966887051 0.43927648577676287 0.04029304029230232 0.06718346253056373
0 0.8296703296551343 0.47416020670609405 0.0439560439552389 0.08527131782725397
0 0.8672161172002342 0.4457364340970094 0.05311355311258034 0.10077519379584561
0 0.9221611721442828 0.48578811368253777 0.04945054944964376 0.07235142118676095
0 0.9413919413746998 0.46640826872179825 0.0293040293034926 0.05943152454626792
