0 0.2914062499954468 0.09722222221976712 0.06093749999904786 0.10858585858311652
0 0.445312499993042 0.40656565655538973 0.0562499999991211 0.10101010100755024
0 0.43124999999326175 0.32702020201194393 0.043749999999316405 0.07828282828085144
0 0.4656249999927246 0.29797979797227325 0.03437499999946289 0.07070707070528517
0 0.4914062499923218 0.26767676767000814 0.026562499999584963 0.06060606060453015
0 0.5257812499917847 0.2575757575692531 0.026562499999584963 0.05555555555415263
0 0.5078124999920655 0.22601010100439367 0.024999999999609376 0.04292929292820886
0 0.5343749999916504 0.21717171716623304 0.024999999999609376 0.04545454545339761
0 0.5507812499913941 0.33080808079972707 0.03281249999948731 0.07070707070528517
0 0.6078124999905029 0.4431818181706267 0.06249999999902344 0.10858585858311652
0 0.5945312499907105 0.3282828282745383 0.045312499999291996 0.09090909090679522
0 0.5898437499907837 0.263888888882225 0.026562499999584963 0.04797979797858637
0 0.5679687499911256 0.2310606060547712 0.02343749999963379 0.03787878787783134
0 0.5992187499906373 0.2133838383784499 0.026562499999584963 0.04292929292820886
0 0.713281249988855 0.2373737373677431 0.02031249999968262 0.03535353535264259
0 0.7414062499884155 0.24621212120590372 0.02031249999968262 0.04292929292820886
0 0.7867187499877075 0.28661616160892384 0.026562499999584963 0.05303030302896388
0 0.8109374999873291 0.3169191919111889 0.04062499999936524 0.07323232323047393
0 0.7804687499878052 0.2310606060547712 0.017187499999731445 0.03787878787783134
0 0.8445312499868043 0.26010101009444186 0.029687499999536134 0.05050505050377512
0 0.8929687499860474 0.3295454545371327 0.03593749999943848 0.07828282828085144
0 0.9343749999854004 0.36489898988977526 0.043749999999316405 0.08838383838160646
0 0.11328124999822999 0.33712121211269896 0.06093749999904786 0.09848484848236148
0 0.07109374999888916 0.2828282828211407 0.045312499999291996 0.0808080808060402
0 0.09218749999855957 0.2361111111051487 0.03437499999946289 0.05303030302896388
0 0.1124999999982422 0.21843434342882742 0.03124999999951172 0.04797979797858637
0 0.16484374999742432 0.2247474747417993 0.026562499999584963 0.04545454545339761
0 0.19140624999700928 0.29924242423486763 0.03906249999938965 0.07828282828085144
0 0.23828124999627687 0.23989898989293185 0.03281249999948731 0.05050505050377512
0 0.21562499999663087 0.22727272726698805 0.03124999999951172 0.04545454545339761
