0 0.9227272726993112 0.42045454543543387 0.15454545454077134 0.340909090893595
0 0.18939393938820018 0.609090909063223 0.10606060605739209 0.136363636357438
0 0.3515151515044995 0.4954545454320248 0.09696969696675849 0.136363636357438
0 0.4818181818035812 0.4227272727080578 0.07272727272506886 0.1090909090859504
0 0.5651515151343893 0.3477272727114669 0.05757575757401285 0.09545454545020661
0 0.6560606060407254 0.2931818181684917 0.03939393939274564 0.07727272726921487
0 0.7272727272506887 0.2454545454433884 0.04242424242295684 0.07272727272396694
0 0.8075757575512855 0.18181818180991735 0.03939393939274564 0.07272727272396694
0 0.8469696969440311 0.1704545454467975 0.027272727271900825 0.04999999999772727
0 0.7393939393715334 0.13181818181219007 0.030303030302112028 0.0545454545429752
0 0.6893939393730486 0.15909090908367768 0.027272727271900825 0.0545454545429752
0 0.6106060605875574 0.12045454544907024 0.027272727271900825 0.0409090909072314
0 0.5666666666494949 0.20909090908140496 0.030303030302112028 0.06363636363347107
0 0.5621212121041781 0.13409090908481405 0.027272727271900825 0.04999999999772727
0 0.5303030302869605 0.08409090908708677 0.030303030302112028 0.04999999999772727
0 0.4727272727129476 0.11818181817644627 0.030303030302112028 0.0545454545429752
0 0.4530303030165748 0.0818181818144628 0.02121212121147842 0.03636363636198347
0 0.45909090907699723 0.18181818180991735 0.027272727271900825 0.0545454545429752
0 0.5227272727114325 0.22499999998977271 0.03939393939274564 0.059090909088223134
0 0.4363636363504132 0.272727272714876 0.04242424242295684 0.07272727272396694
0 0.40303030301808995 0.1999999999909091 0.030303030302112028 0.06363636363347107
0 0.3757575757461891 0.136363636357438 0.030303030302112028 0.03636363636198347
0 0.40303030301808995 0.09545454545020661 0.02424242424168962 0.04545454545247934
0 0.3242424242325987 0.08863636363233471 0.02424242424168962 0.0409090909072314
0 0.3030303030211203 0.13181818181219007 0.02424242424168962 0.03636363636198347
0 0.31666666665707066 0.15227272726580576 0.027272727271900825 0.0409090909072314
0 0.25757575756795226 0.11136363635857437 0.02424242424168962 0.0409090909072314
0 0.24242424241689622 0.13181818181219007 0.030303030302112028 0.04545454545247934
0 0.24696969696221302 0.18636363635516529 0.03333333333232323 0.04545454545247934
0 0.3212121212023875 0.2113636363540289 0.04242424242295684 0.059090909088223134
0 0.3499999999893939 0.29545454544111566 0.045454545453168044 0.0818181818144628
0 0.2287878787809458 0.34999999998409087 0.05757575757401285 0.0818181818144628
0 0.2439393939320018 0.24999999998863634 0.045454545453168044 0.07272727272396694
0 0.08939393939123048 0.42045454543543387 0.07575757575528007 0.09545454545020661
0 0.045454545453168044 0.3159090908947314 0.05454545454380165 0.08636363635971074
0 0.07272727272506886 0.23636363635289254 0.03636363636253443 0.0545454545429752
0 0.01969696969637282 0.19090909090041322 0.03333333333232323 0.0545454545429752
0 0.06818181817975207 0.14090909090268594 0.03939393939274564 0.04545454545247934
0 0.13787878787460972 0.28636363635061984 0.03939393939274564 0.06363636363347107
0 0.16969696969182735 0.20227272726353304 0.03636363636253443 0.059090909088223134
0 0.17727272726735535 0.15227272726580576 0.027272727271900825 0.04999999999772727
0 0.19242424241841138 0.1227272727216942 0.027272727271900825 0.04545454545247934
0 0.1242424242386593 0.136363636357438 0.030303030302112028 0.04545454545247934
0 0.10454545454228649 0.17499999999204544 0.045454545453168044 0.059090909088223134
