0 0.0524999999986875 0.7133333333095556 0.09499999999762501 0.15333333332822222
0 0.1399999999965 0.6799999999773334 0.07499999999812501 0.10666666666311111
0 0.19499999999512502 0.7833333333072222 0.119999999997 0.1933333333268889
0 0.2424999999939375 0.6799999999773334 0.0599999999985 0.07999999999733334
0 0.2974999999925625 0.689999999977 0.08999999999775 0.13999999999533333
0 0.2887499999927813 0.6249999999791667 0.0624999999984375 0.08333333333055556
0 0.3612499999909688 0.6883333333103889 0.0724999999981875 0.11666666666277778
0 0.38124999999046877 0.6399999999786667 0.0624999999984375 0.07999999999733334
0 0.43499999998912503 0.6349999999788334 0.054999999998625 0.08333333333055556
0 0.4087499999897813 0.43499999998550004 0.037499999999062505 0.06999999999766666
0 0.5024999999874376 0.8299999999723333 0.20999999999475 0.2866666666571111
0 0.54999999998625 0.6649999999778333 0.0999999999975 0.14333333332855555
0 0.7699999999807501 0.689999999977 0.08999999999775 0.13999999999533333
0 0.7762499999805937 0.6266666666457777 0.0624999999984375 0.08666666666377779
0 0.9174999999770626 0.838333333305389 0.164999999995875 0.209999999993
0 0.9087499999772813 0.689999999977 0.0624999999984375 0.07333333333088889
0 0.9737499999756563 0.6983333333100555 0.047499999998812506 0.1033333333298889
