0 0.1974999999983542 0.15037037036814266 0.07166666666606945 0.15555555555325104
0 0.040833333332993056 0.5814814814728669 0.07666666666602778 0.1585185185161701
0 0.07999999999933334 0.4696296296226722 0.04833333333293056 0.1007407407392483
0 0.13958333333217016 0.44814814814150894 0.05416666666621528 0.10814814814654596
0 0.19041666666507986 0.5303703703625131 0.09249999999922917 0.13333333333135802
0 0.2629166666644757 0.4096296296235611 0.039166666666340284 0.07851851851735528
0 0.3508333333304098 0.4659259259190233 0.07666666666602778 0.12888888888697944
0 0.36749999999693755 0.6022222222133005 0.10499999999912502 0.19111111110827986
0 0.3629166666636424 0.3933333333275062 0.037499999999687506 0.07851851851735528
0 0.39416666666338196 0.4022222222162634 0.03833333333301389 0.10518518518362689
0 0.5349999999955417 0.24444444444082306 0.06166666666615278 0.12444444444260083
0 0.4674999999961042 0.5155555555479178 0.07999999999933334 0.15703703703471056
0 0.5112499999957396 0.6992592592488999 0.12583333333228475 0.27555555555147326
0 0.6204166666614965 0.5103703703628093 0.10083333333249306 0.17925925925660358
0 0.6704166666610799 0.4429629629564006 0.07416666666604861 0.1718518518493059
0 0.7145833333273786 0.40148148147553364 0.07416666666604861 0.1274074074055199
0 0.7166666666606946 0.3311111111062058 0.03999999999966667 0.08444444444319342
0 0.6229166666614757 0.34296296295788203 0.037499999999687506 0.09333333333195062
0 0.842083333326316 0.4666666666597531 0.0758333333327014 0.1540740740717915
0 0.8949999999925418 0.5355555555476215 0.11999999999900002 0.19703703703411798
0 0.9816666666584862 0.43777777777129223 0.034999999999708334 0.1140740740723841
0 0.9616666666586529 0.37407407406853227 0.06166666666615278 0.10814814814654596
0 0.9558333333253681 0.30518518518066395 0.049999999999583336 0.09481481481341016
0 0.8066666666599445 0.419259259253048 0.07166666666606945 0.1274074074055199
0 0.8099999999932501 0.3325925925876653 0.049999999999583336 0.07555555555443622
0 0.8237499999931355 0.29629629629190674 0.03249999999972917 0.059259259258381346
