0 0.06666666666555555 0.5249999999868751 0.03333333333277778 0.04999999999875
0 0.05833333333236111 0.479999999988 0.026666666666222222 0.044999999998875
0 0.10249999999829167 0.3399999999915 0.03166666666613889 0.04999999999875
0 0.13749999999770834 0.47749999998806253 0.03166666666613889 0.054999999998625
0 0.179999999997 0.45999999998850005 0.03333333333277778 0.04999999999875
0 0.1908333333301528 0.4374999999890625 0.024999999999583335 0.039999999999
0 0.19749999999670834 0.5012499999874688 0.034999999999416664 0.0524999999986875
0 0.22583333332956945 0.42374999998940627 0.024999999999583335 0.037499999999062505
0 0.24499999999591665 0.47374999998815626 0.026666666666222222 0.05749999999856251
0 0.2749999999954167 0.4824999999879375 0.0299999999995 0.04999999999875
0 0.307499999994875 0.5562499999860938 0.051666666665805557 0.07749999999806251
0 0.32749999999454166 0.5124999999871875 0.038333333332694446 0.07499999999812501
0 0.31833333332802777 0.44999999998875 0.03333333333277778 0.039999999999
0 0.3116666666614722 0.34999999999125003 0.023333333332944444 0.034999999999125
0 0.3899999999935 0.47624999998809375 0.0299999999995 0.0524999999986875
0 0.3791666666603472 0.4374999999890625 0.024999999999583335 0.039999999999
0 0.397499999993375 0.43874999998903125 0.021666666666305553 0.047499999998812506
0 0.4599999999923333 0.43124999998921876 0.023333333332944444 0.037499999999062505
0 0.4666666666588889 0.4512499999887188 0.026666666666222222 0.047499999998812506
0 0.4699999999921667 0.4962499999875938 0.04333333333261111 0.0624999999984375
0 0.49499999999175 0.544999999986375 0.059999999999 0.08999999999775
0 0.5099999999915 0.43374999998915625 0.023333333332944444 0.0324999999991875
0 0.502499999991625 0.414999999989625 0.01833333333302778 0.024999999999375
0 0.5633333333239444 0.43124999998921876 0.019999999999666666 0.037499999999062505
0 0.5824999999902917 0.5112499999872188 0.048333333332527775 0.0824999999979375
0 0.5816666666569722 0.3574999999910625 0.026666666666222222 0.034999999999125
0 0.6091666666565139 0.4124999999896875 0.024999999999583335 0.039999999999
0 0.6566666666557223 0.43124999998921876 0.026666666666222222 0.0424999999989375
0 0.6858333333219028 0.334999999991625 0.021666666666305553 0.039999999999
0 0.719999999988 0.4924999999876875 0.03999999999933333 0.07499999999812501
0 0.7066666666548889 0.46749999998831254 0.03333333333277778 0.054999999998625
0 0.7616666666539722 0.46374999998840627 0.0299999999995 0.05749999999856251
0 0.7974999999867083 0.4862499999878438 0.034999999999416664 0.05749999999856251
0 0.839999999986 0.46499999998837505 0.0299999999995 0.0599999999985
0 0.8533333333191111 0.43624999998909375 0.019999999999666666 0.0424999999989375
0 0.91499999998475 0.4524999999886875 0.03333333333277778 0.054999999998625
0 0.9516666666508056 0.43874999998903125 0.0299999999995 0.0524999999986875
