0 0.6613149846993683 0.3283410138173193 0.14220183486021098 0.27880184331154834
0 0.3998470947951094 0.3790322580557826 0.11467889908081531 0.14516129031923589
0 0.22324159021065382 0.3329493087480887 0.08256880733818703 0.12672811059615832
0 0.17201834862122298 0.3329493087480887 0.06574923547300078 0.08525345621923378
0 0.13532110091536206 0.35599078340193563 0.04434250764458192 0.08064516128846438
0 0.10550458715435009 0.3283410138173193 0.039755351681349305 0.05760368663461742
0 0.5665137614592276 0.35599078340193563 0.032110091742628286 0.0714285714269256
0 0.5137614678820526 0.3686635944615515 0.01834862385293045 0.03686635944615515
0 0.4785932721639359 0.3686635944615515 0.030581039754884083 0.05990783410000212
0 0.7370030580927064 0.38479262671924436 0.05504587155879135 0.11981566820000424
0 0.785932721700521 0.3663594469961668 0.039755351681349305 0.0737327188923103
0 0.9013761467752084 0.36981566819424383 0.07492354739946601 0.12211981566538893
