0 0.16442451419784118 0.3745019920244123 0.032884902839568235 0.06772908366398947
0 0.20478325859185675 0.3695219123432366 0.0388639760831261 0.05378486055669751
0 0.2399103138977592 0.35258964142723925 0.040358744394015565 0.05577689242916779
0 0.4170403587381608 0.5637450199090888 0.11061285500582042 0.1673306772875034
0 0.36771300447880845 0.4571713147319289 0.0777279521662522 0.11354581673080587
0 0.4349775784688344 0.41633466134628816 0.06278026905735754 0.07968127489881113
0 0.3512705530590243 0.3754980079606475 0.04484304932668396 0.057768924301638075
0 0.567264573982552 0.3645418326620609 0.0343796711504577 0.051792828684227236
0 0.5964125560448966 0.39741035855782053 0.04484304932668396 0.07768924302634085
0 0.6360239162834674 0.40537848604770166 0.05530642750291021 0.06972111553645974
0 0.6285500747290201 0.44621513943334234 0.04633781763757342 0.07569721115387057
0 0.6718983557448146 0.458167330668164 0.05530642750291021 0.09960159362351392
0 0.7130044842942749 0.4860557768827479 0.07473841554447326 0.1195219123482167
0 0.7062780268952723 0.6274900398281377 0.15695067264339385 0.19521912350208728
0 0.785500747372414 0.572709163335205 0.10911808669493096 0.15338645418021143
