0 0.21333333332977777 0.38666666665807403 0.0299999999995 0.044444444443456785
0 0.12333333333127777 0.45222222221217284 0.03333333333277778 0.04666666666562963
0 0.09499999999841667 0.4799999999893333 0.03333333333277778 0.044444444443456785
0 0.09333333333177778 0.5144444444330123 0.03333333333277778 0.04666666666562963
0 0.048333333332527775 0.5233333333217037 0.05666666666572222 0.06444444444301234
0 0.31083333332815277 0.49555555554454317 0.04166666666597222 0.053333333332148146
0 0.32499999999458334 0.5577777777653827 0.053333333332444444 0.07111111110953086
0 0.3991666666600139 0.5922222222090617 0.08499999999858333 0.09999999999777777
0 0.43666666665938886 0.6633333333185926 0.10333333333161111 0.13111111110819754
0 0.48666666665855557 0.8088888888709136 0.13999999999766666 0.17777777777382714
0 0.33166666666113886 0.45333333332325926 0.03333333333277778 0.03555555555476543
0 0.35166666666080554 0.43555555554587655 0.023333333332944444 0.031111111110419754
0 0.3808333333269861 0.46111111110086417 0.02833333333286111 0.03777777777693827
0 0.42583333332623613 0.484444444433679 0.03166666666613889 0.044444444443456785
0 0.44166666665930554 0.5233333333217037 0.053333333332444444 0.05999999999866666
0 0.419999999993 0.4399999999902222 0.023333333332944444 0.03555555555476543
0 0.48666666665855557 0.46111111110086417 0.03333333333277778 0.04666666666562963
0 0.5058333333249028 0.4799999999893333 0.03166666666613889 0.053333333332148146
0 0.553333333324111 0.5099999999886666 0.04666666666588889 0.05999999999866666
0 0.5758333333237361 0.47111111110064197 0.03166666666613889 0.044444444443456785
0 0.6024999999899583 0.44888888887891354 0.02833333333286111 0.03999999999911111
0 0.6258333333229028 0.5366666666547407 0.051666666665805557 0.06444444444301234
0 0.6633333333222777 0.5033333333221481 0.03333333333277778 0.055555555554320984
0 0.6408333333226528 0.4622222222119506 0.02833333333286111 0.031111111110419754
0 0.6624999999889584 0.44999999998999995 0.01833333333302778 0.03333333333259259
0 0.7216666666546389 0.4466666666567407 0.0299999999995 0.044444444443456785
0 0.7324999999877917 0.5355555555436543 0.04499999999925 0.06222222222083951
0 0.6874999999885416 0.6322222222081728 0.09166666666513888 0.13111111110819754
0 0.5466666666575556 0.5888888888758025 0.06999999999883333 0.07999999999822222
0 0.4774999999920417 0.5388888888769136 0.051666666665805557 0.05999999999866666
0 0.8349999999860833 0.5666666666540741 0.06333333333227778 0.08888888888691357
0 0.7883333333201944 0.4888888888780247 0.03333333333277778 0.06222222222083951
0 0.7924999999867917 0.45333333332325926 0.04166666666597222 0.04888888888780247
0 0.8824999999852916 0.48666666665585184 0.038333333332694446 0.05777777777649382
0 0.9116666666514722 0.5044444444332346 0.04666666666588889 0.06666666666518518
0 0.9583333333173611 0.545555555543432 0.04666666666588889 0.07777777777604938
0 0.9558333333174027 0.7188888888729136 0.08499999999858333 0.1399999999968889
0 0.9341666666510972 0.8544444444254568 0.13166666666447222 0.2022222222177284
