0 0.417499999995825 0.47329650091209396 0.10499999999895 0.19889502762064648
0 0.43099999999569 0.3637200736581267 0.05599999999944 0.09392265193197195
0 0.41549999999584497 0.31860036831825783 0.03899999999961 0.07366482504468388
0 0.42899999999571 0.2882136279873257 0.0299999999997 0.06077348066186421
0 0.445499999995545 0.24953959483886667 0.03099999999969 0.04972375690516162
0 0.55699999999443 0.26243093922168637 0.0299999999997 0.0644567219140984
0 0.5699999999943 0.3360957642663702 0.03399999999966 0.0681399631663326
0 0.688499999993115 0.47513812153821106 0.07699999999923 0.17311233885500713
0 0.685499999993145 0.27808471454368167 0.02899999999971 0.055248618783512914
0 0.70499999999295 0.1289134438281968 0.02799999999972 0.05156537753127872
0 0.758499999992415 0.2845303867350915 0.03099999999969 0.0681399631663326
0 0.802499999991975 0.3149171270660236 0.03899999999961 0.07734806629691808
0 0.87499999999125 0.32136279925743344 0.0399999999996 0.09760589318420615
0 0.918499999990815 0.3397790055186044 0.05099999999949 0.07918968692303517
