0 0.07833333333202777 0.6877777777624938 0.04999999999916667 0.06444444444301234
0 0.17499999999708332 0.6877777777624938 0.03666666666605556 0.055555555554320984
0 0.24833333332919444 0.7111111110953086 0.0299999999995 0.06222222222083951
0 0.2966666666617222 0.7133333333174815 0.03333333333277778 0.06222222222083951
0 0.32916666666118055 0.6066666666531851 0.038333333332694446 0.05777777777649382
0 0.127499999997875 0.5366666666547407 0.038333333332694446 0.05999999999866666
0 0.1966666666633889 0.5277777777660494 0.03666666666605556 0.05111111110997531
0 0.2366666666627222 0.4788888888782469 0.0299999999995 0.05111111110997531
0 0.2566666666623889 0.5155555555440987 0.03333333333277778 0.053333333332148146
0 0.29916666666168057 0.5366666666547407 0.034999999999416664 0.05999999999866666
0 0.367499999993875 0.5177777777662715 0.04166666666597222 0.044444444443456785
0 0.3733333333271111 0.5688888888762469 0.03333333333277778 0.04888888888780247
0 0.42499999999291665 0.5622222222097284 0.03666666666605556 0.053333333332148146
0 0.43083333332615276 0.5177777777662715 0.03166666666613889 0.03999999999911111
0 0.5133333333247778 0.43222222221261725 0.03666666666605556 0.05999999999866666
0 0.5083333333248611 0.5311111110993086 0.03333333333277778 0.05777777777649382
0 0.5674999999905417 0.5344444444325679 0.03166666666613889 0.05111111110997531
0 0.6024999999899583 0.526666666654963 0.03166666666613889 0.053333333332148146
0 0.6616666666556389 0.5411111110990864 0.03666666666605556 0.05999999999866666
0 0.6649999999889167 0.48666666665585184 0.03999999999933333 0.04888888888780247
0 0.7316666666544722 0.5222222222106173 0.03999999999933333 0.06222222222083951
0 0.7549999999874166 0.4888888888780247 0.03666666666605556 0.06222222222083951
0 0.3899999999935 0.7433333333168148 0.03999999999933333 0.06888888888735802
0 0.42999999999283334 0.7044444444287901 0.03999999999933333 0.06222222222083951
0 0.4808333333253194 0.6666666666518518 0.034999999999416664 0.05777777777649382
0 0.5199999999913333 0.629999999986 0.0299999999995 0.05999999999866666
0 0.5608333333239861 0.6488888888744692 0.038333333332694446 0.07111111110953086
0 0.6391666666560138 0.677777777762716 0.038333333332694446 0.05777777777649382
0 0.719999999988 0.7011111110955308 0.03999999999933333 0.05999999999866666
0 0.7958333333200694 0.7099999999842221 0.034999999999416664 0.06444444444301234
0 0.8299999999861667 0.6399999999857777 0.03333333333277778 0.06222222222083951
0 0.907499999984875 0.6755555555405431 0.051666666665805557 0.07999999999822222
0 0.9508333333174861 0.6599999999853333 0.04499999999925 0.06666666666518518
