0 0.01499999999975 0.6526479750575499 0.026666666666222222 0.08411214953008997
0 0.05083333333248611 0.6386292834692016 0.048333333332527775 0.07476635513785775
0 0.12499999999791667 0.6604361370510767 0.03666666666605556 0.07476635513785775
0 0.1391666666643472 0.6417445482666123 0.02833333333286111 0.05607476635339331
0 0.19999999999666668 0.6417445482666123 0.03999999999933333 0.06230529594821479
0 0.232499999996125 0.6682242990446036 0.034999999999416664 0.09034267912491144
0 0.23333333332944445 0.6183800622860318 0.026666666666222222 0.05295950155598257
0 0.26333333332894443 0.63239875387438 0.026666666666222222 0.06230529594821479
0 0.2824999999952917 0.6760124610381304 0.048333333332527775 0.09345794392232218
0 0.32833333332786113 0.7009345794174163 0.04333333333261111 0.09345794392232218
0 0.3508333333274861 0.6635514018484875 0.04166666666597222 0.07476635513785775
0 0.32916666666118055 0.5249221183637096 0.034999999999416664 0.05919003115080405
0 0.4033333333266111 0.7040498442148271 0.04999999999916667 0.09345794392232218
0 0.42666666665955555 0.6510903426588446 0.03333333333277778 0.06230529594821479
0 0.44333333332594443 0.6308411214756747 0.026666666666222222 0.05919003115080405
0 0.4658333333255694 0.5451713395468794 0.02833333333286111 0.04984423675857183
0 0.5566666666573888 0.5716510903248707 0.0299999999995 0.05919003115080405
0 0.4758333333254028 0.686915887829068 0.038333333332694446 0.07788161993526849
0 0.49583333332506946 0.6479750778614338 0.03166666666613889 0.04984423675857183
0 0.6241666666562639 0.7336448597902291 0.05833333333236111 0.12149532709901883
0 0.6408333333226528 0.5031152647818344 0.02833333333286111 0.05919003115080405
0 0.7133333333214444 0.6651090342471928 0.04333333333261111 0.08411214953008997
0 0.7374999999877083 0.7492211837772829 0.05833333333236111 0.09657320871973292
0 0.8108333333198194 0.6962616822213002 0.04499999999925 0.08411214953008997
0 0.8558333333190694 0.741433021783756 0.048333333332527775 0.10591900311196514
0 0.899999999985 0.6666666666458982 0.04333333333261111 0.0872274143275007
0 0.9541666666507639 0.5264797507624149 0.034999999999416664 0.07476635513785775
0 0.8316666666528055 0.6557632398549607 0.03333333333277778 0.06542056074562552
0 0.7908333333201528 0.49376947038960217 0.034999999999416664 0.071651090340447
