0 0.04980468749951363 0.5781249999924724 0.09570312499906541 0.22135416666378446
0 0.19238281249812128 0.6816406249911245 0.23632812499769212 0.360677083328637
0 0.05761718749943734 0.35937499999532063 0.09765624999904633 0.1432291666648017
0 0.2924804687471438 0.3808593749950409 0.0771484374992466 0.12630208333168877
0 0.41210937499597555 0.3678385416618771 0.058593749999427805 0.1002604166653612
0 0.535156249994774 0.3626302083286116 0.058593749999427805 0.10286458333199396
0 0.7041015624931241 0.5989583333255344 0.160156249998436 0.24739583333011203
0 0.8364257812418319 0.5013020833268059 0.1337890624986935 0.19791666666408964
0 0.8666992187415362 0.3951822916615211 0.11425781249888421 0.17317708333107842
0 0.7382812499927903 0.3313802083290185 0.0664062499993515 0.11328124999852499
