0 0.04310344827511891 0.6886304909382783 0.05172413793014269 0.07493540051485956
0 0.13534482758387337 0.5968992247907778 0.03275862068909037 0.04651162790577489
0 0.19137931034152794 0.576227390165989 0.031034482758085614 0.041343669249577684
0 0.28275862068478 0.5180878552837703 0.024137931034066588 0.03875968992147908
0 0.3758620689590369 0.516795865619721 0.01724137931004756 0.036175710593380477
0 0.4698275861987961 0.5090439276354253 0.018965517241052318 0.03100775193718326
0 0.5327586206804696 0.507751937971376 0.01724137931004756 0.033591731265281866
0 0.5931034482656362 0.5064599483073267 0.024137931034066588 0.036175710593380477
0 0.6827586206778835 0.5116279069635239 0.020689655172057075 0.03100775193718326
0 0.699999999987931 0.5064599483073267 0.020689655172057075 0.036175710593380477
0 0.788793103434676 0.5710594315097918 0.025862068965071344 0.04651162790577489
0 0.834482758606302 0.5865633074783834 0.031034482758085614 0.041343669249577684
0 0.9284482758460613 0.6421188630325034 0.049999999999137935 0.06976744185866235
0 0.9793103448107016 0.5994832041188765 0.03448275862009512 0.05167958656197211
0 0.9724137930866825 0.5749354005019397 0.0275862068960761 0.03875968992147908
0 0.8034482758482164 0.883720930209723 0.09655172413626635 0.17571059431070515
0 0.6637931034368312 0.6963824289225741 0.05172413793014269 0.07493540051485956
0 0.7405172413665428 0.6692506459775388 0.04655172413712842 0.07235142118676095
0 0.5896551724036266 0.6963824289225741 0.05172413793014269 0.09560723513964839
0 0.6198275861962099 0.6330749353841583 0.04310344827511891 0.07235142118676095
0 0.5922413793001338 0.5878552971424327 0.03620689655109988 0.0490956072338735
0 0.544827586197503 0.5968992247907778 0.031034482758085614 0.04651162790577489
0 0.4129310344756391 0.7260981911957081 0.05344827586114745 0.07751937984295816
0 0.3310344827529132 0.700258397914722 0.048275862068133175 0.08268733849915537
0 0.37931034482104636 0.6059431524391229 0.020689655172057075 0.04392764857767629
0 0.3991379310276011 0.5994832041188765 0.02241379310306183 0.041343669249577684
0 0.4249999999926724 0.6098191214312708 0.025862068965071344 0.041343669249577684
0 0.4853448275778389 0.5930232557986299 0.029310344827080857 0.0490956072338735
0 0.08017241379172117 0.9573643410605333 0.09827586206727111 0.08527131782725397
