0 0.076859504130961 0.4702233250503666 0.1438016528901851 0.27543424316934406
0 0.2595041322271156 0.7158808932824843 0.17851239669126426 0.38461538460584077
0 0.4338842975134895 0.4454094292693446 0.1404958677662728 0.21588089329489127
0 0.3479338842917697 0.24937965259927095 0.11074380165106208 0.19602977667007368
0 0.4041322313982788 0.14392059552992753 0.08429752065976368 0.16377171215474512
0 0.16033057850974658 0.13523573200656983 0.08264462809780752 0.1563275434204385
0 0.3107438016477563 0.03473945409343078 0.06942148760215831 0.06451612903065716
0 0.6801652892449559 0.08933002481167915 0.08429752065976368 0.16377171215474512
0 0.76859504130961 0.7543424317430684 0.19834710743473805 0.3076923076846726
0 0.9322314049432688 0.13647642679562091 0.08595041322171983 0.1538461538423363
0 0.9628099173394576 0.024813895781021986 0.054545454544552965 0.044665012405839574
0 0.7793388429623249 0.03225806451532858 0.07107438016411446 0.059553349874452766
