0 0.0744444444436173 0.6288014311157638 0.11999999999866667 0.2450805008900701
0 0.04999999999944445 0.4284436493662175 0.05333333333274075 0.11270125223411984
0 0.10777777777658025 0.446332737022427 0.07333333333251853 0.12343470482784553
0 0.08222222222130865 0.36493738818667376 0.05777777777713581 0.08944543828104749
0 0.12777777777635804 0.36851520571791563 0.051111111110543214 0.11449016099974078
0 0.17888888888690124 0.7620751341545245 0.1577777777760247 0.2790697674368682
0 0.24444444444172841 0.5966010733345868 0.1066666666654815 0.19499105545268353
0 0.2672222222192531 0.4051878354131451 0.061111111110432104 0.10554561717163603
0 0.31333333332985186 0.4025044722647137 0.04666666666614815 0.11806797853098268
0 0.38555555555127163 0.24776386403850154 0.0644444444437284 0.13416815742157123
0 0.4199999999953334 0.5438282647487688 0.07999999999911112 0.12522361359346648
0 0.42888888888412346 0.5080500894363498 0.08888888888790124 0.1395348837184341
0 0.4549999999949445 0.7316636851389684 0.16333333333151853 0.2719141323743844
0 0.5511111111049877 0.6135957066079858 0.13333333333185185 0.2540250447181749
0 0.5172222222164754 0.49463327369419263 0.09444444444339507 0.13774597495281313
0 0.6422222222150865 0.5277280858581802 0.07999999999911112 0.15026833631215977
0 0.6488888888816791 0.44364937387399556 0.071111111110321 0.12522361359346648
0 0.6849999999923889 0.38640429337412513 0.05888888888823457 0.10733452593725698
0 0.6994444444366729 0.41502683362406034 0.04777777777724692 0.12164579606222459
0 0.7611111111026544 0.5116279069675916 0.0866666666657037 0.14669051878091788
0 0.7972222222133643 0.45080500893647935 0.07222222222141976 0.11091234346849889
0 0.8494444444350062 0.43202146689745935 0.061111111110432104 0.10196779964039414
0 0.8966666666567038 0.3953488372022299 0.055555555554938275 0.10375670840601509
0 0.9066666666565927 0.3658318425694842 0.05777777777713581 0.08407871198418464
