0 0.1549999999980625 0.29003906249433514 0.22749999999715623 0.3613281249929428
0 0.3031249999962109 0.35253906249311445 0.06624999999917187 0.12695312499752046
0 0.35687499999553907 0.33105468749353406 0.013749999999828124 0.025390624999504088
0 0.33624999999579686 0.33789062499340056 0.012499999999843749 0.02734374999946594
0 0.35812499999552344 0.36035156249296185 0.018749999999765624 0.029296874999427795
0 0.3874999999951562 0.33691406249341965 0.01749999999978125 0.037109374999275205
0 0.4093749999948828 0.3623046874929237 0.021249999999734374 0.048828124999046325
0 0.4343749999945703 0.39257812499233247 0.021249999999734374 0.035156249999313355
0 0.44562499999442967 0.3623046874929237 0.016249999999796875 0.029296874999427795
0 0.45999999999424995 0.3466796874932289 0.0149999999998125 0.029296874999427795
0 0.49249999999384375 0.41503906249189376 0.029999999999625 0.05273437499897003
0 0.5262499999934218 0.4355468749914932 0.03749999999953125 0.05859374999885559
0 0.5374999999932812 0.3652343749928665 0.0149999999998125 0.02734374999946594
0 0.5112499999936093 0.3681640624928093 0.01749999999978125 0.025390624999504088
0 0.4943749999938203 0.3544921874930763 0.013749999999828124 0.021484374999580384
0 0.5693749999928828 0.3681640624928093 0.013749999999828124 0.029296874999427795
0 0.5762499999927968 0.41113281249197003 0.01999999999975 0.0332031249993515
0 0.6149999999923125 0.4277343749916458 0.03749999999953125 0.07421874999855041
0 0.6049999999924375 0.3759765624926567 0.01749999999978125 0.037109374999275205
0 0.6393749999920078 0.40136718749216077 0.016249999999796875 0.037109374999275205
0 0.6749999999915625 0.4208984374917793 0.01749999999978125 0.029296874999427795
0 0.8331249999895859 0.3681640624928093 0.023749999999703123 0.04492187499912262
