0 0.1441666666642639 0.483682983671709 0.038333333332694446 0.07226107225938785
0 0.16499999999724999 0.5780885780751028 0.03999999999933333 0.07459207459033584
0 0.20333333332994444 0.5303030302906689 0.03666666666605556 0.06293706293559587
0 0.2291666666628472 0.48834498833360496 0.038333333332694446 0.06293706293559587
0 0.21083333332981943 0.45104895103843706 0.03166666666613889 0.053613053611803886
0 0.25083333332915275 0.5780885780751028 0.038333333332694446 0.06993006992843985
0 0.31499999999475 0.5804195804060508 0.03333333333277778 0.06060606060464788
0 0.2949999999950833 0.49650349649192294 0.03333333333277778 0.05594405594275188
0 0.2833333333286111 0.453379953369385 0.03333333333277778 0.053613053611803886
0 0.33499999999441665 0.453379953369385 0.03666666666605556 0.0489510489499079
0 0.34499999999425 0.502331002319293 0.03333333333277778 0.053613053611803886
0 0.3641666666605972 0.5198135198014029 0.034999999999416664 0.05128205128085589
0 0.3733333333271111 0.5664335664203628 0.03666666666605556 0.06993006992843985
0 0.3958333333267361 0.463869463858651 0.034999999999416664 0.06060606060464788
0 0.41499999999308335 0.5034965034847669 0.0299999999995 0.06060606060464788
0 0.44499999999258333 0.5326340326216169 0.03333333333277778 0.053613053611803886
0 0.43999999999266665 0.5839160839024727 0.03999999999933333 0.06293706293559587
0 0.4816666666586389 0.5104895104776109 0.03999999999933333 0.05594405594275188
0 0.4608333333256528 0.45104895103843706 0.034999999999416664 0.06293706293559587
0 0.5058333333249028 0.5664335664203628 0.038333333332694446 0.06060606060464788
0 0.5408333333243195 0.5314685314561429 0.034999999999416664 0.06060606060464788
0 0.5366666666577222 0.4382284382182231 0.03666666666605556 0.06060606060464788
0 0.6241666666562639 0.4137529137432691 0.038333333332694446 0.06293706293559587
0 0.6124999999897917 0.5256410256287729 0.03166666666613889 0.05827505827369988
0 0.5749999999904166 0.5885780885643688 0.03999999999933333 0.05827505827369988
0 0.6333333333227777 0.5745920745786808 0.04333333333261111 0.06759906759749186
0 0.6849999999885833 0.5431235431108828 0.03666666666605556 0.06060606060464788
0 0.7116666666548055 0.5722610722477328 0.03999999999933333 0.05827505827369988
0 0.6874999999885416 0.489510489499079 0.038333333332694446 0.05594405594275188
0 0.7099999999881667 0.4347319347218011 0.03333333333277778 0.05827505827369988
0 0.7616666666539722 0.467365967355073 0.03666666666605556 0.05827505827369988
0 0.7683333333205278 0.5233100232978249 0.03666666666605556 0.06293706293559587
0 0.8058333333199028 0.5664335664203628 0.04166666666597222 0.06526806526654386
0 0.8608333333189861 0.5384615384489869 0.04166666666597222 0.06526806526654386
0 0.7999999999866667 0.4324009323908531 0.03666666666605556 0.05827505827369988
