0 0.16155234656748102 0.3226950354495498 0.0379061371834313 0.09219858155701423
0 0.2644404332082231 0.3776595744546929 0.05595667869935096 0.11702127659159497
0 0.25270758122287534 0.2765957446710427 0.0324909747286554 0.06382978723177908
0 0.378158844758517 0.3829787233906745 0.05595667869935096 0.1489361702074845
0 0.3673285198489652 0.28191489360702426 0.0270758122738795 0.0531914893598159
0 0.4052346570323965 0.18262411346870125 0.023465703970695567 0.06028368794112469
0 0.4801444043234631 0.2783687943163699 0.0324909747286554 0.08156028368505105
0 0.5288808664164462 0.36347517729207535 0.05054151624457506 0.12411347517290378
0 0.5270758122648542 0.28014184396169706 0.02527075812228753 0.06382978723177908
0 0.5090252707489346 0.23936170211917154 0.018050541515919664 0.0531914893598159
0 0.5694945848272654 0.2695035460897339 0.0270758122738795 0.056737588650470294
0 0.7175090252578067 0.342198581548149 0.05234657039616703 0.1099290780102862
0 0.7093862815756429 0.25886524821777074 0.028880866425471465 0.056737588650470294
0 0.7527075812138501 0.29078014183366024 0.03610108303183933 0.07801418439439665
0 0.9196750902361069 0.35992907800142093 0.05234657039616703 0.13829787233552135
0 0.9196750902361069 0.2872340425430059 0.045126353789799165 0.08510638297570544
0 0.9810469313902338 0.40780141842525525 0.0379061371834313 0.17021276595141088
