0 0.6876923076817278 0.2923497267679686 0.06769230769126627 0.12568306010585567
0 0.7746153846034675 0.5942622950657306 0.08461538461408284 0.13934426229127475
0 0.8115384615259764 0.7267759562642958 0.10615384615221302 0.19672131147003494
0 0.9138461538320947 0.5751366120061439 0.07076923076814201 0.12841530054293948
0 0.5246153846073136 0.7240437158272119 0.1323076923056568 0.23497267758920842
0 0.5384615384532545 0.57240437156906 0.10153846153689941 0.1448087431654424
0 0.4561538461468284 0.5437158469796799 0.06923076922970414 0.1311475409800233
0 0.2684615384574083 0.4918032786750874 0.09384615384471007 0.15300546447669386
0 0.1761538461511361 0.677595628396787 0.12153846153659172 0.2459016393375437
0 0.06692307692204734 0.857923497244319 0.12461538461346747 0.23497267758920842
0 0.029230769230319528 0.5587431693836409 0.05538461538376332 0.15027322403961002
0 0.094615384613929 0.5587431693836409 0.07846153846033137 0.15027322403961002
0 0.062307692306733733 0.4808743169267521 0.06307692307595267 0.12568306010585567
