0 0.3305921052625537 0.353892543858679 0.017543859649090745 0.03289473684201509
0 0.949744152045048 0.3696546052621446 0.01900584795318164 0.03481359649113264
0 0.7410453216360726 0.38651315789367735 0.010599415204658992 0.024122807017477734
0 0.9149305555538835 0.7587719298224814 0.09557748537994229 0.1529605263153702
0 0.7010233918115844 0.68283991227883 0.06396198830397667 0.11293859649091849
0 0.7553910818699645 0.5663377192966932 0.039290935672442816 0.06743421052613094
0 0.7617872807003623 0.5226151315775148 0.033808479532101955 0.05783991228054321
0 0.660179093566045 0.5567434210511054 0.034539473684147406 0.05701754385949283
0 0.6239948830397953 0.6480263157876973 0.05756578947357901 0.0833333333331049
0 0.5969480994141138 0.5374177631564215 0.023209064327442967 0.04742324561390509
0 0.5143457602329782 0.5868969298229526 0.04221491228062461 0.06414473684192944
0 0.49990862573008055 0.542077850875707 0.034539473684147406 0.048519736841972264
0 0.45595760233834803 0.5498903508756856 0.03801169590636328 0.06633771929806377
0 0.28837719298192915 0.9036458333308562 0.12024853801147616 0.1559758771925549
0 0.2798793859644008 0.7360197368400877 0.0864400584793742 0.12664473684175812
0 0.2630665204673555 0.5967653508755572 0.046966374268920016 0.08223684210503773
0 0.07118055555542548 0.5895010964896121 0.037097953216306476 0.061129385964744716
0 0.07218567251448796 0.5589364035072398 0.029605263157840633 0.0400219298244517
