0 0.15167243367760472 0.32071428570970406 0.07266435986075359 0.09285714285581632
0 0.1937716262953429 0.4935714285643776 0.08073817762305954 0.11285714285553061
0 0.27739331026208314 0.5178571428497449 0.07958477508558726 0.12999999999814285
0 0.44117647058314674 0.5314285714209795 0.07035755478580903 0.1114285714269796
0 0.45271049595786955 0.43285714285095916 0.04728950403636344 0.07142857142755102
0 0.5074971164878028 0.47285714285038777 0.05305651672372484 0.0914285714272653
0 0.5547866205241663 0.316428571424051 0.05074971164878028 0.06714285714189797
0 0.5870818915733901 0.5485714285635919 0.099192618222616 0.1685714285690204
0 0.6326412918035451 0.44214285713654083 0.056516724336141674 0.07571428571320409
0 0.7179930795764937 0.5049999999927857 0.08650519031042093 0.10999999999842858
0 0.764129181075385 0.45214285713639796 0.049596309111308 0.069999999999
0 0.7347174163698418 0.3621428571376837 0.0553633217986694 0.07857142857030612
0 0.8933102652722802 0.33928571428086735 0.06113033448603079 0.09571428571291837
