0 0.2390410958871364 0.5374771480706129 0.11643835616278851 0.16087751370821066
0 0.18219178081942203 0.45795246799894057 0.08493150684815162 0.12614259597575608
0 0.2513698630102552 0.3089579524623591 0.06164383561559392 0.10237659963249769
0 0.32123287670792827 0.38025594149213426 0.02876712328727716 0.051188299816248846
0 0.29520547944801084 0.3939670932286295 0.026027397259917432 0.05667276051084694
0 0.3404109588994464 0.39122486288133046 0.02876712328727716 0.04753199268651678
0 0.3554794520499249 0.37294332723267015 0.026027397259917432 0.040219378427052664
0 0.38835616437824166 0.37751371114483523 0.03698630136935635 0.07495429615950723
0 0.4143835616381591 0.39853747714079457 0.026027397259917432 0.040219378427052664
0 0.41506849314499905 0.37934186470970127 0.024657534246237567 0.031078610602722514
0 0.46027397259643454 0.4049360146178257 0.04383561643775567 0.06764168190004312
0 0.48767123287003183 0.4085923217475577 0.030136986300957024 0.06032906764057899
0 0.5308219178009476 0.3875685557515984 0.0232876712325577 0.04387568555678473
0 0.5493150684856257 0.4186471663543209 0.03835616438303621 0.06581352833517709
0 0.5815068493071026 0.4049360146178257 0.03150684931463689 0.045703839121650755
0 0.6095890410875399 0.4433272394800123 0.06027397260191405 0.08592321754870341
0 0.5931506849233814 0.3884826325340314 0.024657534246237567 0.038391224862186636
0 0.6506849314979357 0.41407678244215584 0.03287671232831675 0.06398537477031105
0 0.6630136986210545 0.38482632540429934 0.030136986300957024 0.038391224862186636
0 0.7047945205382904 0.3875685557515984 0.01780821917783824 0.0365630712973206
0 0.60753424656702 0.5429616087652109 0.09178082191655094 0.13528336380008624
0 0.1671232876689435 0.39853747714079457 0.03287671232831675 0.040219378427052664
0 0.7273972602640082 0.4734917733003018 0.05753424657455432 0.08775137111356945
0 0.791095890400122 0.48994515538409605 0.08356164383447175 0.13528336380008624
0 0.7520547945102458 0.425045703831352 0.04109589041039594 0.05667276051084694
0 0.7506849314965659 0.3948811700110625 0.030136986300957024 0.0365630712973206
0 0.7746575342359635 0.3976234003583616 0.01780821917783824 0.038391224862186636
0 0.7993150684822011 0.4003656307056606 0.0232876712325577 0.04753199268651678
0 0.8301369862899981 0.40310786105295965 0.027397260273597297 0.04936014625138281
0 0.8499999999883561 0.4012797074880936 0.02054794520519797 0.038391224862186636
0 0.8732876712209138 0.4177330895718879 0.02876712328727716 0.04936014625138281
0 0.8856164383440326 0.40402193783539264 0.01780821917783824 0.04387568555678473
0 0.9602739725895852 0.5063985374678903 0.07945205479343216 0.13528336380008624
0 0.8383561643720773 0.46343692869353864 0.05753424657455432 0.09323583180816754
0 0.9479452054664664 0.41407678244215584 0.027397260273597297 0.05667276051084694
0 0.972602739712704 0.4168190127894549 0.03287671232831675 0.04753199268651678
