0 0.027573529411595753 0.5902777777729553 0.050245098038907816 0.08578431372478934
0 0.0640318627447057 0.5629084967274273 0.0520833333330142 0.07679738562028761
0 0.18075980392046107 0.6017156862695938 0.08455882352889364 0.1021241830057016
0 0.21874999999865966 0.5379901960740361 0.05759803921533335 0.07271241830005955
0 0.1611519607833263 0.5412581699302185 0.061274509803546116 0.0694444444438771
0 0.2984068627432696 0.5473856209105606 0.05147058823497874 0.06535947712364902
0 0.3360906862724505 0.5829248365965447 0.05698529411729789 0.08251633986860689
0 0.39675245097796114 0.584558823524636 0.09987745097978018 0.1462418300641647
0 0.4307598039189292 0.5490196078386518 0.045343137254624126 0.06862745097983147
0 0.5137867647027342 0.5686274509757465 0.05330882352908512 0.0702614379079227
0 0.5621936274475356 0.4681372548981361 0.044730392156588666 0.058823529411284124
0 0.6188725490158158 0.662581699340992 0.15441176470493623 0.15849673202484887
0 0.691482843133018 0.5714869280999062 0.06188725490158158 0.06781045751578586
0 0.7144607843093478 0.5514705882307886 0.05882352941140427 0.08169934640456128
0 0.8314950980341208 0.5322712418257167 0.05759803921533335 0.075980392156242
0 0.8887867647004365 0.5371732026099905 0.050857843136943276 0.07271241830005955
0 0.9414828431314861 0.5694444444397921 0.08149509803871634 0.10947712418211211
0 0.897365196072933 0.4865196078391624 0.05453431372515605 0.06617647058769464
0 0.9764093137195075 0.4836601307150028 0.03615196078409221 0.05392156862701045
