0 0.15874999999801562 0.6424999999892916 0.1449999999981875 0.20833333332986112
0 0.03437499999957031 0.6233333333229444 0.06374999999920312 0.09666666666505555
0 0.052499999999343745 0.4849999999919167 0.03249999999959375 0.04666666666588889
0 0.069999999999125 0.4699999999921667 0.027499999999656247 0.04999999999916667
0 0.024999999999687498 0.49249999999179167 0.027499999999656247 0.038333333332694446
0 0.03437499999957031 0.4666666666588889 0.023749999999703123 0.0299999999995
0 0.0943749999988203 0.4766666666587222 0.026249999999671873 0.03666666666605556
0 0.11374999999857811 0.49416666665843056 0.029999999999625 0.04166666666597222
0 0.1293749999983828 0.4783333333253611 0.023749999999703123 0.03666666666605556
0 0.17999999999775 0.487499999991875 0.027499999999656247 0.034999999999416664
0 0.20312499999746092 0.5258333333245694 0.04624999999942187 0.061666666665638886
0 0.22187499999722654 0.4891666666585139 0.036249999999546874 0.048333333332527775
0 0.2631249999967109 0.517499999991375 0.05124999999935937 0.06499999999891666
0 0.33999999999575 0.5383333333243611 0.047499999999406246 0.06999999999883333
0 0.3137499999960781 0.6249999999895833 0.06249999999921875 0.07666666666538889
0 0.41187499999485155 0.5866666666568889 0.061249999999234375 0.09666666666505555
0 0.37812499999527344 0.5224999999912917 0.031249999999609375 0.04499999999925
0 0.3874999999951562 0.5058333333249028 0.027499999999656247 0.051666666665805557
0 0.44499999999443746 0.5583333333240278 0.0399999999995 0.07333333333211112
0 0.4443749999944453 0.5099999999915 0.04124999999948437 0.059999999999
0 0.509999999993625 0.5333333333244444 0.0349999999995625 0.04999999999916667
0 0.5293749999933828 0.6008333333233195 0.06874999999914062 0.10166666666497222
0 0.5493749999931328 0.7333333333211111 0.11874999999851561 0.1333333333311111
0 0.6218749999922265 0.6391666666560138 0.09374999999882812 0.1516666666641389
0 0.5812499999927343 0.5299999999911666 0.0399999999995 0.06666666666555555
0 0.5081249999936485 0.5083333333248611 0.031249999999609375 0.03999999999933333
0 0.6074999999924062 0.49999999999166667 0.029999999999625 0.053333333332444444
0 0.65999999999175 0.5441666666575972 0.06749999999915625 0.09833333333169444
0 0.7212499999909844 0.5791666666570139 0.07749999999903125 0.13499999999775
0 0.6937499999913281 0.4991666666583472 0.03249999999959375 0.038333333332694446
0 0.7618749999904765 0.5099999999915 0.028749999999640622 0.04666666666588889
0 0.7849999999901874 0.4391666666593472 0.027499999999656247 0.04166666666597222
0 0.8037499999899531 0.5416666666576389 0.0349999999995625 0.06333333333227778
0 0.8249999999896874 0.5183333333246944 0.027499999999656247 0.04999999999916667
0 0.8499999999893749 0.517499999991375 0.027499999999656247 0.051666666665805557
