0 0.029999999999454543 0.6987804877878346 0.05272727272631405 0.11951219511903628
0 0.023636363635933882 0.7780487804688281 0.04363636363557025 0.11219512194848305
0 0.05818181818076033 0.6109756097411957 0.0872727272711405 0.11951219511903628
0 0.4190909090832892 0.9121951219289708 0.18727272726932231 0.1756097560932778
0 0.16818181817876032 0.5780487804737061 0.06363636363520661 0.09268292682700774
0 0.21818181817785123 0.5682926829129684 0.05454545454446281 0.09268292682700774
0 0.18636363636024791 0.5195121951092802 0.05272727272631405 0.058536585364425936
0 0.20818181817803305 0.49634146340252827 0.045454545453719006 0.056097560974241525
0 0.09818181818003305 0.4670731707203153 0.02545454545408264 0.041463414633135035
0 0.11272727272522313 0.46219512193994644 0.021818181817785123 0.041463414633135035
0 0.12545454545226445 0.4499999999890244 0.0181818181814876 0.026829268292028554
0 0.14818181817912396 0.3792682926736764 0.016363636363338842 0.03170731707239738
0 0.174545454542281 0.37317073169821535 0.021818181817785123 0.034146341462581796
0 0.5581818181716693 0.3695121951129387 0.032727272726677685 0.056097560974241525
0 0.8854545454384463 0.2646341463350089 0.04363636363557025 0.060975609754610346
