0 0.06444444444301234 0.5283333333157222 0.06666666666518518 0.07666666666411111
0 0.12333333333059258 0.5333333333155555 0.055555555554320984 0.09333333333022223
0 0.20555555555098765 0.5333333333155555 0.05111111110997531 0.08666666666377779
0 0.11222222221972838 0.7483333333083889 0.09999999999777777 0.18333333332722224
0 0.31222222221528395 0.6266666666457777 0.08666666666474074 0.15333333332822222
0 0.35333333332548145 0.5783333333140556 0.06222222222083951 0.10999999999633334
0 0.39888888888002466 0.5533333333148889 0.05111111110997531 0.09333333333022223
0 0.428888888879358 0.5283333333157222 0.044444444443456785 0.07666666666411111
0 0.4799999999893333 0.3449999999885 0.04888888888780247 0.08333333333055556
0 0.45333333332325926 0.7549999999748334 0.11111111110864197 0.20333333332655557
0 0.5166666666551851 0.673333333310889 0.08666666666474074 0.13999999999533333
0 0.5333333333214815 0.5749999999808334 0.06666666666518518 0.09666666666344445
0 0.5622222222097284 0.5499999999816667 0.05777777777649382 0.08666666666377779
0 0.5477777777656049 0.49833333331672225 0.04666666666562963 0.06333333333122222
0 0.7977777777600493 0.5149999999828333 0.03999999999911111 0.07666666666411111
0 0.8477777777589383 0.5566666666481112 0.07777777777604938 0.119999999996
0 0.947777777756716 0.5299999999823334 0.05999999999866666 0.09333333333022223
0 0.9533333333121481 0.6616666666446112 0.06666666666518518 0.19666666666011112
