0 0.08749999999781251 0.5539033457043159 0.14999999999625002 0.23048327136689653
0 0.18124999999546876 0.4553903345555617 0.13249999999668752 0.17472118958458285
0 0.43499999998912503 0.4219330854861735 0.06999999999825 0.10780669144580644
0 0.4974999999875625 0.4330855018426362 0.09499999999762501 0.13754646839637374
0 0.5062499999873438 0.26022304831746385 0.0524999999986875 0.08921933085170189
0 0.6149999999846251 0.5204460966349277 0.09499999999762501 0.15613382899047829
0 0.7399999999815 0.5427509293478531 0.16999999999575 0.2750929367927475
0 0.8012499999799688 0.39962825277324804 0.047499999998812506 0.08550185873288096
0 0.8362499999790938 0.4014869888326585 0.0424999999989375 0.07434944237641823
0 0.9037499999774063 0.4460966542585094 0.0824999999979375 0.13382899627755282
0 0.9474999999763125 0.4052044609514794 0.054999999998625 0.08921933085170189
