0 0.06499999999891666 0.5250626566284445 0.09999999999833334 0.18295739347912388
0 0.33333333332777776 0.71679197993191 0.18333333333027776 0.3107769423481008
0 0.18999999999683334 0.8959899749148875 0.15666666666405554 0.20802005012009975
0 0.2749999999954167 0.47994987467468797 0.07999999999866667 0.13283208019717213
0 0.20833333332986112 0.5187969924682005 0.059999999999 0.10025062656390349
0 0.3616666666606389 0.5350877192848349 0.06666666666555555 0.10776942355619626
0 0.3833333333269444 0.4974937343233711 0.04333333333261111 0.08270676691522039
0 0.5008333333249861 0.25313283207385634 0.051666666665805557 0.09523809523570832
0 0.5366666666577222 0.3922305764312724 0.04333333333261111 0.08270676691522039
0 0.5883333333235278 0.5062656641477127 0.059999999999 0.08521303257931798
0 0.539999999991 0.6115288220398113 0.06333333333227778 0.1203007518766842
0 0.6016666666566389 0.6854636591306902 0.08333333333194444 0.14786967418175764
0 0.5033333333249445 0.8972431077469363 0.13999999999766666 0.20551378445600216
0 0.787499999986875 0.7681704260459106 0.17499999999708332 0.3182957393403936
0 0.727499999987875 0.5664160400860547 0.07833333333202777 0.13032581453307454
0 0.7058333333215694 0.4223057644004435 0.04499999999925 0.08270676691522039
0 0.8149999999864167 0.23433583959312443 0.04999999999916667 0.06766917293063486
0 0.8374999999860416 0.5112781954759078 0.051666666665805557 0.09523809523570832
0 0.9041666666515972 0.4974937343233711 0.05499999999908333 0.09273182957161073
0 0.8899999999851667 0.5964912280552258 0.07333333333211112 0.11528822054848901
0 0.9533333333174444 0.6867167919627389 0.09333333333177778 0.2355889724251732
0 0.9474999999842083 0.48621553883493196 0.04166666666597222 0.0802005012511228
0 0.6391666666560138 0.4035087719197116 0.04499999999925 0.0802005012511228
