0 0.88799999998224 0.43975903613133255 0.04399999999912 0.06626506023896792
0 0.6549999999869 0.6234939758848345 0.0299999999994 0.05421686746824648
0 0.6009999999879799 0.5828313252836496 0.025999999999479998 0.03915662650484468
0 0.58299999998834 0.5722891566092684 0.025999999999479998 0.048192771082885756
0 0.49799999999003997 0.6249999999811746 0.03199999999936 0.05722891566092683
0 0.45199999999095997 0.6551204819079782 0.051999999998959996 0.08132530120236971
0 0.45499999999089996 0.6129518072104532 0.037999999999239996 0.05722891566092683
0 0.49199999999016 0.576807228898289 0.019999999999599997 0.03915662650484468
0 0.5219999999895599 0.5753012048019487 0.019999999999599997 0.03614457831216432
0 0.43799999999124 0.5647590361275675 0.01599999999968 0.02710843373412324
0 0.40899999999181996 0.5933734939580309 0.0299999999994 0.042168674697525034
0 0.37899999999242 0.6234939758848345 0.03399999999932 0.07228915662432864
0 0.35999999999279997 0.5873493975726701 0.03199999999936 0.048192771082885756
0 0.34999999999299997 0.5512048192605058 0.02399999999952 0.03614457831216432
0 0.3549999999929 0.719879518050606 0.05799999999884 0.08433734939505007
0 0.2849999999943 0.628012048173855 0.04599999999908 0.075301204817009
0 0.30199999999396 0.5963855421507113 0.02399999999952 0.048192771082885756
0 0.30899999999382 0.5662650602239077 0.02199999999956 0.03614457831216432
0 0.30399999999391997 0.5527108433568461 0.019999999999599997 0.03313253011948396
0 0.28299999999434 0.5496987951641656 0.02199999999956 0.03313253011948396
0 0.26099999999477996 0.576807228898289 0.02199999999956 0.03915662650484468
0 0.24199999999516 0.5481927710678255 0.02399999999952 0.048192771082885756
0 0.22599999999547998 0.5301204819117433 0.019999999999599997 0.03614457831216432
0 0.1949999999961 0.5240963855263826 0.01799999999964 0.03614457831216432
0 0.21199999999576 0.5828313252836496 0.03199999999936 0.045180722890205395
0 0.16099999999678 0.6656626505823595 0.04599999999908 0.08433734939505007
0 0.15399999999692 0.5813253011873094 0.04799999999904 0.07228915662432864
0 0.18399999999632 0.5602409638385469 0.02799999999944 0.048192771082885756
0 0.17799999999644 0.5346385542007639 0.019999999999599997 0.03313253011948396
0 0.1099999999978 0.5617469879348871 0.039999999999199995 0.05722891566092683
0 0.10399999999791999 0.5301204819117433 0.02399999999952 0.048192771082885756
0 0.06599999999868 0.5316265060080835 0.02399999999952 0.03915662650484468
0 0.05599999999888 0.5722891566092684 0.03199999999936 0.05421686746824648
0 0.03699999999926 0.5346385542007639 0.02199999999956 0.03915662650484468
0 0.026999999999459998 0.6355421686555559 0.049999999999 0.08433734939505007
