0 0.03226837060692566 0.4659154929551216 0.042172523961526605 0.0833802816896711
0 0.1233226837056763 0.6169014084472287 0.08817891373773745 0.16788732394271613
0 0.21837060702805633 0.5484507042222623 0.06038338658127673 0.101971830985341
0 0.24440894568612012 0.5067605633774267 0.042811501597307317 0.0749295774643666
0 0.27971246006300415 0.45521126760306924 0.034824281150048486 0.05521126760532275
0 0.40942492012648746 0.2526760563366046 0.029712460063802838 0.059154929577131525
0 0.47428115015822914 0.46816901408186945 0.04057507987207484 0.06873239436580995
0 0.5035143769951965 0.5121126760534529 0.0415335463257459 0.0833802816896711
0 0.4718849840240515 0.6194366197148201 0.07156549520743909 0.09633802816847134
0 0.49249201277797927 0.73183098591137 0.09169329073453134 0.18253521126657726
0 0.6343450479212961 0.4377464788707733 0.029712460063802838 0.07098591549255782
0 0.6591054313077984 0.4369014084482428 0.03194888178903531 0.0647887323940012
0 0.7209265175695817 0.501690140842244 0.050159744408785435 0.09408450704172347
0 0.824281150157111 0.5459154929546709 0.07092651757165838 0.13070422535137632
0 0.7993610223616634 0.41408450703992067 0.037699680511061665 0.07098591549255782
0 0.8680511182080893 0.4442253521101734 0.037699680511061665 0.07718309859111447
0 0.8916932907319755 0.40197183098365086 0.04025559105418449 0.07380281690099266
0 0.9503194888148553 0.4732394366170522 0.06038338658127673 0.1002816901402801
0 0.9805111821054936 0.4374647887299298 0.038977635782623074 0.09746478873184528
