0 0.17999999999639998 0.8258258258010261 0.13599999999728 0.20420420419807192
0 0.10299999999793999 0.5600600600432414 0.0699999999986 0.10510510510194879
0 0.18499999999629999 0.36486486485390796 0.04199999999916 0.06306306306116927
0 0.23299999999534 0.3753753753641028 0.037999999999239996 0.05405405405243081
0 0.24899999999501998 0.3318318318218669 0.03399999999932 0.039039039037866693
0 0.30399999999391997 0.3453453453349746 0.02799999999944 0.04804804804660516
0 0.35199999999296 0.3423423423320618 0.02799999999944 0.05405405405243081
0 0.37399999999252 0.3963963963844926 0.03199999999936 0.0660660660640821
0 0.41299999999174 0.4684684684544003 0.0699999999986 0.11411411411068725
0 0.4299999999914 0.397897897885949 0.0599999999988 0.07507507507282056
0 0.41599999999167997 0.34084084083060534 0.03599999999928 0.05705705705534363
0 0.44399999999112 0.2642642642563284 0.02399999999952 0.04204204204077951
0 0.49299999999014 0.3423423423320618 0.03399999999932 0.07207207206990773
0 0.5649999999887 0.3288288288189541 0.04599999999908 0.06306306306116927
0 0.57799999998844 0.38138138136992844 0.051999999998959996 0.09009009008738468
0 0.6279999999874399 0.3498498498393438 0.04799999999904 0.08708708708447185
0 0.6299999999874 0.29879879878982585 0.03599999999928 0.05705705705534363
0 0.72799999998544 0.3168168168073028 0.03599999999928 0.05705705705534363
0 0.5749999999884999 0.584084084066544 0.10599999999788 0.1591591591543796
0 0.74799999998504 0.4129129129005131 0.051999999998959996 0.11111111110777443
0 0.7799999999844 0.3633633633524515 0.05599999999888 0.08408408408155903
0 0.89199999998216 0.4549549549412926 0.08799999999824 0.14114114113690265
0 0.95199999998096 0.3753753753641028 0.06399999999872 0.10810810810486161
0 0.80199999998396 0.5825825825650875 0.12399999999752 0.18018018017476936
