0 0.09458333333254515 0.41792929291873915 0.05749999999952084 0.19949494948991173
0 0.03416666666638195 0.2878787878715182 0.04666666666627778 0.17171717171283543
0 0.09749999999918751 0.21464646464104428 0.051666666666236115 0.1666666666624579
0 0.019583333333170142 0.09090909090679522 0.029166666666423615 0.1212121212090603
0 0.19499999999837503 0.06060606060453015 0.029999999999750004 0.10606060605792776
0 0.3333333333305556 0.05934343434193577 0.04166666666631945 0.11363636363349403
0 0.15999999999866668 0.6439393939231328 0.06666666666611112 0.22222222221661053
0 0.2491666666645903 0.4936868686744018 0.06499999999945834 0.20454545454028925
0 0.484166666662632 0.35984848483939774 0.08833333333259723 0.3055555555478395
0 0.677083333327691 0.38383838382869095 0.04583333333295139 0.2020202020151005
0 0.6624999999944792 0.27398989898298004 0.04833333333293056 0.1439393939357591
0 0.6329166666613925 0.16540404039986353 0.040833333332993056 0.15404040403651412
0 0.634166666661382 0.08712121211901208 0.03833333333301389 0.11363636363349403
0 0.604166666661632 0.06060606060453015 0.034999999999708334 0.10606060605792776
0 0.7429166666604757 0.22095959595401615 0.040833333332993056 0.15909090908689164
0 0.709166666660757 0.12247474747165467 0.03999999999966667 0.14898989898613663
0 0.7616666666603195 0.06818181818009642 0.029999999999750004 0.09595959595717274
0 0.8433333333263057 0.19823232322731735 0.03999999999966667 0.14898989898613663
0 0.8816666666593195 0.2373737373677431 0.04333333333297223 0.14141414141057035
0 0.8179166666598507 0.37878787877831344 0.042499999999645835 0.17171717171283543
0 0.8595833333261702 0.10732323232052214 0.029166666666423615 0.12373737373424905
0 0.9454166666587883 0.12626262625943782 0.03583333333303473 0.15151515151132536
0 0.9291666666589237 0.0404040404030201 0.028333333333097226 0.07575757575566268
0 0.9808333333251598 0.08333333333122896 0.03833333333301389 0.11111111110830527
0 0.8279166666597675 0.7095959595780404 0.08749999999927084 0.3030303030226507
0 0.9024999999924792 0.8888888888664421 0.10666666666577779 0.22222222221661053
0 0.9624999999919792 0.5858585858437915 0.06666666666611112 0.2575757575692531
