0 0.037499999999062505 0.6372180450888264 0.0599999999985 0.10150375939468032
0 0.034999999999125 0.5695488721590395 0.039999999999 0.05639097744148906
0 0.0274999999993125 0.5225563909577986 0.034999999999125 0.05263157894538979
0 0.04999999999875 0.5244360902058482 0.024999999999375 0.04887218044929052
0 0.12374999999690625 0.7312030074913082 0.07749999999806251 0.14661654134787155
0 0.11124999999721875 0.5545112781746424 0.0324999999991875 0.05639097744148906
0 0.09874999999753126 0.5187969924616994 0.0224999999994375 0.037593984960992706
0 0.11874999999703126 0.5150375939656001 0.0274999999993125 0.04511278195319125
0 0.15124999999621877 0.5469924811824439 0.037499999999062505 0.0639097744336876
0 0.17374999999565627 0.5056390977253519 0.0274999999993125 0.04887218044929052
0 0.20374999999490626 0.49060150374095485 0.0224999999994375 0.033834586464893436
0 0.23124999999421877 0.5263157894538979 0.0324999999991875 0.04511278195319125
0 0.2812499999929688 0.6578947368173724 0.0724999999981875 0.12030075187517666
0 0.2599999999935 0.5808270676473374 0.039999999999 0.04887218044929052
0 0.27124999999321875 0.5319548871980468 0.0274999999993125 0.041353383457091976
0 0.2424999999939375 0.48496240599680596 0.014999999999625 0.030075187968794166
0 0.26874999999328125 0.4924812029890045 0.0224999999994375 0.037593984960992706
0 0.2812499999929688 0.4699248120124088 0.0224999999994375 0.030075187968794166
0 0.2937499999926563 0.4830827067487563 0.0224999999994375 0.033834586464893436
0 0.319999999992 0.535714285694146 0.039999999999 0.05639097744148906
0 0.3262499999918438 0.49060150374095485 0.0274999999993125 0.041353383457091976
0 0.34874999999128126 0.5112781954695008 0.0274999999993125 0.04511278195319125
0 0.374999999990625 0.520676691709749 0.024999999999375 0.041353383457091976
0 0.35874999999103124 0.48496240599680596 0.0224999999994375 0.030075187968794166
0 0.38874999999028126 0.5657894736629403 0.0524999999986875 0.0639097744336876
0 0.42874999998928126 0.5131578947175505 0.0274999999993125 0.041353383457091976
0 0.4174999999895625 0.49060150374095485 0.024999999999375 0.033834586464893436
0 0.38749999999031254 0.479323308252657 0.024999999999375 0.041353383457091976
0 0.4474999999888125 0.4830827067487563 0.0199999999995 0.033834586464893436
0 0.46999999998825004 0.479323308252657 0.0199999999995 0.033834586464893436
0 0.494999999987625 0.4887218044929052 0.0199999999995 0.037593984960992706
0 0.47374999998815626 0.5451127819343943 0.0324999999991875 0.06766917292978687
0 0.5074999999873125 0.5338345864460965 0.034999999999125 0.04511278195319125
0 0.5274999999868125 0.4887218044929052 0.0199999999995 0.037593984960992706
0 0.5537499999861563 0.4981203007331534 0.0274999999993125 0.04887218044929052
0 0.6124999999846875 0.4924812029890045 0.024999999999375 0.04511278195319125
0 0.6362499999840938 0.47180451126045847 0.0274999999993125 0.041353383457091976
0 0.8574999999785625 0.3176691729203884 0.064999999998375 0.09398496240248178
