0 0.06786151960763523 0.45710784313538766 0.04319852941163235 0.07352941176440551
0 0.1274509803917664 0.5790441176446934 0.04411764705868836 0.06658496731998945
0 0.10156249999968883 0.5792483660107057 0.028492647058736234 0.05882352941152442
0 0.07689950980368597 0.5720996732002774 0.03431372549009095 0.06249999999974469
0 0.11504289215651028 0.638888888886279 0.0566789215684538 0.07843137254869922
0 0.1519607843132599 0.6911764705854119 0.06801470588214456 0.08741830065323768
0 0.20128676470526566 0.7689950980360744 0.09926470588204882 0.1376633986922481
0 0.17846200980337482 0.9162581699308977 0.14491421568583052 0.1674836601300348
0 0.49264705882202003 0.8946078431336005 0.11580882352905696 0.1772875816986222
0 0.3728553921557204 0.7111928104546111 0.08517156862719004 0.12581699346353833
0 0.29687499999909045 0.675857843134494 0.06801470588214456 0.0968137254898006
0 0.24693627450904737 0.6417483660104504 0.04840686274494973 0.07679738562060132
0 0.22794117646988987 0.5972222222197826 0.03737745098027764 0.05882352941152442
0 0.20435049019545234 0.5678104575140204 0.037990196078314976 0.06372549019581812
0 0.21400122548954043 0.528799019605683 0.03216911764696027 0.04370915032661884
0 0.25628063725411676 0.5349264705860501 0.025428921568549544 0.03799019607827619
0 0.2656249999991862 0.5553513071872739 0.02634803921560555 0.042892156862569884
0 0.2913602941167544 0.5647467320238369 0.03737745098027764 0.06168300653569574
0 0.3497242647048109 0.56229575163169 0.04197303921555768 0.07475490196047894
0 0.4220281862732168 0.5627042483637145 0.038909313725370986 0.05759803921545099
0 0.4747242647044279 0.5841503267949995 0.039522058823408326 0.06862745098011182
0 0.46063112744956913 0.5145016339848264 0.029105392156773574 0.04697712418281464
0 0.5078124999984441 0.5426879084945152 0.038296568627333646 0.05759803921545099
0 0.5203737745082097 0.6011029411740151 0.05177696078415509 0.06658496731998945
0 0.5540747549002633 0.5651552287558613 0.03523284313714696 0.05269607843115729
0 0.5629595588218046 0.5228758169913281 0.02604166666658688 0.049836601306985966
0 0.6309742647039492 0.5412581699324295 0.04136029411752034 0.05473856209127966
0 0.6351102941157012 0.5882352941152441 0.04166666666653901 0.05882352941152442
0 0.6228553921549544 0.6188725490170798 0.054534313725323115 0.07679738562060132
0 0.7722120098015557 0.688725490193265 0.08118872548994734 0.10294117647016773
0 0.7429534313702728 0.6060049019583088 0.054534313725323115 0.08455882352906635
0 0.7403492647036141 0.5447303921546376 0.03584558823518429 0.05187908496710834
0 0.735294117644806 0.5163398692789365 0.026960784313642887 0.04656862745079016
0 0.6893382352920057 0.5337009803899767 0.03063725490186692 0.04370915032661884
0 0.6753982843116563 0.5138888888867897 0.02236519607836285 0.03594771241815381
0 0.6593137254881761 0.5488153594748824 0.024509803921493534 0.03390522875803143
0 0.7749693627427238 0.5322712418278911 0.025428921568549544 0.04901960784293701
0 0.7625612745074676 0.5069444444423736 0.020220588235232168 0.03758169934625171
0 0.7961090686250119 0.5663807189519348 0.03216911764696027 0.05678104575140204
0 0.8077512254877213 0.5482026143768456 0.02971813725481091 0.04656862745079016
0 0.8347120098013642 0.5145016339848264 0.028492647058736234 0.05269607843115729
0 0.8563112745071804 0.528799019605683 0.031249999999904257 0.05187908496710834
0 0.8880208333306127 0.5667892156839592 0.03339460784303494 0.06168300653569574
0 0.8996629901933221 0.5273692810435974 0.0327818627449976 0.04493464052269226
0 0.9459252450951411 0.5437091503245763 0.0327818627449976 0.058006535947475464
0 0.9238664215657969 0.5894607843113175 0.04258578431359502 0.06781045751606286
0 0.9131433823501435 0.6478758169908175 0.06587009803901388 0.09885620914992298
0 0.9702818627421254 0.7704248365981601 0.05882352941158449 0.1462418300647621
