0 0.8824999999852916 0.2531806615711659 0.05499999999908333 0.09414758269480542
0 0.46249999999229163 0.38295165393427605 0.03166666666613889 0.05343511450245712
0 0.3866666666602222 0.394402035613374 0.03999999999933333 0.06615776081256597
0 0.3508333333274861 0.38167938930326517 0.024999999999583335 0.05597964376447889
0 0.2949999999950833 0.4122137404475264 0.03999999999933333 0.05597964376447889
0 0.2858333333285694 0.37277353688618897 0.02833333333286111 0.043256997454370054
0 0.2099999999965 0.3880407124583196 0.03666666666605556 0.05852417302650066
0 0.112499999998125 0.37786259541023254 0.02833333333286111 0.033078880406282984
0 0.1458333333309028 0.6106870228852243 0.1483333333308611 0.2137404580098285
0 0.02083333333298611 0.4681933842120053 0.038333333332694446 0.11704834605300132
0 0.06249999999895833 0.39821882950640664 0.034999999999416664 0.048346055978413585
0 0.01666666666638889 0.3804071246722543 0.023333333332944444 0.05343511450245712
