0 0.04200988467805585 0.4640449438097967 0.03789126853314841 0.060674157302007314
0 0.0840197693561117 0.6213483145927786 0.06919275123444493 0.0921348314586037
0 0.17957166391796422 0.6213483145927786 0.06589785831851898 0.09662921348097461
0 0.1350906095529639 0.504494382011135 0.03953871499111139 0.06516853932437823
0 0.11285008237046375 0.46966292133776033 0.03789126853314841 0.04943820224608003
0 0.19522240526861248 0.45168539324827667 0.02471169686944462 0.04943820224608003
0 0.23393739703074237 0.4730337078545385 0.036243822075185436 0.05168539325726549
0 0.26606260296102036 0.499999999988764 0.03789126853314841 0.04719101123489458
0 0.26606260296102036 0.5561797752684003 0.04118616144907436 0.060674157302007314
0 0.30724876441009474 0.5831460674026259 0.034596375617222466 0.06966292134674915
0 0.2652388797320389 0.6561797752661532 0.04942339373888924 0.07640449438030551
0 0.3492586490881506 0.6134831460536295 0.05601317957074113 0.09887640449216006
0 0.4126853377197251 0.5730337078522914 0.04118616144907436 0.06292134831319277
0 0.3097199340970392 0.4674157303265749 0.029654036243333542 0.04943820224608003
0 0.3682042833547248 0.45280898875386943 0.028006589785370566 0.04719101123489458
0 0.4019769357429658 0.4606741572930185 0.026359143327407592 0.04494382022370912
0 0.42833607907037335 0.5011235954943567 0.029654036243333542 0.05393258426845095
0 0.4967051070758368 0.4865168539216513 0.028006589785370566 0.056179775279636406
0 0.5436573311277816 0.4640449438097967 0.026359143327407592 0.05168539325726549
0 0.5609555189363928 0.5067415730223204 0.034596375617222466 0.05168539325726549
0 0.5658978583102817 0.5573033707739932 0.03789126853314841 0.05393258426845095
0 0.5996705106985227 0.5752808988634768 0.029654036243333542 0.06741573033556368
0 0.6285008237128747 0.5505617977404368 0.034596375617222466 0.05842696629082186
0 0.5963756177825967 0.504494382011135 0.03294892915925949 0.05168539325726549
0 0.5988467874695412 0.46516853931538943 0.02471169686944462 0.0359550561789673
0 0.6721581548488936 0.44269662920353486 0.03294892915925949 0.04943820224608003
0 0.6886326194285234 0.5235955056062113 0.036243822075185436 0.05393258426845095
0 0.6647446457880603 0.6123595505480368 0.04777594728092626 0.0876404494362328
0 0.7306425041065792 0.5853932584138113 0.044481054365000314 0.06966292134674915
0 0.7174629324428754 0.45168539324827667 0.03130148270129651 0.04943820224608003
0 0.7784184513875054 0.4887640449328367 0.03789126853314841 0.060674157302007314
0 0.8220757825235243 0.46966292133776033 0.026359143327407592 0.04494382022370912
0 0.8278418451263947 0.5348314606621386 0.04118616144907436 0.05842696629082186
0 0.7973640856540797 0.6337078651542987 0.06260296540259302 0.10337078651453098
0 0.9522240527025992 0.623595505603964 0.059308072486667085 0.10112359550334553
0 0.8879736408420432 0.5404494381901022 0.029654036243333542 0.056179775279636406
0 0.939868204267877 0.5280898876285822 0.03789126853314841 0.04943820224608003
0 0.907742998337599 0.46516853931538943 0.023064250411481642 0.0359550561789673
0 0.8665568368885246 0.47078651684335304 0.023064250411481642 0.04719101123489458
