0 0.25014116318322904 0.6224899598331075 0.03274985883663044 0.06827309236879243
0 0.31564088085648995 0.6049196787087859 0.03387916431375563 0.07128514056153328
0 0.3901750423467523 0.6234939758973544 0.03387916431375563 0.07228915662578023
0 0.4531338226964815 0.6179718875439962 0.027667984189567098 0.0612449799190638
0 0.5141163184612416 0.6280120481864657 0.029926595143817472 0.06325301204755769
0 0.5742518351181579 0.6229919678652309 0.03839638622225638 0.06927710843303939
0 0.6414455110071066 0.641064257021676 0.02823263692812969 0.06927710843303939
0 0.6914172783698961 0.6445783132465404 0.029926595143817472 0.07228915662578023
0 0.7515527950268124 0.621987951800984 0.031620553359505255 0.06927710843303939
0 0.8060417842981027 0.6139558232870084 0.037831733483693786 0.06325301204755769
0 0.7453416149026239 0.5105421686695728 0.04178430265363194 0.07530120481852107
0 0.7487295313339993 0.42570281124070575 0.02823263692812969 0.06224899598331075
0 0.6685488424581111 0.5235943775047831 0.03387916431375563 0.0612449799190638
0 0.6245059288502287 0.5015060240913503 0.03274985883663044 0.0652610441760516
0 0.5519480519449355 0.5090361445732025 0.03557312252944341 0.06626506024029853
0 0.4929418407651444 0.48845381525613996 0.03387916431375563 0.0652610441760516
0 0.43365330321607204 0.5085341365410789 0.031620553359505255 0.059236947790569906
0 0.36053077357221613 0.5120481927659433 0.03331451157519304 0.06024096385481685
0 0.3012422360231438 0.52459839356903 0.029926595143817472 0.055220883533582114
0 0.24957651044466647 0.535140562243623 0.04065499717650675 0.06626506024029853
0 0.291925465836861 0.43172690762618743 0.02823263692812969 0.06024096385481685
0 0.35093167701665207 0.4417670682686569 0.029926595143817472 0.052208835340841274
0 0.4020327498565668 0.4236947791122119 0.025974025973879315 0.05421686746933517
0 0.4627329192520456 0.42971887549769355 0.02202145680394116 0.06425702811180464
0 0.5208921513239928 0.3965863453775443 0.026538678712441907 0.05421686746933517
0 0.5731225296410327 0.43574297188317523 0.030491247882380064 0.05622489959782906
0 0.6259175606966352 0.42821285140132315 0.026538678712441907 0.0612449799190638
0 0.6871823828306767 0.41616465863035973 0.030491247882380064 0.06927710843303939
