0 0.05898437499953919 0.5351288056143427 0.022656249999823 0.04918032786827658
0 0.10351562499919129 0.531615925052323 0.02421874999981079 0.04683840749359674
0 0.1457031249988617 0.5298594847713132 0.030468749999761964 0.04566744730625682
0 0.19218749999849855 0.5345433255206729 0.023437499999816896 0.040983606556897145
0 0.24335937499809876 0.5380562060826926 0.030468749999761964 0.04800936768093666
0 0.2921874999977173 0.5421545667383822 0.021874999999829104 0.042154566744237065
0 0.33398437499739075 0.5421545667383822 0.025781249999798587 0.03747072599487739
0 0.3914062499969422 0.531615925052323 0.02656249999979248 0.03981264636955723
0 0.4449218749965241 0.532201405145993 0.025781249999798587 0.043325526931576985
0 0.5015624999960816 0.5199063231789238 0.028124999999780274 0.04683840749359674
0 0.5718749999955323 0.5251756440219535 0.028124999999780274 0.05269320843029633
0 0.6414062499949891 0.5193208430852538 0.031249999999755862 0.05503512880497617
0 0.7113281249944428 0.532201405145993 0.03359374999973755 0.06440281030369552
0 0.777734374993924 0.5240046838346135 0.03203124999974976 0.04800936768093666
0 0.8437499999934083 0.5392271662700324 0.03437499999973145 0.05269320843029633
0 0.9683593749924347 0.5251756440219535 0.03828124999970093 0.06206088992901568
0 0.14960937499883117 0.8653395784441997 0.08359374999934693 0.1381733021061104
