0 0.04492187499964905 0.6276346604141964 0.061718749999517826 0.09133489461251364
0 0.061718749999517826 0.5673302107661905 0.04374999999965821 0.0690866510530552
0 0.03203124999974976 0.5105386416802045 0.03437499999973145 0.060889929741675765
0 0.05195312499959412 0.49882903980680526 0.022656249999823 0.04683840749359674
0 0.08828124999931031 0.49882903980680526 0.02499999999980469 0.04683840749359674
0 0.12890624999899292 0.5403981264573724 0.031249999999755862 0.04566744730625682
0 0.15742187499877014 0.5327868852396629 0.02734374999978638 0.05152224824295641
0 0.11132812499913025 0.6375878220065856 0.07109374999944458 0.11358313817197209
0 0.21328124999833376 0.57435597189023 0.040624999999682616 0.06206088992901568
0 0.2226562499982605 0.5380562060826926 0.028124999999780274 0.04800936768093666
0 0.2636718749979401 0.5696721311408703 0.03828124999970093 0.06206088992901568
0 0.3316406249974091 0.617681498821807 0.04921874999961548 0.08079625292645437
0 0.3132812499975525 0.5813817330142695 0.02968749999976807 0.04566744730625682
0 0.3308593749974152 0.560304449642151 0.02421874999981079 0.04800936768093666
0 0.36640624999713745 0.57552693207757 0.021874999999829104 0.040983606556897145
0 0.40351562499684757 0.6270491803205264 0.041406249999676514 0.07142857142773502
0 0.42929687499664615 0.6153395784471272 0.02734374999978638 0.057377049179656005
0 0.4246093749966828 0.5802107728269296 0.02734374999978638 0.0503512880556165
0 0.39687499999689946 0.5848946135762892 0.02968749999976807 0.043325526931576985
0 0.5933593749953644 0.46604215456128756 0.02890624999977417 0.042154566744237065
0 0.5335937499958313 0.617681498821807 0.04687499999963379 0.08313817330113421
0 0.5050781249960541 0.6159250585407972 0.030468749999761964 0.06791569086571528
0 0.5531249999956788 0.8565573770391504 0.10781249999915772 0.2096018735338454
0 0.5972656249953339 0.661007025753384 0.041406249999676514 0.08313817330113421
0 0.6535156249948945 0.6305620608825461 0.039843749999688725 0.06674473067837536
0 0.8460937499933899 0.7675644028013165 0.08593749999932862 0.1393442622934503
0 0.9042968749929352 0.9262295081858756 0.1148437499991028 0.1451990632301499
0 0.9410156249926483 0.8091334894518837 0.06953124999945678 0.11007025760995234
