0 7950000000.0 13200000000.0 4100000000.0 5000000000.0
0 28050000000.0 12600000000.0 3900000000.0 4400000000.0
0 37050000000.0 14300000000.0 4100000000.0 4600000000.0
0 34950000000.0 27400000000.0 13900000000.0 11200000000.0
0 49950000000.0 14800000000.0 4500000000.0 4600000000.0
0 60700000000.0 15450000000.0 4600000000.0 5500000000.0
0 74100000000.0 26250000000.0 11000000000.0 10300000000.0
0 73650000000.0 16500000000.0 5300000000.0 5400000000.0
0 85350000000.0 24100000000.0 8300000000.0 8800000000.0
0 88950000000.0 19400000000.0 7700000000.0 7000000000.0
0 87250000000.0 15300000000.0 6100000000.0 5800000000.0
