0 0.1123076923059645 0.5024813895656952 0.11692307692127811 0.24069478907591327
0 0.04923076923001184 0.6712158808766447 0.09538461538314794 0.4392059553240891
0 0.08076923076798817 0.28784119105985506 0.04153846153782249 0.07444168734306596
0 0.45076923076229586 0.45037220842554904 0.11999999999815385 0.21091811413868689
0 0.579230769221858 0.3709677419262787 0.09384615384471007 0.18610421835766489
0 0.7415384615270533 0.15508684863138741 0.06461538461439054 0.12158808932700774
0 0.8707692307558343 0.13523573200656983 0.06461538461439054 0.10669975185839453
0 0.9007692307553729 0.2071960297715336 0.06307692307595267 0.12655086848321212
0 0.863076923063645 0.524813895768615 0.1938461538431716 0.3895781637620452
0 0.9738461538311717 0.1823821339905116 0.052307692306887574 0.13151364763941653
