0 0.23090909090489253 0.6178082191611559 0.06545454545335537 0.09041095890163257
0 0.3454545454482644 0.6205479451884781 0.0727272727259504 0.10684931506556578
0 0.20363636363266113 0.5726027397103396 0.06545454545335537 0.08767123287431038
0 0.1372727272702314 0.5575342465600676 0.04181818181742149 0.057534246573766185
0 0.31181818181251236 0.5410958903961344 0.045454545453719006 0.07397260273769939
0 0.3072727272671405 0.48356164382236816 0.0363636363629752 0.057534246573766185
0 0.37181818181142146 0.5452054794371176 0.04181818181742149 0.07671232876502158
0 0.4254545454468099 0.5698630136830174 0.03999999999927272 0.08219178081966598
0 0.46454545453700824 0.5835616438196284 0.049090909090016524 0.08219178081966598
0 0.5218181818086942 0.6054794520382061 0.05818181818076033 0.08219178081966598
0 0.5018181818090578 0.49863013697264025 0.03999999999927272 0.07123287671037717
0 0.46454545453700824 0.5013698629999624 0.030909090908528922 0.049315068491799584
0 0.43454545453755367 0.521917808204879 0.029090909090380163 0.05205479451912179
0 0.40454545453809915 0.5054794520409458 0.030909090908528922 0.046575342464477386
0 0.5672727272624132 0.46986301368575717 0.02545454545408264 0.04109589040983299
0 0.583636363625752 0.5287671232731844 0.02545454545408264 0.05479452054644399
0 0.6209090908978017 0.549315068478101 0.04181818181742149 0.07397260273769939
0 0.6045454545344627 0.48082191779504596 0.030909090908528922 0.05205479451912179
0 0.7181818181687603 0.47123287669941827 0.0363636363629752 0.06575342465573278
0 0.7763636363495207 0.5684931506693564 0.061818181817057845 0.10136986301092137
0 0.8472727272573223 0.5712328766966785 0.05454545454446281 0.08493150684698818
0 0.8236363636213884 0.5410958903961344 0.0363636363629752 0.05205479451912179
0 0.810909090894347 0.49589041094531805 0.0363636363629752 0.06027397260108838
0 0.7799999999858181 0.47397260272674047 0.0363636363629752 0.07123287671037717
0 0.8690909090751073 0.5287671232731844 0.029090909090380163 0.049315068491799584
0 0.9163636363469752 0.5547945205327454 0.047272727271867765 0.07945205479234378
0 0.947272727255504 0.5273972602595234 0.032727272726677685 0.07945205479234378
0 0.9863636363457025 0.5602739725873898 0.027272727272231404 0.07397260273769939
