0 0.2274999999943125 0.6799999999773334 0.034999999999125 0.059999999998
0 0.13624999999659376 0.6183333333127222 0.0274999999993125 0.04333333333188889
0 0.26124999999346876 0.6499999999783334 0.0524999999986875 0.06666666666444444
0 0.3362499999915938 0.6916666666436111 0.0224999999994375 0.03666666666544444
0 0.35249999999118753 0.7049999999765 0.024999999999375 0.03666666666544444
0 0.38624999999034376 0.6949999999768334 0.0224999999994375 0.04333333333188889
0 0.4112499999897188 0.6783333333107222 0.0324999999991875 0.049999999998333336
0 0.46249999998843755 0.6566666666447778 0.039999999999 0.05333333333155556
0 0.439999999989 0.6783333333107222 0.02999999999925 0.049999999998333336
0 0.50999999998725 0.6883333333103889 0.024999999999375 0.03666666666544444
0 0.5387499999865313 0.6866666666437778 0.0274999999993125 0.05333333333155556
0 0.5937499999851563 0.6816666666439445 0.0324999999991875 0.049999999998333336
0 0.6512499999837188 0.6599999999780001 0.0424999999989375 0.059999999998
0 0.7074999999823125 0.689999999977 0.039999999999 0.059999999998
0 0.7762499999805937 0.6816666666439445 0.037499999999062505 0.05666666666477778
0 0.8412499999789688 0.6949999999768334 0.0324999999991875 0.05666666666477778
0 0.90999999997725 0.6916666666436111 0.039999999999 0.06333333333122222
0 0.4612499999884688 0.9099999999696667 0.1224999999969375 0.11333333332955556
0 0.839999999979 0.9216666666359444 0.09499999999762501 0.12333333332922222
