0 0.031249999999565972 0.4027777777703189 0.05694444444365355 0.09814814814633058
0 0.14027777777582948 0.46574074073211585 0.09722222222087192 0.13888888888631687
0 0.18611111110852624 0.39907407406668377 0.05277777777704475 0.08703703703542523
0 0.09513888888756752 0.2685185185135459 0.04027777777721837 0.05925925925816186
0 0.2312499999967882 0.3407407407344307 0.026388888888522376 0.03703703703635117
0 0.27152777777400655 0.3499999999935185 0.031944444444000776 0.051851851850891625
0 0.29930555555139854 0.3277777777717078 0.031944444444000776 0.048148148147256514
0 0.270138888885137 0.43611111110303497 0.07083333333234954 0.1018518518499657
0 0.3944444444389661 0.48425925925029145 0.09444444444313271 0.14259259258995197
0 0.3583333333283565 0.36574074073396773 0.04166666666608797 0.057407407406344306
0 0.3624999999949653 0.3361111111048868 0.030555555555131175 0.035185185184533604
0 0.40069444443887925 0.3499999999935185 0.037499999999479165 0.0666666666654321
0 0.4611111111047068 0.3527777777712448 0.04999999999930556 0.08703703703542523
0 0.5076388888818384 0.3527777777712448 0.04027777777721837 0.06851851851724965
0 0.5965277777694927 0.4027777777703189 0.062499999999131944 0.09814814814633058
0 0.5666666666587963 0.35555555554897117 0.04722222222156636 0.07407407407270233
0 0.661111111101929 0.3537037036971536 0.038888888888348766 0.06296296296179697
0 0.6909722222126254 0.40462962962213644 0.05694444444365355 0.08333333333179012
0 0.7243055555454958 0.36481481480805894 0.037499999999479165 0.06296296296179697
0 0.7611111111005402 0.3629629629562414 0.038888888888348766 0.07037037036906721
0 0.7673611111004534 0.4388888888807613 0.08472222222104553 0.11481481481268861
0 0.8472222222104553 0.3694444444376029 0.03611111111060957 0.06851851851724965
0 0.8819444444321952 0.4120370370294067 0.06388888888800155 0.09444444444269547
0 0.9166666666539353 0.37777777777078186 0.04444444444382716 0.08148148147997256
