0 0.07708333333172743 0.6847222222032022 0.054166666665538196 0.0805555555533179
0 0.1229166666641059 0.733333333312963 0.06249999999869792 0.09999999999722223
0 0.049999999998958336 0.8222222221993828 0.07916666666501736 0.11666666666342593
0 0.2187499999954427 0.6819444444255016 0.049999999998958336 0.0805555555533179
0 0.34374999999283856 0.8513888888652392 0.06666666666527778 0.12499999999652778
0 0.3479166666594184 0.7541666666457176 0.058333333332118056 0.0805555555533179
0 0.3812499999920573 0.697222222202855 0.03749999999921875 0.06666666666481481
0 0.4916666666564236 0.697222222202855 0.04166666666579861 0.061111111109413585
0 0.5270833333223525 0.7569444444234182 0.049999999998958336 0.0805555555533179
0 0.539583333322092 0.8430555555321374 0.06249999999869792 0.0972222222195216
0 0.5749999999880209 0.9458333333070602 0.09166666666475694 0.0972222222195216
0 0.6749999999859375 0.715277777757909 0.04166666666579861 0.058333333331712964
0 0.7499999999843749 0.5416666666516204 0.04166666666579861 0.06666666666481481
0 0.7322916666514105 0.7722222222007716 0.0479166666656684 0.07222222222021606
0 0.7895833333168837 0.7041666666471065 0.04583333333237847 0.07499999999791666
0 0.8260416666494574 0.8319444444213349 0.060416666665407986 0.10277777777492285
0 0.8614583333153862 0.7583333333122686 0.0479166666656684 0.08333333333101853
