0 0.07583333333206944 0.5255555555438766 0.04499999999925 0.055555555554320984
0 0.16083333333065278 0.4899999999891111 0.038333333332694446 0.04666666666562963
0 0.2824999999952917 0.4833333333225926 0.038333333332694446 0.05111111110997531
0 0.2983333333283611 0.5177777777662715 0.03999999999933333 0.06222222222083951
0 0.3941666666600972 0.47111111110064197 0.024999999999583335 0.04888888888780247
0 0.41499999999308335 0.49333333332237034 0.03666666666605556 0.04888888888780247
0 0.43749999999270833 0.5444444444323456 0.048333333332527775 0.07555555555387654
0 0.45333333332577774 0.5133333333219259 0.03999999999933333 0.06222222222083951
0 0.48833333332519446 0.47777777776716046 0.026666666666222222 0.044444444443456785
0 0.49416666665843056 0.4544444444343457 0.024999999999583335 0.03333333333259259
0 0.5424999999909583 0.4811111111004197 0.038333333332694446 0.04666666666562963
0 0.5699999999905 0.5033333333221481 0.03999999999933333 0.055555555554320984
0 0.5508333333241527 0.4399999999902222 0.024999999999583335 0.03999999999911111
0 0.5824999999902917 0.43555555554587655 0.01833333333302778 0.026666666666074073
0 0.6158333333230694 0.4566666666565185 0.02833333333286111 0.05111111110997531
0 0.6391666666560138 0.47777777776716046 0.024999999999583335 0.03999999999911111
0 0.6408333333226528 0.43333333332370366 0.021666666666305553 0.03555555555476543
0 0.6624999999889584 0.43555555554587655 0.01833333333302778 0.026666666666074073
0 0.6833333333219445 0.44999999998999995 0.026666666666222222 0.042222222221283946
0 0.7108333333214861 0.4544444444343457 0.021666666666305553 0.03777777777693827
0 0.7399999999876666 0.4377777777680494 0.023333333332944444 0.03555555555476543
0 0.7633333333206112 0.42444444443501234 0.019999999999666666 0.026666666666074073
0 0.8283333333195277 0.4966666666556296 0.05666666666572222 0.06888888888735802
0 0.8533333333191111 0.4722222222117284 0.03999999999933333 0.055555555554320984
0 0.8841666666519306 0.44111111110130863 0.024999999999583335 0.04666666666562963
0 0.9033333333182778 0.41888888887958026 0.026666666666222222 0.04666666666562963
0 0.9649999999839166 0.5033333333221481 0.04999999999916667 0.0733333333317037
0 0.9516666666508056 0.4511111111010864 0.03333333333277778 0.053333333332148146
0 0.94499999998425 0.41666666665740737 0.023333333332944444 0.03333333333259259
