0 0.76299999998474 0.4425981872978067 0.0299999999994 0.051359516614762554
0 0.33899999999322 0.5725075528527943 0.04199999999916 0.06948640483173757
0 0.4149999999917 0.564954682762388 0.04199999999916 0.06042296072325006
0 0.48299999999034 0.5679758307985506 0.03399999999932 0.05438066465092506
0 0.53699999998926 0.5483383685634943 0.03399999999932 0.051359516614762554
0 0.5819999999883599 0.534743202400763 0.02799999999944 0.04229607250627504
0 0.63099999998738 0.5166163141837881 0.025999999999479998 0.04229607250627504
0 0.54699999998906 0.5151057401657068 0.01799999999964 0.03323262839778753
0 0.50599999998988 0.5332326283826818 0.019999999999599997 0.03323262839778753
0 0.4899999999902 0.5075528700753005 0.019999999999599997 0.03021148036162503
0 0.48499999999029997 0.49395770391256927 0.01799999999964 0.02719033232546253
0 0.43899999999121997 0.4607250755147817 0.01799999999964 0.02114803625313752
0 0.46599999999068 0.5090634440933818 0.019999999999599997 0.02719033232546253
0 0.4599999999908 0.5332326283826818 0.019999999999599997 0.02719033232546253
0 0.45399999999092 0.5030211480210568 0.01599999999968 0.02114803625313752
0 0.43199999999135996 0.5196374622199506 0.01599999999968 0.03021148036162503
0 0.42899999999141997 0.4954682779306505 0.01399999999972 0.024169184289300025
0 0.41699999999166 0.534743202400763 0.01799999999964 0.03021148036162503
0 0.37599999999247996 0.528700906328438 0.01599999999968 0.03021148036162503
0 0.39699999999206 0.5120845921295443 0.01799999999964 0.02719033232546253
0 0.36899999999262 0.5015105740029755 0.01399999999972 0.024169184289300025
0 0.35899999999282 0.5422960724911693 0.02199999999956 0.045317220542437545
0 0.35199999999296 0.5120845921295443 0.01599999999968 0.02719033232546253
0 0.33799999999324 0.504531722039138 0.01599999999968 0.03021148036162503
0 0.32199999999356 0.5075528700753005 0.01599999999968 0.024169184289300025
0 0.31899999999362 0.5362537764188443 0.02199999999956 0.03323262839778753
0 0.30599999999388 0.5196374622199506 0.019999999999599997 0.03625377643395004
0 0.26199999999476 0.5679758307985506 0.03599999999928 0.05438066465092506
0 0.24699999999505998 0.5377643504369255 0.02199999999956 0.03021148036162503
0 0.27599999999448 0.5181268882018693 0.01199999999976 0.02719033232546253
0 0.2549999999949 0.5166163141837881 0.02199999999956 0.03021148036162503
0 0.22699999999546 0.5196374622199506 0.01799999999964 0.03021148036162503
0 0.20799999999583998 0.5135951661476256 0.01599999999968 0.024169184289300025
0 0.15899999999682 0.5468277945454131 0.0299999999994 0.04229607250627504
0 0.17699999999646 0.5317220543646005 0.02199999999956 0.04229607250627504
0 0.15099999999698 0.5151057401657068 0.02199999999956 0.03323262839778753
0 0.08599999999828 0.5211480362380317 0.02399999999952 0.03323262839778753
