0 0.27968749999781495 0.4909722222154032 0.10312499999919435 0.18749999999739583
0 0.2628906249979462 0.3791666666614005 0.061718749999517826 0.10277777777635032
0 0.24335937499809876 0.3409722222174865 0.052343749999591065 0.07638888888782794
0 0.27968749999781495 0.31527777777339894 0.02499999999980469 0.06944444444347994
0 0.19218749999849855 0.29166666666261576 0.04374999999965821 0.07222222222121914
0 0.1578124999987671 0.3347222222175733 0.04374999999965821 0.06944444444347994
0 0.1246093749990265 0.3555555555506173 0.046093749999639895 0.07777777777669753
0 0.08437499999934082 0.3638888888838349 0.0656249999994873 0.12499999999826389
0 0.399999999996875 0.32430555555105134 0.02656249999979248 0.05694444444365355
0 0.4386718749965729 0.35902777777279127 0.03203124999974976 0.06805555555461035
0 0.46484374999636846 0.3673611111060089 0.03749999999970703 0.05972222222139275
0 0.46992187499632876 0.3249999999954861 0.02421874999981079 0.055555555554783954
0 0.5242187499959046 0.2305555555523534 0.028124999999780274 0.06388888888800155
0 0.5222656249959198 0.37708333332809607 0.0445312499996521 0.10416666666521991
0 0.5722656249955292 0.37777777777253085 0.035156249999725345 0.07777777777669753
0 0.5855468749954255 0.3256944444399209 0.02890624999977417 0.06527777777687115
0 0.6382812499950135 0.5111111111040124 0.07343749999942627 0.1305555555537423
0 0.6855468749946442 0.4541666666603588 0.046093749999639895 0.10277777777635032
0 0.664843749994806 0.3805555555502701 0.03749999999970703 0.07499999999895833
0 0.649218749994928 0.3534722222173129 0.03437499999973145 0.06527777777687115
0 0.7238281249943451 0.38888888888348766 0.02890624999977417 0.055555555554783954
0 0.7519531249941254 0.39166666666122685 0.030468749999761964 0.06111111111026235
0 0.7609374999940552 0.443055555549402 0.05781249999954834 0.09722222222087192
0 0.8093749999936768 0.37986111110583526 0.03593749999971924 0.07638888888782794
0 0.8562499999933106 0.42083333332748846 0.062499999999511724 0.09722222222087192
0 0.9644531249924653 0.5312499999926216 0.07109374999944458 0.14583333333130788
0 0.958984374992508 0.44861111110488044 0.04921874999961548 0.09444444444313271
