0 0.04181818181742149 0.27893175073356286 0.04363636363557025 0.06528189910785513
0 0.20636363635988428 0.2804154302587414 0.03818181818112396 0.05637982195678398
0 0.37999999999309086 0.2744807121580273 0.047272727271867765 0.08011869435964039
0 0.36909090908419834 0.45548961422980744 0.06909090908965289 0.1275964391653532
0 0.48181818180942143 0.4139465875248087 0.0727272727259504 0.15133531156820962
0 0.5709090908987107 0.5103857566614128 0.10909090908892562 0.172106824920709
0 0.5709090908987107 0.4272997032514154 0.05090909090816528 0.08902077151071154
0 0.6854545454420826 0.47626112758230676 0.09818181818003305 0.15133531156820962
0 0.6818181818057851 0.37240356081980996 0.05454545454446281 0.0919881305610686
0 0.7236363636232066 0.40504451037373757 0.05454545454446281 0.12166172106463911
0 0.7809090908948925 0.37091988129463144 0.03818181818112396 0.08902077151071154
0 0.7518181818045123 0.3798219584457026 0.04181818181742149 0.08902077151071154
0 0.8263636363486115 0.3738872403449885 0.049090909090016524 0.08902077151071154
0 0.8481818181663966 0.4154302670499872 0.06727272727150413 0.10682492581285385
0 0.8936363636201157 0.5860534124455177 0.14727272727004959 0.2581602373810635
0 0.959090909073471 0.4792284866326638 0.08181818181669422 0.15727002966892373
0 0.9090909090743801 0.4020771513233805 0.047272727271867765 0.1038575667624968
0 0.9909090908910743 0.287833827884634 0.0181818181814876 0.029673590503570515
0 0.944545454528281 0.3902077151219523 0.030909090908528922 0.06824925815821219
0 0.966363636346066 0.36498516319391733 0.045454545453719006 0.07715133530928334
