0 0.07571428571320409 0.6209523809405533 0.0771428571417551 0.09523809523628117
0 0.09714285714146939 0.5504761904657052 0.04285714285653061 0.06095238095121995
0 0.14571428571220407 0.5380952380849886 0.03428571428522449 0.047619047618140585
0 0.1614285714262653 0.505714285704653 0.03428571428522449 0.047619047618140585
0 0.2028571428542449 0.5438095237991655 0.04571428571363265 0.06285714285594557
0 0.24071428571084694 0.5219047618948208 0.03857142857087755 0.057142857141768706
0 0.2614285714248367 0.5076190476093787 0.03142857142812245 0.051428571427591836
0 0.2792857142817245 0.5038095237999274 0.027142857142469386 0.051428571427591836
0 0.24214285713939795 0.41809523808727433 0.027142857142469386 0.04380952380868934
0 0.4371428571366123 0.7123809523673832 0.11999999999828571 0.16380952380640362
0 0.42357142856537755 0.5980952380838458 0.06428571428479592 0.09142857142682992
0 0.44357142856509185 0.5428571428468026 0.03571428571377551 0.04952380952286621
0 0.49785714285003063 0.5180952380853696 0.027142857142469386 0.03428571428506122
0 0.5128571428498163 0.5333333333231746 0.02571428571391837 0.03809523809451247
0 0.5442857142779388 0.5419047618944399 0.037142857142326534 0.059047619046494325
0 0.627142857133898 0.6361904761783582 0.07142857142755102 0.08761904761737868
0 0.6649999999905 0.5771428571318639 0.04999999999928571 0.07238095237957369
0 0.6185714285625918 0.5599999999893333 0.03142857142812245 0.057142857141768706
0 0.5728571428489592 0.5199999999900952 0.03142857142812245 0.041904761903963715
0 0.6214285714196939 0.5142857142759183 0.03142857142812245 0.03809523809451247
0 0.6542857142763674 0.5238095237995465 0.028571428571020407 0.03809523809451247
0 0.6978571428471735 0.5390476190373514 0.041428571427979594 0.0647619047606712
0 0.7042857142756531 0.9342857142679183 0.11428571428408163 0.131428571426068
0 0.9299999999867143 0.8819047618879636 0.13714285714089797 0.2361904761859773
0 0.9014285714156939 0.7352380952240907 0.12285714285538775 0.16380952380640362
0 0.9414285714151225 0.6695238095110566 0.06857142857044898 0.10095238095045804
0 0.799285714274296 0.6666666666539682 0.08142857142740817 0.11809523809298865
0 0.8042857142742245 0.5685714285605986 0.05428571428493877 0.08571428571265305
0 0.7507142857035612 0.5628571428464217 0.04714285714218367 0.06666666666539682
0 0.8664285714161939 0.5504761904657052 0.04714285714218367 0.057142857141768706
0 0.8321428571309694 0.5419047618944399 0.027142857142469386 0.047619047618140585
0 0.9092857142727245 0.5352380952279002 0.03571428571377551 0.041904761903963715
0 0.9428571428436735 0.5704761904653243 0.05999999999914286 0.07047619047484807
