0 0.0263774912071937 0.5570312499912964 0.050410316529303514 0.12656249999802247
0 0.1154747948403813 0.45312499999291994 0.062133645954722934 0.08437499999868164
0 0.05861664712709711 0.35859374999439697 0.04220398593150992 0.06093749999904786
0 0.1764361078525623 0.3929687499938599 0.03399765533371632 0.057812499999096684
0 0.20808909730119474 0.42890624999329835 0.0527549824143874 0.07343749999885255
0 0.22274325908296902 0.38124999999404297 0.035169988276258266 0.043749999999316405
0 0.32180539272776315 0.4234374999933838 0.04806565064421963 0.06874999999892578
0 0.3886283704526538 0.4156249999935059 0.038686987103884095 0.05937499999907227
0 0.426143024613996 0.3789062499940796 0.04103165298896798 0.051562499999194336
0 0.4648300117178801 0.5312499999916992 0.08089097303539401 0.12499999999804688
0 0.5293083235576869 0.4703124999926514 0.057444314184555166 0.08437499999868164
0 0.5973036342251196 0.47343749999260254 0.04806565064421963 0.06562499999897461
0 0.5257913247300611 0.3992187499937622 0.03399765533371632 0.05468749999914551
0 0.5685814771328419 0.3984374999937744 0.03282532239117438 0.053124999999169926
0 0.710433763180417 0.4476562499930054 0.05158264947184545 0.07031249999890136
0 0.7338804220312558 0.422656249993396 0.035169988276258266 0.05468749999914551
0 0.7825322391467464 0.4218749999934082 0.036342321218800204 0.043749999999316405
0 0.8135990621241078 0.41093749999357915 0.023446658850838843 0.043749999999316405
0 0.8657678780672243 0.4210937499934204 0.029308323563548556 0.04218749999934082
