0 0.07953394123526308 0.48390342051340235 0.06990881458895735 0.13480885311599983
0 0.2532928064817296 0.40342052313071586 0.030395136777807547 0.058350100602447684
0 0.2897669706150986 0.4134808853035517 0.04052684903707673 0.09054325955552227
0 0.41691995946892685 0.4496981891257606 0.04559270516671132 0.11066398390119388
0 0.46859169199119965 0.4074446679998502 0.0334346504555883 0.06639839034071633
0 0.5521783181301705 0.39939637826158153 0.036474164133369055 0.08249496981725363
0 0.5324214792245955 0.3923541247405965 0.019250253292611447 0.05633802816788052
0 0.6160081053635663 0.30080482896779065 0.026342451874099875 0.06639839034071633
0 0.514184397157911 0.5875251508936111 0.0942249240112034 0.21730382293325345
0 0.7456940222822118 0.4547283702121785 0.05673758865190742 0.12474849094316401
0 0.6854103343395602 0.4185110663899696 0.0334346504555883 0.07243460764441781
0 0.7335359675710887 0.37223340039492486 0.026342451874099875 0.06036217303701485
0 0.9670719351472434 0.3973843058270144 0.04559270516671132 0.09859154929379091
