0 0.1226562499980835 0.5163934426108573 0.07343749999885255 0.1334894613551876
0 0.25390624999603273 0.8348946135635856 0.10781249999831544 0.19906323184545519
0 0.3179687499950318 0.7786885245719277 0.07656249999880371 0.13817330210449244
0 0.36484374999429936 0.7177985948309649 0.0671874999989502 0.11007025760866346
0 0.5031249999921387 0.8548009367481312 0.1562499999975586 0.27166276345968005
0 0.5898437499907837 0.5749414519771676 0.0671874999989502 0.09601873536074898
0 0.7382812499884644 0.7330210772662056 0.04843749999924317 0.10772833723401104
0 0.7953124999875733 0.7388758782028366 0.07187499999887696 0.08196721311283449
0 0.7820312499877808 0.8266978922523022 0.08593749999865723 0.11709601873262071
0 0.8671874999864503 0.8489461358115001 0.11874999999814453 0.20374707259476002
0 0.9226562499855836 0.7224824355802697 0.06093749999904786 0.09601873536074898
0 0.9515624999851319 0.7786885245719277 0.06249999999902344 0.1007025761100538
