0 0.18749999999683276 0.4386792452692239 0.04391891891817704 0.09119496855059135
0 0.29476351350853436 0.4481132075330782 0.04898648648565901 0.09119496855059135
0 0.453547297289636 0.4261006289174182 0.04222972972901639 0.0849056603746885
0 0.5650337837742393 0.4386792452692239 0.04222972972901639 0.0723270440228828
0 0.6452702702593703 0.43396226413729677 0.03378378378321311 0.06289308175902852
0 0.7001689189070917 0.42767295596139393 0.03547297297237376 0.05660377358312567
0 0.7516891891764916 0.4261006289174182 0.030405405404891797 0.05974842767107709
0 0.7280405405282425 0.5361635219957182 0.05743243243146229 0.12264150943010561
0 0.8099662162025343 0.5125786163360824 0.05574324324230163 0.1320754716939599
0 0.8817567567418622 0.49371069180837385 0.054054054053140975 0.10062893081444563
0 0.9442567567408064 0.4716981131927139 0.05743243243146229 0.11320754716625134
