0 0.15499999999903125 0.6171508903409828 0.10374999999935156 0.1921274601668967
0 0.15249999999904687 0.4953139643814873 0.0899999999994375 0.11902530459119941
0 0.12312499999923046 0.4283036551037648 0.06374999999960156 0.10121836925865776
0 0.08781249999945118 0.37910028115858396 0.053124999999667966 0.07591377694399332
0 0.14499999999909374 0.35613870665083286 0.03874999999975781 0.048734770383798184
0 0.16156249999899022 0.39971883785942164 0.034374999999785154 0.07778819118952403
0 0.1365624999991465 0.33411433926584716 0.039374999999753905 0.05154639175209423
0 0.266562499998334 0.31255857544224414 0.04062499999974609 0.06654170571633983
0 0.46031249999712304 0.3008434864076772 0.03187499999980078 0.05248359887485958
0 0.5293749999966914 0.459700093716404 0.09624999999939844 0.1621368322384055
0 0.5890624999963183 0.3064667291442693 0.029374999999816406 0.05435801312039028
0 0.6362499999960234 0.3130271790036268 0.03249999999979687 0.05810684161145168
0 0.6896874999956895 0.28725398312757966 0.024374999999847657 0.04967197750656353
0 0.6984374999956348 0.33270852858169914 0.03187499999980078 0.05623242736592098
0 0.7328124999954199 0.33973758200243925 0.034374999999785154 0.06654170571633983
0 0.7440624999953496 0.3092783505125654 0.028124999999824218 0.04498594189273678
0 0.786874999995082 0.3556701030894502 0.036249999999773436 0.06841611996187053
0 0.800312499994998 0.32849109652925507 0.034374999999785154 0.042174320524440735
0 0.8359374999947754 0.33973758200243925 0.033124999999792966 0.07216494845293192
0 0.8846874999944707 0.3425492033707353 0.04312499999973047 0.07403936269846262
0 0.9449999999940938 0.3650421743171037 0.03874999999975781 0.07403936269846262
0 0.9665624999939589 0.39550140580697757 0.05062499999968359 0.08622305529441217
