0 0.2382671480101396 0.8518072288951372 0.26714801443561104 0.28674698794489767
0 0.7337545126221344 0.6867469879352591 0.14981949458213323 0.20722891565765714
0 0.9413357400552106 0.7048192770914501 0.11732851985347782 0.2674698795116272
0 0.8880866425832475 0.40722891565283786 0.04693140794139113 0.07710843373308172
0 0.9422382671310066 0.38192771083417043 0.05054151624457506 0.06987951807060531
0 0.7283393501673585 0.3638554216779794 0.07400722021527063 0.09638554216635216
0 0.6705776173164156 0.39999999999036145 0.0379061371834313 0.04819277108317608
0 0.5866425992673892 0.3698795180633764 0.07220216606367866 0.09879518072051095
0 0.47382671479289123 0.4060240963757585 0.05234657039616703 0.09879518072051095
0 0.4259927797757041 0.4337349397485847 0.08303249097323047 0.10120481927466976
0 0.34837545125724956 0.42289156625487007 0.05776173285094293 0.09397590361219335
0 0.3880866425922728 0.3831325301112498 0.0324909747286554 0.05301204819149369
0 0.3005415162400624 0.41566265059239366 0.045126353789799165 0.0602409638539701
0 0.1895306859171565 0.3674698795092176 0.054151624547759 0.06987951807060531
0 0.1552346570369091 0.4180722891465525 0.09025270757959833 0.1277108433704166
0 0.09476534295857825 0.4168674698694731 0.048736462092983095 0.07228915662476412
0 0.05054151624457506 0.4060240963757585 0.06137184115412686 0.07951807228724053
