0 0.08666666666377779 0.492518703229613 0.16666666666111113 0.30673316707464504
0 0.11166666666294445 0.32044887779749504 0.149999999995 0.11720698254071803
0 0.044999999998500004 0.25062344139025877 0.08333333333055556 0.07730673316515445
0 0.1049999999965 0.22568578553053154 0.08333333333055556 0.05735660847737265
0 0.33333333332222226 0.24937655859727242 0.07333333333088889 0.05486284289139993
0 0.28833333332372224 0.22194513715157244 0.05666666666477778 0.04987531171945448
0 0.2516666666582778 0.2107231920146952 0.04333333333188889 0.032418952617645415
0 0.4166666666527778 0.28054862842193146 0.09333333333022223 0.09226932668099079
0 0.5983333333133889 0.33167082293437233 0.18999999999366668 0.16957605984614524
0 0.4833333333172222 0.2294264339094906 0.07333333333088889 0.06483790523529083
0 0.4166666666527778 0.22693266832351788 0.05333333333155556 0.03491271820361814
0 0.5899999999803334 0.2231920199445588 0.05333333333155556 0.03740648378959086
0 0.6749999999775 0.26433915211310877 0.07666666666411111 0.06483790523529083
0 0.7649999999745001 0.25062344139025877 0.06999999999766666 0.05735660847737265
0 0.8599999999713334 0.24064837904636788 0.059999999998 0.04738154613348176
0 0.8916666666369445 0.32169576059048144 0.11666666666277778 0.10473815461085441
0 0.9749999999675001 0.28428927680089056 0.049999999998333336 0.07481296757918172
0 0.7466666666417778 0.15960099750225434 0.059999999998 0.05486284289139993
