0 0.16810035842173407 0.7914507771918206 0.07526881720376152 0.14507772020537463
0 0.25448028673652706 0.6547927461055079 0.06738351254431985 0.13601036269253872
0 0.2512544802849373 0.42810880828460995 0.039426523297208416 0.07124352331513933
0 0.18637992831407615 0.3743523316013685 0.03297491039402886 0.06735751295249537
0 0.07706093189908918 0.49093264248068735 0.055197132616091785 0.11139896372912694
0 0.07992831541161342 0.3963730569896843 0.045161290322256915 0.08808290155326316
0 0.2111111111095978 0.35880829015079263 0.027956989247111423 0.06476683937739938
0 0.22222222222062926 0.3335492227936068 0.02724014336898036 0.045336787564179575
0 0.26021505376157555 0.32512953367454495 0.02437275985645611 0.04922279792682353
0 0.30609318996196355 0.3400259067313468 0.02580645161271824 0.042746113989083595
0 0.3211469534027158 0.31217616579906504 0.018637992831407615 0.038860103626439636
0 0.3261648745496333 0.4663212435172756 0.03584229390655311 0.08031088082797525
0 0.3394265232950579 0.43393782382857593 0.0265232974908493 0.056994818652111465
0 0.36379928315151405 0.5505181347078948 0.05663082437235391 0.10362694300383903
0 0.41469534049881945 0.636658031079836 0.05663082437235391 0.12305699481705884
0 0.4186379928285403 0.7571243523217989 0.07025089605684409 0.16709844559369041
0 0.535842293902969 0.6651554404058917 0.07526881720376152 0.16191709844349847
0 0.4913978494588431 0.44041450776631585 0.050896057347305415 0.10880829015403097
0 0.4351254480255547 0.39766839377723223 0.038709677419077354 0.08290155440307122
0 0.41505376343788497 0.3672279792698545 0.02293906810019399 0.06088082901475542
0 0.3913978494595599 0.3672279792698545 0.02293906810019399 0.05829015543965945
0 0.3917562723986255 0.3329015543998329 0.02365591397832505 0.04404145077663158
0 0.3713261648718902 0.3490932642441827 0.02007168458766974 0.042746113989083595
0 0.42508960573171983 0.2655440414473375 0.021505376343931865 0.04922279792682353
0 0.4498207885272415 0.25129533678430965 0.020788530465800804 0.04922279792682353
0 0.5053763440823988 0.32318652849322294 0.018637992831407615 0.04015544041398762
0 0.5211469534012821 0.3335492227936068 0.021505376343931865 0.045336787564179575
0 0.564157706089146 0.35556994818192267 0.02437275985645611 0.04792746113927555
0 0.5935483870925194 0.2331606217586378 0.02724014336898036 0.05958549222720744
0 0.5738351254439152 0.24676165802789168 0.020788530465800804 0.042746113989083595
0 0.6494623655867423 0.2538860103594056 0.03154121863776673 0.05958549222720744
0 0.6412186379882351 0.38860103626439635 0.03369175627215992 0.08031088082797525
0 0.6602150537587083 0.3575129533632446 0.02580645161271824 0.06476683937739938
0 0.680286738346378 0.41062176165271214 0.03727598566281523 0.08031088082797525
0 0.7311827956936834 0.3698186528449505 0.03010752688150461 0.04792746113927555
0 0.6838709677370333 0.5744818652775325 0.05448028673796072 0.13341968911744273
0 0.7939068100301513 0.4650259067297276 0.04372759856599479 0.11398963730422293
0 0.8616487455135367 0.4306994818597059 0.03154121863776673 0.0738341968902353
0 0.8580645161228814 0.6806994818564676 0.05878136200674709 0.1463730569929226
0 0.9706093189894581 0.6748704663125016 0.05878136200674709 0.1373056994800867
0 0.9845878136130138 0.4449481865227338 0.030824372759635673 0.09196891191590713
