0 0.014407467532438297 0.3281249999989947 0.027191558441503266 0.08333333333307802
0 0.04555600649341405 0.3688725490184777 0.060267857142734846 0.09068627450952609
0 0.12987012986986635 0.3466605392146242 0.04545454545445322 0.08241421568602202
0 0.16456980519447126 0.25428921568549545 0.04058441558433323 0.05821078431354715
0 0.22676542207746192 0.3229166666656773 0.04890422077912154 0.07904411764681665
0 0.271103896103346 0.3449754901950215 0.03571428571421324 0.05821078431354715
0 0.26308847402544017 0.4126838235281474 0.05174512987002487 0.07475490196055529
0 0.3162540584409167 0.44806985293980367 0.04890422077912154 0.06525735294097654
0 0.346489448051245 0.42647058823398754 0.03916396103888157 0.07291666666644327
0 0.32995129870062917 0.3789828431360938 0.03165584415577992 0.04963235294102441
0 0.31493506493442586 0.3492647058812829 0.030844155844093255 0.055759803921397795
0 0.2921063311682384 0.322763480391168 0.031452922077858256 0.05177696078415509
0 0.406655844155019 0.4131433823516754 0.05316558441547653 0.06341911764686452
0 0.409699675323844 0.3578431372538056 0.03855519480511657 0.053921568627285775
0 0.4104099025965698 0.3244485294107707 0.030235389610328258 0.04411764705868836
0 0.4751420454535813 0.3641237745086883 0.032264610389544916 0.0646446078429392
0 0.4572849025964747 0.3261335784303733 0.030235389610328258 0.062193627450789844
0 0.4859983766223904 0.46231617646917184 0.05235389610378987 0.09620098039186213
0 0.5545860389599137 0.45710784313585445 0.042613636363549895 0.081495098038966
0 0.5850243506481635 0.4290747549006462 0.03206168831162325 0.05729166666649114
0 0.5359172077911203 0.3564644607832216 0.02800324675318993 0.06035539215667783
0 0.5490056818170678 0.3054534313716132 0.028612012986954927 0.06127450980373384
0 0.5843141233754376 0.3497242647048109 0.03632305194797824 0.06341911764686452
0 0.6371753246740317 0.3492647058812829 0.03287337662330992 0.06004901960765916
0 0.6609172077908667 0.3455882352930588 0.025974025973973268 0.0526960784312111
0 0.6290584415571651 0.45235906862606506 0.046266233766139885 0.0695465686272379
0 0.7025162337648082 0.43811274509669695 0.03490259740252658 0.05821078431354715
0 0.7039366883102599 0.3583026960773336 0.030844155844093255 0.06525735294097654
0 0.7642045454529948 0.3177083333323599 0.037743506493429904 0.0686274509801819
0 0.9807224025954125 0.4136029411752034 0.03855519480511657 0.0894607843134514
0 0.7738433441542739 0.5770526960766634 0.09517045454526142 0.1351102941172331
