0 0.05920281359836808 0.7499999999882813 0.10902696365640062 0.2124999999966797
0 0.3200468933139502 0.5171874999919189 0.05392731535692934 0.09062499999858399
0 0.3763188745559634 0.5851562499908569 0.0750293083226843 0.08593749999865723
0 0.466588511131693 0.5203124999918701 0.046893317701677685 0.07499999999882813
0 0.5123094958908287 0.5984374999906494 0.07268464243760041 0.10312499999838867
0 0.5685814771328419 0.51328124999198 0.046893317701677685 0.07031249999890136
0 0.5691676436041129 0.4695312499926636 0.04572098475913575 0.057812499999096684
0 0.6717467760765329 0.5249999999917969 0.04923798358676157 0.07499999999882813
0 0.6717467760765329 0.46406249999274907 0.04220398593150992 0.06874999999892578
0 0.6746776084328877 0.6078124999905029 0.07620164126522624 0.12187499999809571
0 0.7485345838130301 0.49921874999219973 0.04337631887405186 0.0671874999989502
0 0.810668229767753 0.5749999999910157 0.06682297772489071 0.09374999999853516
0 0.9073856975274632 0.5179687499919068 0.04220398593150992 0.0671874999989502
0 0.971277842895999 0.34999999999453124 0.0527549824143874 0.09687499999848634
