0 0.037499999999375 0.5326633165695311 0.038333333332694446 0.06532663316418777
0 0.11333333333144444 0.5389447236045491 0.03333333333277778 0.06281407035018055
0 0.11749999999804167 0.7600502512371847 0.09833333333169444 0.17336683416649834
0 0.11666666666472222 0.6494974874208669 0.053333333332444444 0.09296482411826722
0 0.2708333333288194 0.6520100502348741 0.06833333333219445 0.12814070351436832
0 0.2749999999954167 0.5339195979765348 0.04333333333261111 0.07788944723422389
0 0.3433333333276111 0.5979899497337189 0.04666666666588889 0.08040201004823111
0 0.3724999999937917 0.565326633151625 0.034999999999416664 0.06030150753617333
0 0.40583333332656946 0.5251256281275094 0.03166666666613889 0.05527638190815889
0 0.31833333332802777 0.5477386934535744 0.03333333333277778 0.05527638190815889
0 0.5608333333239861 0.4409547738582675 0.03166666666613889 0.05276381909415166
0 0.5674999999905417 0.5841708542566791 0.034999999999416664 0.05276381909415166
0 0.577499999990375 0.5577889447096033 0.03166666666613889 0.06030150753617333
0 0.6324999999894583 0.6243718592807947 0.05833333333236111 0.1030150753742961
0 0.6533333333224445 0.5552763818955961 0.026666666666222222 0.06532663316418777
0 0.667499999988875 0.5753768844076539 0.03166666666613889 0.05527638190815889
0 0.697499999988375 0.5678391959656323 0.034999999999416664 0.06532663316418777
0 0.7333333333211111 0.655778894455885 0.06999999999883333 0.13567839195639
0 0.7841666666535972 0.6030150753617334 0.04166666666597222 0.07537688442021667
0 0.8808333333186528 0.5402010050115528 0.04499999999925 0.05025125628014444
0 0.9216666666513056 0.6997487437010114 0.08333333333194444 0.13316582914238279
0 0.9716666666504722 0.5703517587796394 0.03333333333277778 0.06030150753617333
0 0.959999999984 0.548994974860578 0.0299999999995 0.067839195978195
