0 0.11992945326067145 0.5674603174453053 0.1058201058182395 0.1984126984074494
0 0.14109347442431935 0.49867724866405616 0.08112874779398362 0.14021164020793092
0 0.20634920634556703 0.49206349205047456 0.05291005290911975 0.11640211639903698
0 0.3562610229214063 0.4854497354368929 0.059964726630335724 0.1031746031718737
0 0.32980599646684644 0.3227513227427844 0.03527336860607984 0.05820105819951849
0 0.5343915343821095 0.47751322750059494 0.04938271604851177 0.09259259259014306
0 0.5749559082791014 0.4510582010462683 0.042328042327295805 0.08201058200841242
0 0.5767195767094053 0.4100529100420621 0.021164021163647902 0.04232804232692254
0 0.632275132263981 0.4682539682415806 0.05467372133942375 0.11111111110817166
0 0.6305114638336771 0.4140211640102111 0.04056437389699181 0.06084656084495115
0 0.6490299823518689 0.3968253968148988 0.024691358024255886 0.04761904761778786
0 0.7098765431973567 0.5277777777638154 0.06878306878185568 0.12433862433533496
0 0.7372134038670686 0.42195767194650907 0.03527336860607984 0.06613756613581646
0 0.7160493827034207 0.40740740739662945 0.03174603174547185 0.0634920634903838
0 0.8086419752943802 0.42989417988280704 0.03703703703638383 0.06084656084495115
0 0.7910052909913403 0.42460317459194175 0.01940035273334391 0.03968253968148988
0 0.8174603174459002 0.5780423280270359 0.1075837742485435 0.20899470898918004
0 0.8880070546580598 0.5317460317319644 0.08289241622428761 0.14814814814422889
0 0.868606701924716 0.4523809523689847 0.044091710757599795 0.06878306878124912
0 0.850970017621676 0.4193121693010764 0.03350970017577584 0.05026455026322052
0 0.8941798941641238 0.40211640210576416 0.02821869488486387 0.05820105819951849
0 0.9365079364914196 0.4153439153329274 0.03174603174547185 0.05820105819951849
0 0.9850088183247794 0.345238095228962 0.029982363315167862 0.06084656084495115
