0 0.19711538461159395 0.4034582132448571 0.10192307692111686 0.16714697405858364
0 0.07980769230615754 0.15850144091762242 0.02499999999951923 0.040345821324485706
0 0.11634615384391642 0.1512968299668214 0.02499999999951923 0.043227665704806115
0 0.14999999999711539 0.1844380403405061 0.030769230768639053 0.04610951008512652
0 0.16153846153535503 0.15850144091762242 0.026923076922559172 0.04610951008512652
0 0.20769230768831362 0.16714697405858364 0.026923076922559172 0.040345821324485706
0 0.2240384615341531 0.16138328529794282 0.02115384615343935 0.04610951008512652
0 0.27019230768711167 0.20605187319290916 0.03653846153775887 0.06051873198672856
0 0.2673076923025518 0.16570605186842344 0.026923076922559172 0.03170028818352449
0 0.27788461537927145 0.1570605187274622 0.02884615384559911 0.043227665704806115
0 0.3413461538395895 0.19164265129130711 0.04038461538383876 0.06628242074736938
0 0.357692307685429 0.1858789625306663 0.026923076922559172 0.05475504322608775
0 0.3605769230699889 0.14553314120618058 0.02115384615343935 0.0374639769441653
0 0.39230769230014795 0.14265129682586017 0.01923076923039941 0.03170028818352449
0 0.4134615384535873 0.16138328529794282 0.01923076923039941 0.03458213256384489
0 0.40865384614598743 0.1858789625306663 0.02115384615343935 0.0374639769441653
0 0.4365384615300666 0.2536023054681959 0.053846153845118344 0.08645533140961223
0 0.43942307691462645 0.17723342938970507 0.03653846153775887 0.05475504322608775
0 0.44326923076070635 0.14409221901602037 0.02115384615343935 0.03458213256384489
0 0.4740384615293454 0.16282420748810303 0.02115384615343935 0.04899135446544693
0 0.5173076922977441 0.24207492794691424 0.04999999999903846 0.0749279538883306
0 0.521153846143824 0.19884726224210814 0.034615384614718935 0.05763688760640816
0 0.5509615384509431 0.16714697405858364 0.02499999999951923 0.04610951008512652
0 0.6009615384499815 0.17435158500938466 0.032692307691678996 0.043227665704806115
0 0.6221153846034209 0.24783861670755505 0.04038461538383876 0.0749279538883306
0 0.6596153846026998 0.3083573486942836 0.05769230769119822 0.12680115273409795
0 0.6548076922950998 0.2204610950945112 0.032692307691678996 0.06051873198672856
0 0.6557692307566199 0.1858789625306663 0.026923076922559172 0.04899135446544693
0 0.7653846153698964 0.29106628241236115 0.05769230769119822 0.09221902017025305
0 0.8105769230613351 0.27377521613043876 0.044230769229918636 0.09798270893089386
0 0.8076923076767751 0.21325648414371018 0.026923076922559172 0.05187319884576734
0 0.8807692307522929 0.26512968298947753 0.04615384615295858 0.08645533140961223
