0 0.07999999999955557 0.3827791986327129 0.1044444444438642 0.18073316282880877
0 0.03166666666649074 0.285592497866278 0.062222222221876546 0.17050298380076298
0 0.21222222222104323 0.3405797101420241 0.10999999999938889 0.20034100596589652
0 0.2322222222209321 0.2161125319674671 0.09888888888833951 0.1423699914736371
0 0.27999999999844444 0.13000852514808178 0.08333333333287038 0.1491901108256676
0 0.4047222222199738 0.07033248081781474 0.1027777777772068 0.1372549019596142
0 0.38916666666450467 0.2664109121886922 0.11499999999936111 0.1815856777478126
0 0.5769444444412393 0.24083546461857772 0.11055555555494136 0.17988064790980496
0 0.7127777777738179 0.5272804774038595 0.15333333333248148 0.25831202045815593
0 0.7333333333292593 0.1999147485063946 0.10999999999938889 0.18329070758582022
0 0.6872222222184043 0.060102301789768955 0.09666666666612964 0.11679454390352265
0 0.8258333333287454 0.052003410059232716 0.0883333333328426 0.1023017902804578
0 0.8483333333286204 0.15771526001570577 0.09444444444391975 0.17902813299080114
0 0.9024999999949861 0.037084398976665954 0.0738888888884784 0.07246376811532428
0 0.9641666666613102 0.0626598465467804 0.06388888888853396 0.10997442455149213
0 0.6058333333299676 0.03367433930065069 0.057222222221904324 0.06393861892528613
