0 0.08437499999894531 0.4860515021354924 0.06874999999914062 0.13090128755083902
0 0.16624999999792187 0.4281115879736456 0.04249999999946875 0.08369098712266757
0 0.20687499999741404 0.41630901286660277 0.031249999999609375 0.06866952789552211
0 0.2543749999968203 0.4173819742399703 0.026249999999671873 0.05793991416184678
0 0.2943749999963203 0.4656652360415093 0.061249999999234375 0.11587982832369356
0 0.33249999999584373 0.4130901287465002 0.03249999999959375 0.05793991416184678
0 0.3549999999955625 0.40987124462639757 0.024999999999687498 0.04721030042817145
0 0.3706249999953672 0.3937768240258846 0.021249999999734374 0.040772532187966254
0 0.38312499999521094 0.40987124462639757 0.018749999999765624 0.034334763947761054
0 0.3924999999950937 0.3873390557856794 0.02249999999971875 0.040772532187966254
0 0.4106249999948672 0.4302575107203807 0.023749999999703123 0.04506437768143638
0 0.45124999999435933 0.4002145922660898 0.024999999999687498 0.04506437768143638
0 0.4743749999940703 0.40557939913292745 0.016249999999796875 0.03862660944123118
0 0.49749999999378125 0.5193133047098859 0.07749999999903125 0.16309012875186502
0 0.5274999999934062 0.46351931329477425 0.027499999999656247 0.07296137338899224
0 0.533124999993336 0.3615879828248586 0.023749999999703123 0.03648068669449612
0 0.6412499999919844 0.4452789699475262 0.029999999999625 0.06652360514878704
0 0.6712499999916094 0.4645922746681418 0.029999999999625 0.07081545064225718
0 0.7181249999910234 0.5171673819631509 0.07624999999904687 0.13733905579104422
0 0.7149999999910625 0.43776824033395345 0.024999999999687498 0.05579399141511171
0 0.7481249999906484 0.42274678110680797 0.018749999999765624 0.030042918454290923
0 0.7606249999904922 0.4474248926942612 0.018749999999765624 0.04506437768143638
0 0.786874999990164 0.44849785406762877 0.033749999999578124 0.06437768240205198
0 0.8162499999897969 0.4474248926942612 0.03249999999959375 0.07510729613572731
0 0.8424999999894687 0.4721030042817145 0.03749999999953125 0.06866952789552211
0 0.8481249999893984 0.3787553647987391 0.026249999999671873 0.03648068669449612
0 0.9174999999885312 0.5826180257385704 0.069999999999125 0.11802575107042862
0 0.9349999999883124 0.7843347639316666 0.129999999998375 0.38412017166557677
0 0.9649999999879375 0.28755364806249883 0.0649999999991875 0.12875536480410396
