0 0.12623762376185546 0.48876096490960114 0.08168316831649472 0.10800438596432016
0 0.24917491749072124 0.4764254385938793 0.06105610561030918 0.09868421052577477
0 0.42966171616984467 0.4213267543836551 0.06889438943865968 0.11458333333270515
0 0.5897277227698444 0.4758771929798472 0.0697194719469071 0.11732456140286557
0 0.526196369634793 0.6598135964876107 0.11839933993350496 0.1902412280691325
0 0.6619224422414938 0.8209978070130429 0.18440594059329868 0.3020833333316772
0 0.7085396039574731 0.5997807017510978 0.08127062706237101 0.14254385964834135
0 0.7809405940561843 0.4701206140325104 0.05775577557731949 0.11458333333270515
0 0.8180693069273183 0.6258223684176216 0.1006600660061854 0.17598684210429835
0 0.928217821778349 0.45148026315541956 0.0660066006597937 0.10252192982399935
