0 0.2381249999970234 0.419999999993 0.028749999999640622 0.04666666666588889
0 0.09624999999879687 0.5449999999909166 0.06749999999915625 0.08333333333194444
0 0.13187499999835156 0.6891666666551806 0.12374999999845313 0.18833333333019445
0 0.18187499999772655 0.5599999999906666 0.06874999999914062 0.09333333333177778
0 0.2381249999970234 0.5149999999914167 0.04874999999939062 0.06999999999883333
0 0.31124999999610936 0.5841666666569305 0.06749999999915625 0.08499999999858333
0 0.35624999999554685 0.6883333333218611 0.11499999999856249 0.16999999999716667
0 0.3118749999961015 0.5333333333244444 0.05124999999935937 0.059999999999
0 0.4662499999941718 0.5599999999906666 0.069999999999125 0.0899999999985
0 0.4374999999945312 0.5166666666580555 0.04249999999946875 0.053333333332444444
0 0.9393749999882578 0.5358333333244027 0.06874999999914062 0.07499999999875
0 0.9756249999878046 0.5616666666573056 0.04374999999945312 0.07666666666538889
