0 0.09930555555486593 0.22036637930797018 0.15138888888783758 0.27909482758319937
0 0.032986111110882045 0.05064655172359216 0.06458333333288484 0.09267241379210481
0 0.29861111110903743 0.17995689654978492 0.0916666666660301 0.15086206896389157
0 0.5031249999965061 0.2667025862040226 0.1076388888881414 0.19935344827371385
0 0.6416666666622107 0.22359913792862499 0.0791666666661169 0.14547413792946687
0 0.7427083333281757 0.1681034482740506 0.06180555555512635 0.12068965517111324
0 0.7906249999945095 0.14493534482602438 0.0631944444440056 0.11530172413668854
0 0.8649305555495491 0.10668103448160902 0.05486111111073013 0.10991379310226385
0 0.804513888883302 0.5188577586150984 0.22013888888736016 0.356681034478915
0 0.9493055555489632 0.1858836206876521 0.1013888888881848 0.1907327586186343
