0 0.09183673469179508 0.6546391752352357 0.04761904761796782 0.06529209621768756
0 0.2018140589523398 0.6460481099434348 0.03628117913749929 0.06185567010096715
0 0.2675736961390573 0.6494845360601551 0.045351473921874115 0.05498281786752636
0 0.3662131519191335 0.6374570446516338 0.038548752833593 0.05154639175080596
0 0.4455782312824132 0.6340206185349133 0.029478458049218177 0.05154639175080596
0 0.5260770974937398 0.630584192418193 0.03174603174531188 0.058419243984246756
0 0.6235827664257692 0.6288659793598327 0.03628117913749929 0.06185567010096715
0 0.7052154194851425 0.6374570446516338 0.03628117913749929 0.07216494845112835
0 0.809523809505453 0.6357388315932735 0.03174603174531188 0.06185567010096715
0 0.878684807236311 0.6134020618345909 0.029478458049218177 0.06529209621768756
0 0.17913832199140275 0.8900343642305829 0.08616780045156082 0.10996563573505272
0 0.25170068026640136 0.829896907187976 0.045351473921874115 0.07903780068456914
0 0.28911564625194747 0.86426116835518 0.05215419501015523 0.12027491408521392
0 0.3877551020320237 0.9398625429230287 0.09523809523593564 0.12027491408521392
0 0.4308390022578041 0.829896907187976 0.06349206349062377 0.08591065291800994
0 0.37755102039960203 0.804123711312573 0.04761904761796782 0.07560137456784874
0 0.3594104308308524 0.8659793814135401 0.06575963718671747 0.08247422680128955
0 0.10544217686835732 0.812714776604374 0.05668934240234265 0.06529209621768756
0 0.12585034013320068 0.8831615119971421 0.05668934240234265 0.10309278350161193
0 0.5158730158613181 0.86426116835518 0.05668934240234265 0.10652920961833232
0 0.5839002267441292 0.8986254295223839 0.07482993197109229 0.07216494845112835
0 0.6564625850191278 0.7938144329624118 0.04308390022578041 0.07560137456784874
0 0.7233560090538922 0.821305841896175 0.049886621314061526 0.06872852233440795
0 0.7086167800292831 0.8745704467053411 0.06575963718671747 0.08591065291800994
0 0.7902494330886565 0.8900343642305829 0.06575963718671747 0.10996563573505272
0 0.7959183673288908 0.804123711312573 0.049886621314061526 0.07560137456784874
0 0.8605442176675614 0.8883161511722227 0.06575963718671747 0.1271477663186547
0 0.8446712017949054 0.8109965635460138 0.04308390022578041 0.07560137456784874
0 0.9319727890945131 0.8487972508299382 0.049886621314061526 0.08247422680128955
0 0.9160997732218572 0.7886597937873312 0.049886621314061526 0.07903780068456914
0 0.9784580498644341 0.8264604810712556 0.03401360544140559 0.12027491408521392
