0 0.1249999999975 0.8640483383424759 0.22599999999547998 0.2719033232546253
0 0.16999999999659998 0.7673716011852758 0.20399999999592 0.2839879153992753
0 0.26899999999462 0.5876132930336069 0.10199999999796 0.16616314198893767
0 0.36199999999276 0.6329305135760444 0.16799999999664 0.25075528700148775
0 0.45699999999086 0.5438066465092506 0.13399999999731999 0.22356495467602522
0 0.48299999999034 0.23867069485683776 0.10599999999788 0.21752265860370024
0 0.65099999998698 0.534743202400763 0.10599999999788 0.21148036253137523
0 0.74199999998516 0.8293051359266072 0.28399999999431996 0.3232628398693878
0 0.72399999998552 0.6706948640280757 0.17599999999648 0.23564954682067524
0 0.7909999999841799 0.6223564954494757 0.12599999999748 0.18126888216975018
0 0.76899999998462 0.5362537764188443 0.12599999999748 0.16616314198893767
0 0.69899999998602 0.4577039274786192 0.13399999999731999 0.16012084591661266
0 0.7199999999855999 0.37311178246606913 0.09199999999816 0.11178247733801261
0 0.92599999998148 0.4138972809542629 0.07999999999839999 0.12084592144650012
