0 0.037499999999278846 0.5256410256217714 0.07115384615247781 0.1648351648291269
0 0.10961538461327663 0.42857142855573 0.06153846153727811 0.12454212453756255
0 0.1788461538427145 0.5347985347789451 0.08076923076767752 0.17582417581773538
0 0.23846153845695267 0.43772893771290367 0.053846153845118344 0.10622710622321511
0 0.20769230768831362 0.37728937727555717 0.034615384614718935 0.07326007325738974
0 0.3115384615324704 0.3919413919270351 0.03846153846079882 0.07326007325738974
0 0.28846153845599115 0.38095238093842665 0.026923076922559172 0.07326007325738974
0 0.46249999999110575 0.2619047618951683 0.032692307691678996 0.06959706959452025
0 0.5009615384519046 0.3754578754441224 0.032692307691678996 0.07692307692025922
0 0.585576923065662 0.3791208791069919 0.032692307691678996 0.07692307692025922
0 0.6211538461419008 0.38461538460129613 0.03846153846079882 0.08791208790886769
0 0.6653846153718195 0.4450549450386427 0.04999999999903846 0.12087912087469307
0 0.6673076922948594 0.3736263736126877 0.0423076923068787 0.07326007325738974
0 0.6894230769098187 0.6208791208563781 0.12115384615151627 0.23076923076077768
0 0.7403846153703773 0.4890109889930765 0.053846153845118344 0.13553113552617102
0 0.7240384615245378 0.39377289375846986 0.044230769229918636 0.09157509157173717
0 0.7749999999850962 0.4322344322185995 0.04615384615295858 0.09523809523460666
0 0.8903846153674926 0.5073260073074239 0.05769230769119822 0.13553113552617102
0 0.9413461538280511 0.5659340659133357 0.10961538461327663 0.24542124541225563
0 0.9605769230584504 0.4047619047470783 0.051923076922078405 0.11355311354895409
