0 0.10833333333152778 0.4555555555454321 0.026666666666222222 0.03999999999911111
0 0.23166666666280555 0.4455555555456543 0.03666666666605556 0.05999999999866666
0 0.26333333332894443 0.46888888887846913 0.03333333333277778 0.053333333332148146
0 0.32833333332786113 0.43555555554587655 0.026666666666222222 0.031111111110419754
0 0.3583333333273611 0.4677777777673827 0.03333333333277778 0.055555555554320984
0 0.419999999993 0.4511111111010864 0.03999999999933333 0.053333333332148146
0 0.44333333332594443 0.5444444444323456 0.07666666666538889 0.12444444444167901
0 0.457499999992375 0.43333333332370366 0.021666666666305553 0.03999999999911111
0 0.4891666666585139 0.4444444444345679 0.02833333333286111 0.03999999999911111
0 0.5941666666567639 0.5088888888775802 0.061666666665638886 0.10666666666429629
0 0.6774999999887084 0.4377777777680494 0.04166666666597222 0.06222222222083951
0 0.7166666666547222 0.5877777777647161 0.07999999999866667 0.13111111110819754
0 0.8958333333184028 0.5733333333205926 0.07833333333202777 0.09777777777560494
0 0.9408333333176527 0.4733333333228148 0.051666666665805557 0.09333333333125926
0 0.8858333333185694 0.3844444444359012 0.03166666666613889 0.04888888888780247
0 0.8558333333190694 0.428888888879358 0.03166666666613889 0.053333333332148146
0 0.8224999999862916 0.4477777777678271 0.03166666666613889 0.04666666666562963
