0 0.05416666666576389 0.46249999998843755 0.08166666666530556 0.144999999996375
0 0.21916666666301388 0.5012499999874688 0.061666666665638886 0.0924999999976875
0 0.25249999999579165 0.4999999999875 0.034999999999416664 0.064999999998375
0 0.41583333332640277 0.5074999999873125 0.05833333333236111 0.09499999999762501
0 0.3699999999938333 0.504999999987375 0.0299999999995 0.04999999999875
0 0.4741666666587639 0.4924999999876875 0.03166666666613889 0.0599999999985
0 0.5091666666581806 0.4824999999879375 0.038333333332694446 0.06999999999825
0 0.5841666666569305 0.494999999987625 0.038333333332694446 0.06999999999825
0 0.6658333333222362 0.4824999999879375 0.05833333333236111 0.084999999997875
0 0.7958333333200694 0.4199999999895 0.034999999999416664 0.054999999998625
