0 0.10666666666607408 0.6174749163827971 0.022222222222098766 0.04096989966520928
0 0.10388888888831173 0.7311872909637861 0.05333333333303704 0.07441471571844135
0 0.15166666666582407 0.6120401337741468 0.014444444444364199 0.031772575250570465
0 0.19166666666560186 0.6015886287575118 0.018888888888783952 0.03428093645456287
0 0.21555555555435804 0.670568561867303 0.023333333333203705 0.031772575250570465
0 0.18333333333231483 0.7073578595258583 0.02777777777762346 0.04347826086920169
0 0.19777777777667901 0.7642140468163527 0.03888888888867284 0.06354515050114093
0 0.2536111111097022 0.7412207357797557 0.029444444444280866 0.04431438127053249
0 0.23749999999868057 0.6835284280879304 0.01944444444433642 0.03260869565190127
0 0.24777777777640125 0.6229096989914472 0.017777777777679013 0.028428093645247256
0 0.2883333333317315 0.5990802675535194 0.014444444444364199 0.030936454849239663
0 0.3324999999981528 0.6187290969847933 0.022777777777651234 0.023411371237262446
0 0.30722222222051543 0.6659698996599835 0.022222222222098766 0.030936454849239663
0 0.2852777777761929 0.685200668890592 0.01944444444433642 0.03260869565190127
0 0.31777777777601235 0.7307692307631207 0.02777777777762346 0.0484949832771865
0 0.3352777777759151 0.7119565217331777 0.0216666666665463 0.030936454849239663
0 0.3230555555537608 0.6931438127032346 0.02055555555544136 0.03344481605323207
0 0.3699999999979445 0.6739130434726261 0.018888888888783952 0.03678929765855527
0 0.2322222222209321 0.8762541805946802 0.0522222222219321 0.07692307692243376
0 0.3477777777758457 0.8428093645414481 0.03222222222204321 0.060200668895817724
0 0.3999999999977778 0.7918060200602692 0.035555555555358026 0.06187290969847933
0 0.4036111111088688 0.7090301003285199 0.02055555555544136 0.041806020066540085
0 0.42555555555319136 0.7182274247431587 0.02777777777762346 0.041806020066540085
0 0.4297222222198349 0.6839464882885958 0.02055555555544136 0.03678929765855527
0 0.4683333333307315 0.685200668890592 0.01999999999988889 0.029264214046578058
0 0.4602777777752207 0.6032608695601734 0.014999999999916667 0.030936454849239663
0 0.49388888888614507 0.7562709030037101 0.023333333333203705 0.0493311036785173
0 0.5255555555526358 0.7784280936389764 0.028888888888728398 0.05351170568517131
0 0.5491666666636158 0.7357859531711055 0.02611111111096605 0.041806020066540085
0 0.5344444444414753 0.708193979927189 0.022222222222098766 0.03846153846121688
0 0.5158333333304677 0.6145484949781392 0.014999999999916667 0.025083612039924052
0 0.5419444444414336 0.5974080267508578 0.017222222222126545 0.025919732441254853
0 0.5788888888856729 0.5965719063495271 0.021111111110993827 0.029264214046578058
0 0.6022222222188766 0.6153846153794701 0.014444444444364199 0.026755852842585654
0 0.6036111111077578 0.6542642140413524 0.02055555555544136 0.03428093645456287
0 0.621666666663213 0.6588628762486717 0.01333333333325926 0.026755852842585654
0 0.631111111107605 0.6697324414659721 0.014444444444364199 0.028428093645247256
0 0.6341666666631436 0.706103678923862 0.022777777777651234 0.03929765886254768
0 0.6363888888853534 0.7562709030037101 0.024999999999861112 0.04264214046787088
0 0.6297222222187238 0.8202341137055165 0.04611111111085494 0.07859531772509536
0 0.6824999999962084 0.803093645478235 0.03277777777759568 0.06103678929714852
0 0.7222222222182099 0.7194816053451548 0.021111111110993827 0.03929765886254768
0 0.7274999999959584 0.6881270902952498 0.01833333333323148 0.031772575250570465
0 0.7669444444401837 0.7157190635391663 0.02611111111096605 0.03846153846121688
0 0.7583333333291205 0.6918896321012384 0.021111111110993827 0.037625418059886076
0 0.8399999999953334 0.7336956521677784 0.03888888888867284 0.06103678929714852
