0 0.08533333333219556 0.4819277108317608 0.10399999999861334 0.20722891565765714
0 0.21933333333040891 0.3144578313177239 0.06533333333246223 0.14698795180368704
0 0.25933333332987557 0.23373493975340398 0.05466666666593778 0.11566265059962258
0 0.29399999999608 0.1855421686702279 0.041333333332782225 0.09156626505803454
0 0.3193333333290756 0.14578313252660763 0.03333333333288889 0.07469879517892292
0 0.33199999999557334 0.09879518072051095 0.029333333332942226 0.0626506024081289
0 0.42133333332771555 0.4903614457713166 0.10133333333198223 0.20481927710349834
0 0.42266666666103114 0.3204819277031209 0.06666666666577778 0.1253012048162578
0 0.4219999999943734 0.21084337348889534 0.04933333333267556 0.08433734939555813
0 0.40466666666127116 0.1710843373452751 0.03599999999952 0.06746987951644651
0 0.42733333332763557 0.14698795180368704 0.03599999999952 0.05783132529981129
0 0.44199999999410666 0.12168674698501959 0.025333333332995558 0.05542168674565249
0 0.41933333332774225 0.08795180722679634 0.03066666666625778 0.05542168674565249
0 0.5633333333258222 0.10722891566006677 0.025333333332995558 0.05542168674565249
0 0.58799999999216 0.13493975903289301 0.029333333332942226 0.0626506024081289
0 0.6113333333251822 0.16144578312863986 0.03066666666625778 0.0626506024081289
0 0.6573333333245689 0.19879518071810132 0.04533333333272889 0.07951807228724053
0 0.6606666666578578 0.12168674698501959 0.025333333332995558 0.0602409638539701
0 0.6306666666582578 0.09879518072051095 0.02399999999968 0.05783132529981129
0 0.7039999999906134 0.1746987951765133 0.03999999999946667 0.06987951807060531
0 0.7073333333239022 0.2421686746929598 0.03599999999952 0.10361445782882857
0 0.7946666666560711 0.35180722890718535 0.06133333333251556 0.13975903614121063
0 0.76199999998984 0.20963855421181593 0.038666666666151116 0.09638554216635216
0 0.8406666666554579 0.251807228909595 0.05199999999930667 0.10843373493714617
0 0.8206666666557245 0.1301204819245754 0.03333333333288889 0.06746987951644651
0 0.8679999999884267 0.1783132530077515 0.034666666666204445 0.07228915662476412
0 0.8866666666548445 0.14939759035784583 0.026666666666311113 0.0626506024081289
0 0.9506666666539911 0.1903614457785455 0.034666666666204445 0.07710843373308172
0 0.9499999999873334 0.34819277107594715 0.06266666666583111 0.1277108433704166
0 0.9639999999871467 0.17349397589943388 0.026666666666311113 0.07228915662476412
