0 0.05083333333248611 0.7544378698001646 0.05833333333236111 0.09467455621021673
0 0.04666666666588889 0.6849112425832866 0.04666666666588889 0.06804733727609327
0 0.05583333333240278 0.634615384596609 0.03166666666613889 0.050295857986677635
0 0.11083333333148611 0.6434911242413168 0.048333333332527775 0.07396449703923182
0 0.18666666666355555 0.7499999999778106 0.06333333333227778 0.097633136091786
0 0.16499999999724999 0.7115384615174101 0.04333333333261111 0.06804733727609327
0 0.15833333333069444 0.6760355029385788 0.03333333333277778 0.05621301774981618
0 0.2533333333291111 0.6789940828201481 0.03666666666605556 0.07396449703923182
0 0.2766666666620555 0.7263313609252564 0.04999999999916667 0.09171597632864745
0 0.31833333332802777 0.7899408283789958 0.059999999999 0.09467455621021673
0 0.2966666666617222 0.6538461538268092 0.0299999999995 0.07100591715766255
0 0.322499999994625 0.6582840236491632 0.03166666666613889 0.06213017751295473
0 0.3566666666607222 0.6863905325240712 0.03999999999933333 0.08284023668393964
0 0.39999999999333335 0.7085798816358408 0.04999999999916667 0.09171597632864745
0 0.45499999999241664 0.7218934911029026 0.03999999999933333 0.0769230769208011
0 0.46249999999229163 0.6568047337083786 0.034999999999416664 0.07100591715766255
0 0.5066666666582222 0.6967455621095637 0.03333333333277778 0.06213017751295473
0 0.5558333333240695 0.6937869822279944 0.03166666666613889 0.05621301774981618
0 0.2649999999955833 0.5384615384456076 0.0299999999995 0.05917159763138545
0 0.6716666666554723 0.8150887573723347 0.059999999999 0.10946745561806309
0 0.7133333333214444 0.7662721893264416 0.04999999999916667 0.09467455621021673
0 0.7333333333211111 0.6982248520503483 0.03333333333277778 0.05917159763138545
0 0.7524999999874583 0.7011834319319177 0.03166666666613889 0.07100591715766255
0 0.82499999998625 0.792899408260565 0.053333333332444444 0.10059171597335527
0 0.8333333333194445 0.7470414200962413 0.04333333333261111 0.06804733727609327
0 0.8424999999859584 0.7130177514581947 0.034999999999416664 0.05325443786824691
0 0.8641666666522638 0.7085798816358408 0.03166666666613889 0.05621301774981618
