0 0.10472154963553605 0.35990338163671654 0.11016949152408996 0.1594202898525053
0 0.13559322033734147 0.2898550724591006 0.06537530266264678 0.10305958131879131
0 0.08837772396987437 0.253623188401713 0.060532687650598875 0.09178743961204851
0 0.27542372881022487 0.3019323671448964 0.06174334140361085 0.10466988727689742
0 0.25665859563853927 0.2624798711712966 0.050847457626503056 0.07407407407288126
0 0.3450363196084136 0.3494363929090268 0.09443099273493424 0.15780998389439918
0 0.3976997578644346 0.30756843799826783 0.06658595641565876 0.11916264089985246
0 0.37106537529817113 0.2455716586111824 0.05447941888553899 0.08212560386341182
0 0.4884987893403329 0.27858293075235774 0.05690072639156295 0.08695652173773016
0 0.5780871670632193 0.31239935587258616 0.09322033898192227 0.16425120772682364
0 0.5635593220270756 0.23188405796728045 0.04479418886144317 0.06119162640803234
0 0.6870460048342972 0.24637681159023547 0.04963680387349108 0.06441223832424457
0 0.7209443099186327 0.2584541062760313 0.052058111379515035 0.1014492753606852
0 0.7929782082228453 0.25442834138076603 0.043583535108431194 0.07085346215666903
0 0.864406779650552 0.36312399355292874 0.12106537530119775 0.18196457326599091
0 0.8468523002318783 0.26811594202466804 0.05447941888553899 0.07890499194719959
0 0.9285714285601868 0.24315619967402324 0.05569007263855097 0.09017713365394239
