0 66500000000.0 28100000000.0 32800000000.0 34200000000.0
0 107300000000.0 68250000000.0 13800000000.0 16700000000.0
0 109400000000.0 58850000000.0 11000000000.0 12700000000.0
0 97250000000.0 53800000000.0 7500000000.0 8800000000.0
0 98250000000.0 48850000000.0 8900000000.0 8700000000.0
0 95500000000.0 43500000000.0 7000000000.0 7200000000.0
0 87300000000.0 43950000000.0 5000000000.0 5900000000.0
0 84900000000.0 40750000000.0 4200000000.0 5100000000.0
0 80300000000.0 41650000000.0 5400000000.0 6100000000.0
0 91500000000.0 39800000000.0 4600000000.0 5000000000.0
0 101700000000.0 43950000000.0 5200000000.0 5700000000.0
0 106950000000.0 46650000000.0 7100000000.0 8700000000.0
0 102800000000.0 40300000000.0 4400000000.0 4600000000.0
0 105650000000.0 38900000000.0 3700000000.0 5000000000.0
0 113450000000.0 48900000000.0 6100000000.0 8600000000.0
0 125900000000.0 51950000000.0 9800000000.0 12100000000.0
0 142500000000.0 56300000000.0 10200000000.0 12600000000.0
0 142050000000.0 67550000000.0 11100000000.0 17900000000.0
0 135550000000.0 54150000000.0 10700000000.0 12500000000.0
0 137100000000.0 47450000000.0 7600000000.0 7300000000.0
0 144500000000.0 49300000000.0 6000000000.0 7200000000.0
0 140450000000.0 42750000000.0 4700000000.0 5300000000.0
0 130200000000.0 45750000000.0 6800000000.0 7700000000.0
0 130650000000.0 40450000000.0 3700000000.0 4100000000.0
0 122650000000.0 42900000000.0 4300000000.0 6600000000.0
0 124700000000.0 39200000000.0 3600000000.0 4200000000.0
0 120550000000.0 38050000000.0 3500000000.0 5100000000.0
0 119350000000.0 42550000000.0 4100000000.0 4100000000.0
0 114950000000.0 41600000000.0 3300000000.0 4000000000.0
0 116150000000.0 39500000000.0 3100000000.0 3000000000.0
0 112650000000.0 39800000000.0 3100000000.0 3200000000.0
0 111600000000.0 36950000000.0 3000000000.0 2900000000.0
0 25600000000.0 75050000000.0 16400000000.0 18100000000.0
0 5400000000.0 77200000000.0 9600000000.0 21600000000.0
0 18500000000.0 54200000000.0 11000000000.0 13600000000.0
0 27950000000.0 62550000000.0 15700000000.0 14500000000.0
0 35350000000.0 48450000000.0 12100000000.0 11300000000.0
0 11150000000.0 47150000000.0 9100000000.0 9300000000.0
0 3650000000.0 50850000000.0 7100000000.0 12300000000.0
0 17050000000.0 39900000000.0 4900000000.0 6800000000.0
0 24400000000.0 43250000000.0 6200000000.0 6500000000.0
0 30500000000.0 41950000000.0 4800000000.0 6100000000.0
0 34550000000.0 40200000000.0 5100000000.0 5200000000.0
0 40350000000.0 45550000000.0 6700000000.0 9700000000.0
0 46700000000.0 42250000000.0 4800000000.0 5900000000.0
0 40300000000.0 38950000000.0 4800000000.0 6100000000.0
0 42850000000.0 37300000000.0 4300000000.0 4800000000.0
0 50250000000.0 36450000000.0 3900000000.0 4100000000.0
0 36800000000.0 37150000000.0 4800000000.0 4700000000.0
0 31450000000.0 36700000000.0 5700000000.0 5200000000.0
0 26650000000.0 38000000000.0 4300000000.0 4200000000.0
0 24550000000.0 33850000000.0 4100000000.0 3300000000.0
0 21850000000.0 36500000000.0 3500000000.0 3600000000.0
0 16850000000.0 35250000000.0 3500000000.0 3700000000.0
0 15250000000.0 33300000000.0 4300000000.0 3600000000.0
0 12600000000.0 37000000000.0 4400000000.0 4000000000.0
0 9650000000.0 35650000000.0 3500000000.0 4900000000.0
0 3550000000.0 36550000000.0 4700000000.0 5100000000.0
0 3350000000.0 32550000000.0 3900000000.0 4100000000.0
0 10750000000.0 42050000000.0 5300000000.0 4900000000.0
