0 0.8238357843112014 0.6049836601282477 0.09987745098008616 0.14869281045690894
0 0.8633578431346097 0.33946078431233884 0.08823529411737673 0.12745098039163624
0 0.7827818627426998 0.4691584967301097 0.053921568627285775 0.0935457516336048
0 0.7622549019584489 0.38684640522717795 0.04840686274494973 0.06699346405201392
0 0.680759803919483 0.3255718954235067 0.03370098039205361 0.048202614378888065
0 0.6727941176449975 0.40073529411601005 0.03431372549009095 0.04493464052269226
0 0.6447610294097893 0.38051470588079855 0.03216911764696027 0.04779411764686359
0 0.6392463235274533 0.34293300653454684 0.025428921568549544 0.038807189542325135
0 0.6147365196059598 0.37540849673049265 0.025428921568549544 0.049836601306985966
0 0.4946384803906414 0.3843954248350311 0.05300245098022977 0.08986928104538452
0 0.489430147057324 0.33210784313589825 0.03645833333322163 0.05065359477103491
0 0.46430759803779315 0.571691176468253 0.10018382352910482 0.1376633986922481
0 0.45909926470447576 0.3574346405214157 0.02236519607836285 0.04003267973839856
0 0.4087009803909047 0.31903594771111504 0.04105392156850167 0.06699346405201392
0 0.3354779411754428 0.3386437908482899 0.054534313725323115 0.09150326797348242
0 0.27650122548934897 0.46854575163207296 0.10386029411732886 0.16013071895359424
0 0.20435049019545234 0.324142156861421 0.07169117647036859 0.11233660130673065
0 0.2386642156855433 0.3604983660115993 0.026960784313642887 0.04779411764686359
0 0.12821691176431305 0.3359885620901308 0.03584558823518429 0.04697712418281464
0 0.1098345588231929 0.349060457514914 0.024816176470512204 0.038807189542325135
0 0.0735294117644806 0.3713235294102479 0.047794117646912396 0.07189542483630762
0 0.027267156862661557 0.3210784313712374 0.03615196078420296 0.04493464052269226
