0 0.11445312499910584 0.5146036161263616 0.1320312499989685 0.2809457579933109
0 0.20273437499841615 0.613351877599258 0.0445312499996521 0.09735744088877112
0 0.2507812499980408 0.5904033379611905 0.03749999999970703 0.0792767732951422
0 0.24101562499811707 0.5347705145961784 0.03203124999974976 0.04867872044438556
0 0.2707031249978851 0.5465924895612435 0.02734374999978638 0.06397774686976387
0 0.279296874997818 0.5180806675866748 0.022656249999823 0.05146036161263616
0 0.32070312499749454 0.5222531293390508 0.016406249999871825 0.040333796939633744
0 0.33320312499739685 0.5445062586850555 0.025781249999798587 0.06258692628563857
0 0.35898437499719543 0.5180806675866748 0.02890624999977417 0.06815020862213977
0 0.39609374999690555 0.5292072322596773 0.021874999999829104 0.04867872044438556
0 0.43593749999659426 0.5285118219676146 0.017187499999865723 0.04172461752375905
0 0.4390624999965698 0.5611961056945592 0.021874999999829104 0.04867872044438556
0 0.38945312499695744 0.6335187760690749 0.03828124999970093 0.0848400556316434
0 0.45664062499643254 0.6210013908119472 0.036718749999713134 0.07093184979039038
0 0.4726562499963074 0.5514603616056821 0.020312499999841308 0.04867872044438556
0 0.5082031249960297 0.5674547983231231 0.01796874999985962 0.04172461752375905
0 0.5273437499958802 0.5653685674469351 0.028124999999780274 0.06536856745388918
0 0.5292968749958649 0.6905424200182122 0.046093749999639895 0.0904033379681446
0 0.5917968749953766 0.5945757997135664 0.0914062499992859 0.1821974965204145
0 0.6621093749948274 0.5744089012437495 0.03359374999973755 0.06397774686976387
0 0.7374999999942383 0.6182197496436965 0.03437499999973145 0.06258692628563857
0 0.7640624999940308 0.6314325451928869 0.023437499999816896 0.05285118219676146
0 0.8539062499933289 0.49652294853273266 0.08124999999936523 0.15577190542203379
