0 0.12416666666459722 0.4616306954325748 0.048333333332527775 0.0743405275761549
0 0.17583333333040277 0.4616306954325748 0.038333333332694446 0.059952038367866854
0 0.25833333332902775 0.4999999999880096 0.06666666666555555 0.10311750599273099
0 0.3633333333272778 0.6846522781610395 0.15999999999733333 0.21822541965903536
0 0.3699999999938333 0.46043165466521746 0.03333333333277778 0.04796163069429349
0 0.42083333332631945 0.4520383692937161 0.034999999999416664 0.04556354915957881
0 0.4666666666588889 0.4508393285263588 0.0299999999995 0.03836930455543479
0 0.5183333333246944 0.4736211031061482 0.03333333333277778 0.04076738609014946
0 0.5258333333245694 0.4412470023875001 0.038333333332694446 0.04316546762486414
0 0.5716666666571388 0.4628297361999321 0.03333333333277778 0.04796163069429349
0 0.5758333333237361 0.38489208632170524 0.024999999999583335 0.03597122302072012
0 0.6841666666552639 0.5719424460294498 0.09499999999841667 0.13669064747873644
0 0.7633333333206112 0.5587529975885192 0.07333333333211112 0.10551558752744566
0 0.8466666666525555 0.533573141474015 0.059999999999 0.09352517985387229
0 0.8649999999855833 0.47961630694293483 0.03999999999933333 0.05755395683315218
0 0.8799999999853333 0.5239808153351563 0.04666666666588889 0.0839328537150136
0 0.9266666666512222 0.522781774567799 0.04333333333261111 0.07194244604144023
