0 0.19033530571616694 0.3633633633524515 0.0729783037460951 0.1321321321281642
0 0.4773175542312166 0.3048048047956515 0.078895463509292 0.11711711711360008
0 0.5147928993981303 0.22072072071409246 0.0710059171583628 0.14114114113690265
0 0.03846153846077985 0.5420420420257644 0.0611439842197013 0.08708708708447185
0 0.355029585791814 0.5225225225068311 0.0473372781055752 0.07807807807573339
0 0.5936883629074223 0.5270270270112003 0.0473372781055752 0.06906906906699492
0 0.7061143984081634 0.3708708708597336 0.0670611439828982 0.11111111110777443
0 0.7485207100444078 0.5435435435272209 0.0453648915178429 0.07207207206990773
0 0.881656804716338 0.540540540524308 0.0552268244565044 0.09009009008738468
0 0.9418145956421732 0.5525525525359594 0.0650887573951659 0.10210210209903596
