0 0.07499999999921875 0.6124999999904297 0.04166666666623264 0.07187499999887696
0 0.14218749999851887 0.6101562499904664 0.036458333332953556 0.0671874999989502
0 0.1833333333314236 0.735937499988501 0.0458333333328559 0.07499999999882813
0 0.21197916666445854 0.6124999999904297 0.04062499999957682 0.07187499999887696
0 0.24531249999744464 0.5843749999908692 0.03437499999964193 0.06562499999897461
0 0.2869791666636773 0.7093749999889161 0.042708333332888454 0.06874999999892578
0 0.2880208333303331 0.5984374999906494 0.03437499999964193 0.06562499999897461
0 0.333854166663189 0.6468749999898926 0.04062499999957682 0.07499999999882813
0 0.3374999999964844 0.56640624999115 0.03333333333298611 0.0671874999989502
0 0.3666666666628472 0.5703124999910889 0.03124999999967448 0.06249999999902344
0 0.40260416666247284 0.5851562499908569 0.036458333332953556 0.07031249999890136
0 0.3947916666625543 0.7093749999889161 0.03958333333292101 0.06874999999892578
0 0.4322916666621636 0.5515624999913818 0.03333333333298611 0.06562499999897461
0 0.4619791666618544 0.5796874999909424 0.03437499999964193 0.06562499999897461
0 0.48124999999498697 0.5460937499914673 0.035416666666297746 0.0671874999989502
0 0.5312499999944661 0.5414062499915405 0.037499999999609374 0.07031249999890136
0 0.5614583333274848 0.5984374999906494 0.035416666666297746 0.07187499999887696
0 0.5244791666612033 0.713281249988855 0.04062499999957682 0.08593749999865723
0 0.6020833333270617 0.7070312499889527 0.04166666666623264 0.07031249999890136
0 0.5989583333270941 0.5515624999913818 0.035416666666297746 0.06562499999897461
0 0.62239583332685 0.5273437499917603 0.03229166666633029 0.051562499999194336
0 0.6359374999933757 0.5781249999909668 0.03854166666626519 0.06874999999892578
0 0.6749999999929688 0.5343749999916504 0.037499999999609374 0.07187499999887696
0 0.7020833333260199 0.5874999999908204 0.037499999999609374 0.06874999999892578
0 0.696354166659413 0.6921874999891846 0.03854166666626519 0.07499999999882813
0 0.7427083333255968 0.543749999991504 0.035416666666297746 0.06562499999897461
0 0.774999999991927 0.5968749999906738 0.04374999999954427 0.0781249999987793
0 0.786979166658469 0.6976562499890991 0.04062499999957682 0.07656249999880371
0 0.803645833324962 0.5289062499917359 0.042708333332888454 0.06406249999899903
0 0.84895833332449 0.5445312499914917 0.03958333333292101 0.06093749999904786
0 0.8635416666576714 0.7015624999890381 0.047916666666167534 0.08124999999873048
0 0.9187499999904297 0.5835937499908814 0.03333333333298611 0.06406249999899903
0 0.9588541666566786 0.5499999999914063 0.042708333332888454 0.07499999999882813
