0 0.04799999999904 0.5148648648509496 0.05599999999888 0.07297297297100074
0 0.0699999999986 0.4945945945812272 0.039999999999199995 0.06486486486311176
0 0.149999999997 0.495945945932542 0.04399999999912 0.06216216216048211
0 0.17799999999644 0.5337837837693572 0.0599999999988 0.07297297297100074
0 0.20399999999592 0.4918918918785975 0.02799999999944 0.054054054052593135
0 0.24799999999504 0.5067567567430606 0.03599999999928 0.06216216216048211
0 0.2549999999949 0.4729729729601899 0.025999999999479998 0.03243243243155588
0 0.30299999999394 0.5229729729588386 0.049999999999 0.06756756756574142
0 0.32099999999358 0.47027027025756024 0.03399999999932 0.04324324324207451
0 0.33699999999325997 0.49729729728385685 0.03399999999932 0.04864864864733382
0 0.37199999999256 0.49729729728385685 0.03599999999928 0.04864864864733382
0 0.39299999999213997 0.4810810810680789 0.025999999999479998 0.03243243243155588
0 0.43399999999132 0.46621621620361575 0.019999999999599997 0.035135135134185536
0 0.44899999999101997 0.49864864863517167 0.025999999999479998 0.04054054053944485
0 0.6399999999871999 0.5283783783640978 0.051999999998959996 0.07837837837626005
0 0.6949999999861 0.5081081080943755 0.037999999999239996 0.04324324324207451
0 0.7199999999855999 0.5324324324180424 0.04799999999904 0.06486486486311176
0 0.7599999999848 0.5716216216061724 0.05599999999888 0.08918918918677866
0 0.77699999998446 0.527027027012783 0.0299999999994 0.04324324324207451
0 0.81399999998372 0.5243243243101534 0.04399999999912 0.06486486486311176
0 0.84699999998306 0.5540540540390796 0.04599999999908 0.06486486486311176
0 0.88099999998238 0.5310810810667276 0.04599999999908 0.05675675675522279
