0 0.05807743658133408 0.30270270269452154 0.017356475300168806 0.04324324324207451
0 0.0353805073426518 0.4527027026904675 0.028037383177195764 0.07837837837626005
0 0.1809078771671441 0.3743243243142074 0.08144192256233056 0.1864864864814463
0 0.36849132175743005 0.2729729729655953 0.08010680907770218 0.22702702702089117
0 0.2550066755640186 0.4202702702589116 0.026702269692567393 0.05675675675522279
0 0.25901201601790375 0.5013513513378013 0.03204272363108088 0.07837837837626005
0 0.5360480640782904 0.30675675674846603 0.06542056074679012 0.17027027026566838
0 0.6288384512599622 0.3391891891800219 0.04272363150810783 0.1054054054025566
0 0.6548731642102154 0.3851351351247261 0.05473965286976316 0.13243243242885316
0 0.7336448598032892 0.3756756756655223 0.05473965286976316 0.1567567567525201
0 0.8044058744885928 0.46621621620361575 0.04672897196199294 0.11081081080781592
0 0.8805073431124099 0.36486486485500363 0.04939919893124968 0.10270270269992696
