0 0.04443359374978304 0.16996336996212483 0.05761718749971867 0.08644688644625313
0 0.1879882812490821 0.3750915750888272 0.14160156249930858 0.21098901098746528
0 0.23852539062383535 0.2802197802177273 0.08154296874960185 0.1340659340649519
0 0.20141601562401654 0.19523809523666494 0.04345703124978781 0.07545787545732266
0 0.2844238281236112 0.23553113552941005 0.062011718749697214 0.12087912087823532
0 0.26611328124870065 0.17106227106101787 0.04101562499979973 0.06520146520098753
0 0.307617187498498 0.18424908424773445 0.034179687499833106 0.062271062270606074
0 0.3793945312481475 0.1615384615372781 0.03515624999982834 0.08424908424846704
0 0.4157714843729699 0.30183150182929064 0.0893554687495637 0.15238095237983604
0 0.5021972656225479 0.4025641025611534 0.17529296874914407 0.2732600732580714
0 0.46899414062271 0.20073260073113017 0.04150390624979735 0.07912087912029948
0 0.5676269531222284 0.1681318681306364 0.03564453124982596 0.07985347985289484
0 0.5825195312471557 0.2278388278371587 0.059570312499709135 0.09816849816777899
0 0.654541015621804 0.2190476190460143 0.06103515624970198 0.10402930402854191
0 0.7229003906214703 0.28827838827627633 0.10107421874950648 0.17362637362510164
0 0.6782226562466884 0.151282051280943 0.04882812499976159 0.09304029303961144
0 0.786865234371158 0.18021978021845994 0.045410156249778275 0.09084249084182533
0 0.8222656249959851 0.21648351648193054 0.04687499999977112 0.09597069596999289
0 0.8754882812457252 0.2597069597050571 0.06640624999967576 0.12380952380861679
0 0.9575195312453246 0.21465201465044212 0.05761718749971867 0.1084249084241141
0 0.9309082031204546 0.1831501831488414 0.03857421874981165 0.08058608058549022
