0 0.34072189922398083 0.3451765719192714 0.12718023255783145 0.27691645133386344
0 0.5335513565878548 0.29543496985230217 0.09762596899201156 0.18949181739797807
0 0.7010658914711699 0.3219207579658832 0.10998062015477233 0.24504737295329437
0 0.9441618217031392 0.33139534883578214 0.11167635658887676 0.22179155899990616
0 0.9096414728660135 0.27131782945619587 0.07897286821686296 0.178294573642643
0 0.8387839147266503 0.2388027562435883 0.06710271317813202 0.1425495262698426
0 0.7515746124012801 0.21726959517563624 0.049176356589028164 0.10981912144655548
0 0.6314195736418813 0.2639965546930922 0.056928294573505504 0.11714039620965917
0 0.652495155037179 0.1815245478028358 0.050629844961117665 0.09948320413393849
0 0.591206395347405 0.2116709732979687 0.023498062015446953 0.04694229112813548
0 0.56952519379707 0.24375538328921725 0.040697674418506066 0.08096468561549973
0 0.4857073643399087 0.21231696813000725 0.02713178294567071 0.06029285099026575
0 0.5255571705413625 0.19142980189409375 0.04142441860455082 0.0796726959514226
0 0.4155765503865902 0.28488372092900566 0.04433139534872982 0.09259259259219384
0 0.39413759689827005 0.23449612402999787 0.03875968992238673 0.07278208440967794
0 0.2546027131776778 0.27627045650182486 0.04360465116268507 0.09689922480578425
0 0.21923449612349993 0.2179155900076748 0.03682170542626739 0.08354866494365397
0 0.1583091085267483 0.31503014642413857 0.07679263565872871 0.16494401378051274
0 0.10501453488346654 0.43195521102311824 0.10440891472842925 0.19724375538244082
0 0.08369670542615384 0.2566752799299885 0.05886627906962484 0.11714039620965917
0 0.14413759689887565 0.21037898363389157 0.05813953488358009 0.10809646856111932
0 0.19028585271271733 0.2349267872513569 0.03948643410843148 0.09345391903491192
