0 0.09624999999759376 0.5259259259064472 0.05749999999856251 0.0888888888855967
0 0.018749999999531253 0.5833333333117283 0.0324999999991875 0.09259259258916323
0 0.028749999999281253 0.5444444444242797 0.0424999999989375 0.0888888888855967
0 0.05624999999859375 0.7574074073793552 0.10749999999731251 0.17407407406762687
0 0.25874999999353127 0.3129629629513717 0.0724999999981875 0.14444444443909465
0 0.38124999999046877 0.42037037035480107 0.0424999999989375 0.062962962960631
0 0.3687499999907813 0.38518518517091904 0.047499999998812506 0.06666666666419753
0 0.4512499999887188 0.15925925925336076 0.0324999999991875 0.07407407407133058
0 0.479999999988 0.2314814814729081 0.02999999999925 0.062962962960631
0 0.4999999999875 0.21851851851042522 0.02999999999925 0.05925925925706447
0 0.5362499999865937 0.21296296295507544 0.0324999999991875 0.062962962960631
0 0.5662499999858438 0.2351851851764746 0.0274999999993125 0.05555555555349794
0 0.564999999985875 0.19999999999259258 0.02999999999925 0.05185185184993141
0 0.5874999999853125 0.2148148148068587 0.024999999999375 0.04444444444279835
0 0.6237499999844063 0.23703703702825787 0.0424999999989375 0.05925925925706447
0 0.6199999999845001 0.20740740739972563 0.02999999999925 0.03703703703566529
0 0.6199999999845001 0.1777777777711934 0.02999999999925 0.03703703703566529
0 0.6624999999834376 0.17962962962297668 0.02999999999925 0.04814814814636488
0 0.6874999999828125 0.2148148148068587 0.02999999999925 0.05185185184993141
0 0.6712499999832188 0.22222222221399177 0.0274999999993125 0.05185185184993141
0 0.4574999999885625 0.37777777776378596 0.039999999999 0.06666666666419753
0 0.13374999999665627 0.9074074073737997 0.1024999999974375 0.1777777777711934
0 0.26374999999340626 0.9129629629291495 0.1274999999968125 0.17407407406762687
0 0.4074999999898125 0.8722222221899176 0.1399999999965 0.24814814813895747
0 0.47499999998812503 0.9314814814469821 0.1399999999965 0.13703703703196157
0 0.644999999983875 0.8555555555238683 0.1399999999965 0.19999999999259258
0 0.7649999999808751 0.9296296295951989 0.144999999996375 0.1407407407355281
0 0.9299999999767501 0.8999999999666666 0.1399999999965 0.18518518517832647
0 0.8487499999787813 0.846296296264952 0.10749999999731251 0.15925925925336076
0 0.7849999999803751 0.790740740711454 0.119999999997 0.20370370369615912
0 0.9449999999763751 0.7370370370097393 0.0999999999975 0.17037037036406036
0 0.8487499999787813 0.5907407407188614 0.0724999999981875 0.09259259258916323
0 0.894999999977625 0.5425925925724966 0.0599999999985 0.10740740740342936
0 0.8337499999791563 0.511111111092181 0.0524999999986875 0.08148148147846364
0 0.824999999979375 0.4499999999833333 0.054999999998625 0.08518518518203018
0 0.7924999999801875 0.47407407405651575 0.044999999998875 0.08148148147846364
0 0.8062499999798438 0.42037037035480107 0.0424999999989375 0.05555555555349794
0 0.8087499999797813 0.3814814814673525 0.0424999999989375 0.05925925925706447
0 0.7399999999815 0.42037037035480107 0.044999999998875 0.07037037036776406
0 0.70999999998225 0.3277777777656378 0.039999999999 0.05555555555349794
0 0.7487499999812813 0.35370370369060355 0.047499999998812506 0.062962962960631
0 0.7912499999802188 0.3129629629513717 0.047499999998812506 0.05555555555349794
0 0.804999999979875 0.3574074073941701 0.039999999999 0.05555555555349794
0 0.74999999998125 0.21851851851042522 0.034999999999125 0.05925925925706447
0 0.7174999999820625 0.18148148147475993 0.024999999999375 0.05185185184993141
0 0.6762499999830938 0.4722222222047325 0.0524999999986875 0.09259259258916323
0 0.6237499999844063 0.4981481481296982 0.05749999999856251 0.09259259258916323
0 0.6387499999840313 0.5870370370152949 0.0824999999979375 0.09999999999629629
0 0.594999999985125 0.475925925908299 0.044999999998875 0.08518518518203018
0 0.5662499999858438 0.4351851851690672 0.0424999999989375 0.07777777777489711
0 0.6062499999848437 0.4259259259101509 0.0424999999989375 0.06666666666419753
0 0.6074999999848125 0.3648148148013031 0.039999999999 0.07777777777489711
0 0.5637499999859062 0.3925925925780521 0.037499999999062505 0.05925925925706447
0 0.5624999999859376 0.349999999987037 0.034999999999125 0.05555555555349794
0 0.4987499999875313 0.3648148148013031 0.037499999999062505 0.062962962960631
0 0.519999999987 0.35370370369060355 0.039999999999 0.07037037036776406
0 0.6724999999831875 0.36851851850486966 0.039999999999 0.07037037036776406
0 0.6049999999848751 0.314814814803155 0.024999999999375 0.04444444444279835
0 0.8674999999783125 0.33333333332098763 0.044999999998875 0.07407407407133058
0 0.8937499999776563 0.42222222220658434 0.047499999998812506 0.09629629629272976
0 0.9187499999770313 0.39074074072626885 0.037499999999062505 0.07037037036776406
0 0.9737499999756563 0.251851851842524 0.0324999999991875 0.05925925925706447
0 0.9774999999755626 0.2055555555479424 0.034999999999125 0.062962962960631
0 0.9537499999761563 0.16666666666049382 0.0224999999994375 0.04444444444279835
0 0.9324999999766875 0.16481481480871055 0.02999999999925 0.05555555555349794
0 0.9212499999769688 0.21666666665864195 0.0424999999989375 0.062962962960631
0 0.8537499999786563 0.2351851851764746 0.0424999999989375 0.062962962960631
0 0.8224999999794376 0.2148148148068587 0.024999999999375 0.04444444444279835
0 0.8012499999799688 0.25925925924965704 0.0324999999991875 0.06666666666419753
0 0.7762499999805937 0.1944444444372428 0.0324999999991875 0.062962962960631
0 0.7374999999815626 0.16481481480871055 0.02999999999925 0.05555555555349794
0 0.8024999999799376 0.1518518518462277 0.02999999999925 0.05925925925706447
0 0.8262499999793438 0.17592592591941014 0.0274999999993125 0.04814814814636488
0 0.8612499999784688 0.1833333333265432 0.0274999999993125 0.04074074073923182
0 0.879999999978 0.16666666666049382 0.024999999999375 0.04444444444279835
0 0.9812499999754688 0.1407407407355281 0.0274999999993125 0.05925925925706447
