0 0.05034722222209735 0.4803240740724857 0.045138888888776936 0.061177248677046374
0 0.08978174603152335 0.5403439153421284 0.05505952380938725 0.0694444444442148
0 0.3152281746023928 0.530257936506183 0.05952380952366189 0.08300264550237102
0 0.2905505952373746 0.48379629629469645 0.04141865079354807 0.06613756613734743
0 0.4223710317449842 0.5924272486752896 0.10218253968228624 0.14715608465559804
0 0.48710317460196645 0.5548941798923449 0.048115079364960026 0.09193121693091293
0 0.4588293650782271 0.4636243386228055 0.03670634920625817 0.06216931216910658
0 0.5610119047605133 0.4971891534375093 0.032242063491983525 0.0552248677246851
0 0.6297123015857398 0.4952050264533889 0.049603174603051574 0.08498677248649145
0 0.6997767857125501 0.5734126984108022 0.07812499999980624 0.13558201058156222
0 0.8373015872995107 0.5257936507919121 0.048115079364960026 0.0820105820103108
