0 0.11998456790077167 0.6121926229476835 0.08179012345647457 0.09426229508148433
0 0.02276234567892453 0.5581454918004194 0.04166666666650592 0.0773565573766529
0 0.2868441358013625 0.5709528688495341 0.03279320987641669 0.04047131147520251
0 0.3545524691344346 0.46951844262054554 0.03317901234555101 0.05584016393414017
0 0.3680555555541356 0.5970799180297282 0.04706790123438631 0.08043032786844043
0 0.39699074073920915 0.7633196721272372 0.1921296296288884 0.25614754098229436
0 0.4564043209858935 0.5878586065543655 0.043209876543043174 0.07428278688486536
0 0.4785879629611166 0.5783811475380206 0.033564814814685325 0.053278688524317226
0 0.5111882716029661 0.5881147540953479 0.040895061728237286 0.05840163934396311
0 0.6506558641950206 0.6370389344229661 0.05054012345659514 0.07428278688486536
0 0.7264660493799133 0.6086065573739314 0.043209876543043174 0.06557377049146736
0 0.7127700617256452 0.5929815573740115 0.028163580246804924 0.04047131147520251
0 0.5978009259236197 0.5156249999973586 0.025077160493730412 0.04047131147520251
0 0.8099922839474923 0.6111680327837543 0.0273919753085363 0.04405737704895463
0 0.8238811728363277 0.5950307377018698 0.026620370370267668 0.038422131147344156
0 0.8423996913547748 0.6375512295049307 0.05131172839486377 0.07325819672093618
0 0.9189814814779361 0.690061475406301 0.11651234567856285 0.14344262295008484
0 0.8730709876509527 0.6232069672099222 0.04783950617265494 0.06608606557343194
