0 0.058999999998819996 0.24599999999015998 0.04599999999908 0.09999999999599998
0 0.08599999999828 0.5079999999796799 0.05599999999888 0.10399999999583999
0 0.16899999999662 0.46999999998119996 0.049999999999 0.10799999999568
0 0.14399999999712 0.29599999998815996 0.04399999999912 0.08799999999647999
0 0.16899999999662 0.14599999999416 0.03399999999932 0.09199999999632
0 0.22299999999554 0.24599999999015998 0.04199999999916 0.10799999999568
0 0.25899999999482 0.24199999999031999 0.03399999999932 0.09199999999632
0 0.26399999999472 0.16599999999336 0.03599999999928 0.08399999999663998
0 0.31599999999368 0.14599999999416 0.03199999999936 0.07599999999696
0 0.31199999999376 0.27199999998911994 0.039999999999199995 0.07199999999711999
0 0.2299999999954 0.43399999998263994 0.04399999999912 0.10799999999568
0 0.29399999999411996 0.47399999998104 0.051999999998959996 0.10799999999568
0 0.3749999999925 0.2599999999896 0.037999999999239996 0.09599999999615999
0 0.35199999999296 0.42799999998287996 0.04799999999904 0.10399999999583999
0 0.41599999999167997 0.47999999998079995 0.04799999999904 0.11999999999519999
0 0.43899999999121997 0.54599999997816 0.06599999999868 0.17199999999312
0 0.49399999999011995 0.45599999998175994 0.04399999999912 0.11199999999551999
0 0.40899999999181996 0.23999999999039998 0.0299999999994 0.09599999999615999
0 0.38299999999233997 0.13199999999471998 0.0299999999994 0.07999999999679999
0 0.42899999999141997 0.13599999999455997 0.025999999999479998 0.07199999999711999
0 0.46099999999078 0.1299999999948 0.0299999999994 0.07599999999696
0 0.44699999999106 0.23799999999047997 0.037999999999239996 0.09199999999632
0 0.49399999999011995 0.21999999999119998 0.03199999999936 0.07199999999711999
0 0.51299999998974 0.13199999999471998 0.03399999999932 0.07999999999679999
0 0.52699999998946 0.26799999998928 0.037999999999239996 0.08799999999647999
0 0.56399999998872 0.27799999998888 0.03199999999936 0.09199999999632
0 0.57699999998846 0.39399999998423996 0.049999999999 0.11599999999535998
0 0.55099999998898 0.5399999999784 0.06599999999868 0.15199999999392
0 0.6599999999867999 0.49599999998016 0.0599999999988 0.14399999999423999
0 0.61599999998768 0.24999999998999997 0.03599999999928 0.09999999999599998
0 0.56599999998868 0.15599999999376 0.03599999999928 0.08799999999647999
0 0.6009999999879799 0.13599999999455997 0.037999999999239996 0.07999999999679999
0 0.64399999998712 0.14399999999423999 0.02799999999944 0.07199999999711999
0 0.68799999998624 0.20399999999184 0.03599999999928 0.08799999999647999
0 0.7149999999857 0.36799999998528 0.04199999999916 0.08799999999647999
0 0.7589999999848199 0.22399999999103998 0.037999999999239996 0.08799999999647999
0 0.75799999998484 0.46999999998119996 0.05599999999888 0.14799999999407998
0 0.82299999998354 0.42799999998287996 0.049999999999 0.10399999999583999
0 0.87399999998252 0.38999999998439994 0.03599999999928 0.09999999999599998
0 0.9299999999813999 0.4299999999828 0.04399999999912 0.11599999999535998
0 0.86199999998276 0.2599999999896 0.04399999999912 0.10399999999583999
