0 0.24916666666251389 0.2815934065856705 0.1516666666641389 0.38186813185764096
0 0.442499999992625 0.42994505493324325 0.048333333332527775 0.1016483516455591
0 0.5224999999912917 0.44093406592195233 0.04499999999925 0.08516483516249547
0 0.4991666666583472 0.36401098900098866 0.034999999999416664 0.07967032966814092
0 0.5766666666570556 0.3708791208689319 0.03999999999933333 0.0714285714266091
0 0.5574999999907083 0.3076923076838546 0.038333333332694446 0.06043956043790001
0 0.6166666666563889 0.4519230769106614 0.04666666666588889 0.08516483516249547
0 0.6199999999896667 0.3379120879028046 0.03666666666605556 0.06593406593225455
0 0.6516666666558055 0.2980769230687341 0.03333333333277778 0.05219780219636819
0 0.6499999999891667 0.3749999999896978 0.03333333333277778 0.06318681318507728
0 0.7149999999880833 0.45604395603142733 0.04666666666588889 0.0824175824153182
0 0.7366666666543888 0.3901098900991728 0.03666666666605556 0.0714285714266091
0 0.6991666666550139 0.3310439560348614 0.03166666666613889 0.06318681318507728
0 0.7308333333211527 0.30494505493667734 0.024999999999583335 0.06593406593225455
0 0.7766666666537222 0.3282967032876841 0.03666666666605556 0.06868131867943182
0 0.8274999999862083 0.45879120877860463 0.05499999999908333 0.09890109889838183
0 0.8383333333193611 0.3873626373519955 0.04333333333261111 0.0824175824153182
0 0.8499999999858333 0.3269230769140955 0.0299999999995 0.054945054943545464
0 0.9349999999844166 0.3090659340574432 0.0299999999995 0.05219780219636819
0 0.9408333333176527 0.38186813185764096 0.038333333332694446 0.0714285714266091
0 0.9491666666508473 0.33928571427639326 0.024999999999583335 0.05219780219636819
0 0.94499999998425 0.47252747251449095 0.04999999999916667 0.09890109889838183
