0 0.3133333333307223 0.369985141153492 0.049999999999583336 0.08023774145497417
0 0.18374999999846878 0.5817236255485628 0.05416666666621528 0.10549777117228086
0 0.23166666666473612 0.6092124814173965 0.049999999999583336 0.10104011886922674
0 0.26124999999782295 0.7986627042971967 0.09583333333253473 0.18573551262725504
0 0.15624999999869793 0.7280832094988398 0.08916666666592361 0.16047548290994834
0 0.07333333333272223 0.6493313521448836 0.06999999999941667 0.13372956909162362
0 0.037499999999687506 0.7102526002866233 0.06166666666615278 0.13075780088958755
0 0.3099999999974167 0.6181277860235048 0.05999999999950001 0.11887072808144322
0 0.3708333333302431 0.7228826151452766 0.08833333333259723 0.1441307577987499
0 0.4399999999963334 0.6723625557106633 0.06499999999945834 0.13818722139467776
0 0.5249999999956251 0.844725111428756 0.10499999999912502 0.2065378900415076
0 0.5787499999951772 0.7563150074181825 0.08416666666596528 0.14858841010180404
0 0.5454166666621216 0.6017830609123064 0.05416666666621528 0.10698365527329891
0 0.632083333328066 0.6158989598719777 0.05749999999952084 0.0995542347682087
0 0.6404166666613299 0.5542347696797291 0.05416666666621528 0.10698365527329891
0 0.7879166666601007 0.6106983655184146 0.05583333333286806 0.11887072808144322
0 0.7766666666601945 0.5705794947909275 0.051666666666236115 0.10104011886922674
0 0.8537499999928855 0.8878157503582791 0.13916666666550695 0.221396731051688
0 0.904166666659132 0.3774145616585822 0.11999999999900002 0.22585438335474212
