0 0.3187499999960156 0.8049999999865833 0.16249999999796874 0.2966666666617222
0 0.1787499999977656 0.6399999999893333 0.09499999999881249 0.15999999999733333
0 0.0449999999994375 0.5433333333242778 0.0449999999994375 0.08333333333194444
0 0.05999999999925 0.4966666666583889 0.03749999999953125 0.05666666666572222
0 0.020624999999742186 0.45499999999241664 0.028749999999640622 0.04999999999916667
0 0.05062499999936718 0.46499999999225 0.026249999999671873 0.03333333333277778
0 0.06187499999922656 0.44166666665930554 0.026249999999671873 0.0299999999995
0 0.07937499999900781 0.4541666666590972 0.016249999999796875 0.024999999999583335
0 0.10249999999871874 0.4558333333257361 0.03249999999959375 0.04499999999925
0 0.09812499999877343 0.4966666666583889 0.04124999999948437 0.06333333333227778
0 0.1393749999982578 0.5116666666581389 0.04124999999948437 0.07333333333211112
0 0.13812499999827343 0.4633333333256111 0.031249999999609375 0.04666666666588889
0 0.13187499999835156 0.39833333332669446 0.018749999999765624 0.026666666666222222
0 0.22749999999715623 0.3849999999935833 0.01999999999975 0.0299999999995
0 0.3087499999961406 0.3758333333270694 0.0149999999998125 0.034999999999416664
0 0.34624999999567185 0.43249999999279165 0.01999999999975 0.034999999999416664
0 0.36687499999541406 0.4333333333261111 0.016249999999796875 0.0299999999995
0 0.3893749999951328 0.4391666666593472 0.018749999999765624 0.02833333333286111
0 0.6556249999918047 0.4108333333264861 0.021249999999734374 0.03166666666613889
0 0.6631249999917109 0.4483333333258611 0.023749999999703123 0.04333333333261111
0 0.6424999999919687 0.45333333332577774 0.01749999999978125 0.03333333333277778
0 0.7356249999908047 0.5908333333234861 0.05124999999935937 0.08499999999858333
0 0.7631249999904609 0.5333333333244444 0.033749999999578124 0.04666666666588889
0 0.7412499999907344 0.5258333333245694 0.03249999999959375 0.04499999999925
0 0.7487499999906406 0.5016666666583055 0.0349999999995625 0.03999999999933333
0 0.9393749999882578 0.5616666666573056 0.033749999999578124 0.06666666666555555
0 0.9549999999880624 0.5458333333242361 0.0399999999995 0.06499999999891666
0 0.6843749999914452 0.52499999999125 0.031249999999609375 0.04666666666588889
0 0.7043749999911952 0.5083333333248611 0.031249999999609375 0.04666666666588889
0 0.6262499999921718 0.5124999999914583 0.029999999999625 0.04499999999925
0 0.6306249999921172 0.5491666666575139 0.04624999999942187 0.06833333333219445
0 0.5962499999925468 0.5966666666567222 0.0399999999995 0.06666666666555555
0 0.5556249999930547 0.5649999999905834 0.05874999999926562 0.08333333333194444
0 0.5562499999930468 0.5224999999912917 0.0399999999995 0.048333333332527775
0 0.5681249999928984 0.4991666666583472 0.023749999999703123 0.04166666666597222
0 0.5074999999936562 0.5149999999914167 0.03749999999953125 0.05666666666572222
0 0.4949999999938125 0.4933333333251111 0.02249999999971875 0.03666666666605556
0 0.48374999999395313 0.4833333333252778 0.02249999999971875 0.03333333333277778
0 0.46187499999422654 0.5216666666579722 0.031249999999609375 0.04999999999916667
0 0.41499999999481246 0.6208333333229861 0.1249999999984375 0.17166666666380556
0 0.4274999999946562 0.4908333333251528 0.029999999999625 0.051666666665805557
0 0.37812499999527344 0.4766666666587222 0.026249999999671873 0.03666666666605556
0 0.309999999996125 0.49416666665843056 0.03249999999959375 0.051666666665805557
0 0.31937499999600777 0.5433333333242778 0.04124999999948437 0.06333333333227778
0 0.27687499999653903 0.5291666666578472 0.04124999999948437 0.06833333333219445
0 0.2512499999968594 0.4916666666584722 0.03249999999959375 0.04999999999916667
0 0.24374999999695313 0.4666666666588889 0.02249999999971875 0.03666666666605556
0 0.21312499999733592 0.4699999999921667 0.028749999999640622 0.04999999999916667
0 0.17624999999779686 0.4716666666588055 0.01999999999975 0.03666666666605556
0 0.32312499999596095 0.4774999999920417 0.021249999999734374 0.02833333333286111
