0 0.5616666666573056 0.34874999999128126 0.0299999999995 0.047499999998812506
0 0.6399999999893333 0.45999999998850005 0.04333333333261111 0.06999999999825
0 0.742499999987625 0.4474999999888125 0.04499999999925 0.064999999998375
0 0.8066666666532222 0.5224999999869375 0.059999999999 0.104999999997375
0 0.8441666666525972 0.46749999998831254 0.038333333332694446 0.07499999999812501
0 0.8983333333183611 0.47499999998812503 0.053333333332444444 0.08999999999775
0 0.9608333333173195 0.47624999998809375 0.051666666665805557 0.08749999999781251
0 0.9758333333170695 0.5537499999861563 0.048333333332527775 0.10749999999731251
0 0.4991666666583472 0.5112499999872188 0.07166666666547222 0.10749999999731251
0 0.42666666665955555 0.5999999999850001 0.10999999999816666 0.164999999995875
0 0.3724999999937917 0.5237499999869063 0.06499999999891666 0.09749999999756251
0 0.37499999999375 0.45999999998850005 0.03333333333277778 0.064999999998375
0 0.32749999999454166 0.47124999998821876 0.038333333332694446 0.05749999999856251
0 0.2641666666622639 0.46999999998825004 0.05833333333236111 0.079999999998
0 0.2308333333294861 0.4987499999875313 0.05499999999908333 0.07749999999806251
0 0.15999999999733333 0.5312499999867187 0.07999999999866667 0.09749999999756251
0 0.1558333333307361 0.4812499999879688 0.05499999999908333 0.0724999999981875
0 0.09999999999833334 0.5124999999871875 0.053333333332444444 0.09499999999762501
0 0.052499999999125 0.4424999999889375 0.048333333332527775 0.07499999999812501
0 0.022499999999625 0.494999999987625 0.04166666666597222 0.11499999999712501
