0 0.16849315068031526 0.6136363636252066 0.08493150684698818 0.07090909090780165
0 0.3890410958797523 0.5372727272629586 0.07123287671037717 0.049090909090016524
0 0.3479452054699193 0.4599999999916363 0.07123287671037717 0.047272727271867765
0 0.49452054793165695 0.4381818181738512 0.04109589040983299 0.029090909090380163
0 0.5273972602595234 0.41818181817421485 0.03561643835518859 0.029090909090380163
0 0.6794520547759054 0.45545454544626446 0.07123287671037717 0.03818181818112396
0 0.7342465753223494 0.4299999999921818 0.05479452054644399 0.034545454544826444
0 0.6520547945026834 0.6272727272613222 0.10958904109288797 0.061818181817057845
0 0.3890410958797523 0.8609090908934379 0.13150684931146556 0.09636363636188429
0 0.8972602739480202 0.8663636363478843 0.16164383561200976 0.12909090908856197
0 0.7493150684726215 0.5409090908992562 0.06301369862841058 0.045454545453719006
0 0.8369863013469319 0.47727272726404957 0.057534246573766185 0.04181818181742149
0 0.9465753424398199 0.4572727272644132 0.057534246573766185 0.04181818181742149
