0 0.06899999999862 0.6441441441248005 0.09799999999804 0.15315315314855396
0 0.06399999999872 0.48048048046605163 0.05599999999888 0.08408408408155903
0 0.019999999999599997 0.4519519519383798 0.03599999999928 0.08108108107864621
0 0.12299999999754 0.43393393392090285 0.04599999999908 0.06306306306116927
0 0.1899999999962 0.4549549549412926 0.04399999999912 0.06906906906699492
0 0.17999999999639998 0.5420420420257644 0.07199999999856 0.11111111110777443
0 0.33199999999336 0.5015015014864413 0.051999999998959996 0.08408408408155903
0 0.23099999999537998 0.4144144144019695 0.03399999999932 0.05405405405243081
0 0.2899999999942 0.42042042040779515 0.03599999999928 0.05405405405243081
0 0.29899999999402 0.38138138136992844 0.03399999999932 0.04804804804660516
0 0.36299999999273996 0.40840840839614384 0.03399999999932 0.05405405405243081
0 0.40399999999192 0.3768768768655592 0.02799999999944 0.04504504504369234
0 0.42599999999147997 0.3963963963844926 0.02799999999944 0.04804804804660516
0 0.46299999999074 0.3753753753641028 0.02199999999956 0.03603603603495387
0 0.55599999998888 0.2897897897810874 0.03199999999936 0.06306306306116927
0 0.5699999999886 0.4249249249121644 0.039999999999199995 0.06306306306116927
0 0.47899999999042 0.4279279279150772 0.04599999999908 0.05705705705534363
0 0.40599999999187997 0.4699699699558567 0.04799999999904 0.06906906906699492
0 0.32099999999358 0.5990990990811081 0.08199999999836 0.11111111110777443
0 0.28699999999426 0.7942942942704415 0.1299999999974 0.18318318317768217
0 0.5089999999898199 0.6231231231044106 0.07799999999844 0.14114114113690265
0 0.49199999999016 0.5030030029878978 0.05599999999888 0.0930930930902975
0 0.53399999998932 0.47597597596168234 0.039999999999199995 0.08708708708447185
0 0.53699999998926 0.4099099098976003 0.0299999999994 0.05705705705534363
0 0.65299999998694 0.4954954954806157 0.04599999999908 0.07207207206990773
0 0.59199999998816 0.5570570570403286 0.0599999999988 0.10510510510194879
0 0.7549999999849 0.668168168148103 0.10599999999788 0.135135135131077
0 0.6399999999871999 0.9174174173898673 0.15599999999688 0.1591591591543796
0 0.7549999999849 0.5645645645476106 0.06199999999876 0.10810810810486161
0 0.80299999998394 0.5360360360199388 0.04599999999908 0.08708708708447185
0 0.82099999998358 0.4639639639500311 0.04599999999908 0.07507507507282056
0 0.8149999999837 0.43093093091799 0.037999999999239996 0.04504504504369234
0 0.82799999998344 0.40840840839614384 0.03199999999936 0.04204204204077951
0 0.68299999998634 0.4429429429296413 0.03399999999932 0.05105105104951798
0 0.6599999999867999 0.4039039038917746 0.02799999999944 0.05105105104951798
0 0.71599999998568 0.42192192190925154 0.03199999999936 0.05105105104951798
0 0.7399999999851999 0.4129129129005131 0.02799999999944 0.04504504504369234
0 0.73799999998524 0.25225225224467707 0.03199999999936 0.04804804804660516
