0 0.01766666666654889 0.52814070351228 0.03133333333312445 0.053266331657756114
0 0.06333333333291112 0.6417085427071185 0.050666666666328894 0.07135678391888084
0 0.0449999999997 0.6246231155716119 0.03266666666644889 0.06130653266270043
0 0.22366666666517557 0.5201005025073356 0.024666666666502225 0.04321608040157572
0 0.2573333333316178 0.5105527638139643 0.02666666666648889 0.04623115577842984
0 0.32366666666450894 0.6663316582847605 0.06199999999958667 0.10452261306427615
0 0.3949999999973667 0.7125628140631903 0.07799999999948001 0.11658291457169263
0 0.42466666666383557 0.6597989949682432 0.038666666666408896 0.07135678391888084
0 0.47033333333019783 0.6723618090384688 0.051333333332991116 0.09447236180809576
0 0.4603333333302645 0.504522613060256 0.021999999999853335 0.03819095477348552
0 0.5296666666631356 0.6658291457219515 0.04066666666639556 0.07336683417011691
0 0.5446666666630356 0.7412060301433044 0.07733333333281779 0.11155778894360244
0 0.5693333333295378 0.8396984924538724 0.13333333333244446 0.18994974874180956
0 0.5713333333295245 0.6783919597921769 0.04799999999968001 0.0804020100494432
0 0.7186666666618756 0.6638190954707154 0.050666666666328894 0.09145728643124164
0 0.7539999999949734 0.7391959798920684 0.07599999999949333 0.10552763818989419
0 0.7726666666615156 0.8120603014993762 0.11066666666592889 0.1688442211038307
0 0.8453333333276979 0.7412060301433044 0.06933333333287112 0.09346733668247771
0 0.8266666666611556 0.6974874371789197 0.059999999999600005 0.08643216080315144
0 0.899999999994 0.5487437185874499 0.03199999999978667 0.06633165829079063
0 0.968666666660209 0.6904522612995935 0.0626666666662489 0.10251256281304008
