0 0.09291187739285608 0.5331412103592754 0.032567049807805226 0.06340057636704897
0 0.08141762451951307 0.4956772334151101 0.028735632183357555 0.05187319884576734
0 0.14176245210456392 0.5273775215986346 0.026819923371133716 0.04610951008512652
0 0.16475095785124996 0.5331412103592754 0.038314176244476736 0.06916426512768978
0 0.19827586206516712 0.5778097982542417 0.051724137930043594 0.08357348702929182
0 0.26149425286855377 0.6455331411917713 0.0670498084278343 0.10374639769153468
0 0.270114942523561 0.5100864553167122 0.022988505746686042 0.040345821324485706
0 0.26149425286855377 0.4927953890347897 0.021072796934462207 0.03458213256384489
0 0.28831417623968747 0.4913544668446295 0.02490421455890988 0.04899135446544693
0 0.32471264367194036 0.49999999998559075 0.028735632183357555 0.04899135446544693
0 0.3419540229819549 0.4769452449430275 0.021072796934462207 0.043227665704806115
0 0.3563218390736337 0.5288184437887948 0.038314176244476736 0.06051873198672856
0 0.4070881225975653 0.5417867435002367 0.040229885056700575 0.06340057636704897
0 0.4147509578464607 0.4855907780839887 0.02490421455890988 0.043227665704806115
0 0.4425287356237063 0.4322766570480612 0.019157088122238368 0.040345821324485706
0 0.46360153255816855 0.4985590777954305 0.026819923371133716 0.05187319884576734
0 0.4779693486498473 0.5489913544510376 0.04789272030559592 0.08357348702929182
0 0.5067049808332049 0.5115273775068724 0.032567049807805226 0.06051873198672856
0 0.4865900383048546 0.47550432275286725 0.026819923371133716 0.05187319884576734
0 0.5105363984576525 0.47118155618238666 0.021072796934462207 0.0374639769441653
0 0.5354406130165624 0.49711815560527034 0.028735632183357555 0.05475504322608775
0 0.5574712643571366 0.47118155618238666 0.022988505746686042 0.04899135446544693
0 0.5996168582260609 0.4956772334151101 0.034482758620029065 0.06340057636704897
0 0.6178160919421875 0.46829971180206625 0.032567049807805226 0.04899135446544693
0 0.6513409961561045 0.5216138328379938 0.04980842911781976 0.08069164264897141
0 0.7183908045839389 0.48126801151350806 0.034482758620029065 0.05763688760640816
0 0.7749042145445421 0.4855907780839887 0.032567049807805226 0.05475504322608775
0 0.8438697317846001 0.4913544668446295 0.040229885056700575 0.077809798268651
0 0.975095785421933 0.4769452449430275 0.045977011493372084 0.08357348702929182
