0 0.10768995098006222 0.420380434780324 0.024203431372474864 0.051630434782328094
0 0.15747549019559595 0.39809782608479294 0.0318627450979416 0.06684782608659322
0 0.19194240196019624 0.4149456521716579 0.028492647058736234 0.05815217391272744
0 0.2368259803914313 0.4062499999977921 0.03492647058812829 0.06032608695619388
0 0.2991727941167305 0.40326086956302576 0.027267156862661557 0.06413043478226016
0 0.3166360294107946 0.37472826086752864 0.024203431372474864 0.059239130434460656
0 0.3417585784303255 0.3951086956500266 0.03707107843125897 0.07282608695612594
0 0.4113051470575634 0.44021739130195536 0.03707107843125897 0.06956521739092628
0 0.4276960784300622 0.4092391304325585 0.027573529411680228 0.061956521738793714
0 0.47181372548875056 0.46059782608445327 0.04105392156850167 0.07663043478219222
0 0.5370710784297271 0.47961956521478466 0.03492647058812829 0.06902173913005967
0 0.6268382352921972 0.41168478260645824 0.04289215686261369 0.08641304347779123
0 0.7149203431350646 0.4475543478236546 0.04381127450966969 0.0940217391299238
0 0.7409620098016514 0.39184782608482693 0.03216911764696027 0.08152173912999174
0 0.8218443627425801 0.4624999999974864 0.05851715686256582 0.11086956521678876
0 0.8719362745071325 0.40815217391082526 0.045955882352800376 0.08913043478212429
