0 0.05099999999898 0.3509036144472619 0.053999999998919995 0.09337349397309115
0 0.15099999999698 0.44879518070937363 0.14199999999715998 0.24096385541442877
0 0.19099999999618 0.3072289156533967 0.07799999999844 0.13253012047793583
0 0.28599999999428 0.44427710842035306 0.099999999998 0.2018072289095841
0 0.29699999999406 0.3162650602314378 0.06599999999868 0.10843373493649296
0 0.49899999999002 0.1265060240925751 0.09799999999804 0.20481927710226447
0 0.63899999998722 0.3734939758923646 0.08999999999819999 0.16867469879010014
0 0.66599999998668 0.3162650602314378 0.06399999999872 0.14457831324865728
0 0.71099999998578 0.3162650602314378 0.06199999999876 0.150602409634018
0 0.67899999998642 0.7484939758810694 0.23799999999524 0.4367469879386522
0 0.849999999983 0.5406626505861246 0.17999999999639998 0.3102409638460771
0 0.9449999999811 0.40512048191550837 0.1099999999978 0.2921686746899949
