0 0.18164794007150473 0.05624999999859375 0.07116104868780597 0.10749999999731251
0 0.22752808988337964 0.19874999999503126 0.05805243445584172 0.09749999999756251
0 0.31928838950712946 0.18374999999540625 0.05805243445584172 0.11749999999706251
0 0.42228464418684863 0.1474999999963125 0.06554307115982129 0.124999999996875
0 0.5205992509265805 0.2862499999928438 0.06367041198382639 0.11749999999706251
0 0.5543071160944887 0.31874999999203124 0.08239700374377534 0.1224999999969375
0 0.6207865168423073 0.09374999999765625 0.05430711610385193 0.1024999999974375
0 0.6629213483021925 0.23499999999412502 0.07116104868780597 0.11499999999712501
0 0.7827715355658658 0.1624999999959375 0.07490636703979577 0.12999999999675
0 0.8988764044775491 0.164999999995875 0.06367041198382639 0.13499999999662501
0 0.9204119850014905 0.20624999999484375 0.05805243445584172 0.1374999999965625
0 0.9737827715173449 0.19374999999515627 0.05243445692785703 0.1424999999964375
