0 0.1610360360324091 0.6988636363437823 0.14639639639309918 0.14772727272307593
0 0.14076576576259536 0.4999999999857955 0.09684684684466562 0.10795454545147858
0 0.18693693693272664 0.3920454545343169 0.09009009008806104 0.0852272727248515
0 0.036036036035224414 0.31534090908195056 0.058558558557239675 0.0852272727248515
0 0.16891891891511443 0.2542613636291403 0.07207207207044883 0.08238636363402312
0 0.21621621621134648 0.21590909090295715 0.04954954954843357 0.062499999998224434
0 0.3063063062994075 0.22869318181168485 0.06756756756604577 0.07102272727070959
0 0.24887387386826862 0.311079545445708 0.07432432432265035 0.09374999999733666
0 0.3299549549475235 0.5269886363486651 0.11486486486227782 0.10511363636065019
0 0.38400900900036017 0.38210227271641756 0.09684684684466562 0.09943181817899342
0 0.4774774774667235 0.2215909090846139 0.04954954954843357 0.0681818181798812
0 0.6103603603466136 0.21448863635754295 0.058558558557239675 0.05965909090739605
0 0.550675675663273 0.2997159090823944 0.05630630630503815 0.07670454545236635
0 0.5979729729595051 0.38210227271641756 0.07432432432265035 0.08238636363402312
0 0.6418918918774349 0.5610795454386057 0.11711711711447935 0.19602272726715844
0 0.6430180180035356 0.7315340908883087 0.15990990990630835 0.16193181817721786
0 0.9538288288073462 0.4999999999857955 0.09234234234026256 0.1363636363597624
0 0.9110360360155172 0.38778409089807436 0.10585585585347172 0.1221590909056205
0 0.7781531531356272 0.2514204545383119 0.0788288288270534 0.09943181817899342
0 0.7443693693526043 0.19318181817633007 0.06531531531384425 0.07954545454319474
