0 0.05624999999929687 0.442776735451355 0.05999999999925 0.08630393996085733
0 0.13624999999829687 0.4005628517748487 0.03249999999959375 0.058161350843186466
0 0.16312499999796093 0.4183864915493736 0.05124999999935937 0.09005628517654678
0 0.19749999999753123 0.3855534709120909 0.0399999999995 0.06566604127456536
0 0.2449999999969375 0.41744840524545124 0.0399999999995 0.06191369605887591
0 0.28062499999649215 0.39868667916700395 0.04124999999948437 0.058161350843186466
0 0.2549999999968125 0.37617260787286727 0.024999999999687498 0.04690431519611812
0 0.3356249999958047 0.3714821763532555 0.028749999999640622 0.05628517823534174
0 0.4074999999949062 0.4624765478337246 0.06249999999921875 0.09568480300008095
0 0.41187499999485155 0.41651031894152885 0.04374999999945312 0.06378986866672064
0 0.4493749999943828 0.3958724202552369 0.04374999999945312 0.07504690431378898
0 0.506874999993664 0.2739212007453298 0.026249999999671873 0.04878048780396284
0 0.5287499999933906 0.3714821763532555 0.0399999999995 0.06378986866672064
0 0.553124999993086 0.4437148217552774 0.04624999999942187 0.07317073170594426
0 0.5762499999927968 0.3977485928630816 0.0399999999995 0.06754221388241008
0 0.6206249999922422 0.4681050656572588 0.06374999999920312 0.1069418386471493
0 0.6524999999918437 0.38649155721601325 0.03249999999959375 0.05253283301965229
0 0.6862499999914219 0.4146341463336841 0.027499999999656247 0.04502814258827339
0 0.719999999991 0.4202626641572183 0.0349999999995625 0.05253283301965229
0 0.7324999999908437 0.38930581612778037 0.029999999999625 0.04315196998042867
0 0.7743749999903202 0.3902439024317027 0.03874999999951562 0.06003752345103119
0 0.8068749999899141 0.4380863039317432 0.05124999999935937 0.06191369605887591
0 0.8437499999894531 0.43151969980428667 0.029999999999625 0.05628517823534174
0 0.9506249999881171 0.49155722325531787 0.07374999999907812 0.11632270168637293
0 0.9343749999883203 0.4277673545885972 0.06374999999920312 0.09005628517654678
