0 0.07333333333211112 0.2894021739051793 0.053333333332444444 0.09510869564958944
0 0.16916666666384722 0.2676630434709874 0.04499999999925 0.07880434782394553
0 0.21416666666309722 0.22690217390687767 0.04166666666597222 0.07880434782394553
0 0.18999999999683334 0.48505434781290613 0.059999999999 0.09510869564958944
0 0.2566666666623889 0.33016304346928904 0.05666666666572222 0.08967391304104147
0 0.277499999995375 0.2744565217316724 0.038333333332694446 0.07608695651967155
0 0.32499999999458334 0.23369565216756263 0.053333333332444444 0.09782608695386343
0 0.3799999999936667 0.2758152173838094 0.05666666666572222 0.08423913043249351
0 0.32749999999454166 0.512228260855646 0.05499999999908333 0.1005434782581374
0 0.42749999999287497 0.25407608694961753 0.04166666666597222 0.07880434782394553
0 0.457499999992375 0.3220108695564671 0.04166666666597222 0.07880434782394553
0 0.5058333333249028 0.27717391303594635 0.038333333332694446 0.08152173912821953
0 0.5466666666575556 0.26630434781885043 0.04333333333261111 0.08695652173676749
0 0.5874999999902083 0.2513586956453435 0.038333333332694446 0.07880434782394553
0 0.6258333333229028 0.26222826086243944 0.04499999999925 0.08967391304104147
0 0.6733333333221111 0.26494565216671345 0.03666666666605556 0.07880434782394553
0 0.7116666666548055 0.3016304347744122 0.03999999999933333 0.08152173912821953
0 0.7524999999874583 0.26630434781885043 0.04166666666597222 0.07065217391112358
0 0.79499999998675 0.31657608694791917 0.04333333333261111 0.08967391304104147
0 0.8274999999862083 0.2703804347752614 0.04166666666597222 0.08423913043249351
0 0.8841666666519306 0.26902173912312444 0.04166666666597222 0.08695652173676749
0 0.9241666666512639 0.22554347825474066 0.048333333332527775 0.09782608695386343
0 0.8974999999850417 0.46874999998726224 0.04499999999925 0.08967391304104147
0 0.8141666666530972 0.4605978260744403 0.048333333332527775 0.08967391304104147
0 0.7116666666548055 0.510869565203509 0.05666666666572222 0.10869565217095936
0 0.58499999999025 0.4918478260735911 0.05666666666572222 0.11413043477950732
0 0.44333333332594443 0.4891304347693171 0.059999999999 0.10869565217095936
