0 0.12399999999752 0.3383233532832837 0.05599999999888 0.09580838323066442
0 0.2149999999957 0.38922155687457416 0.04599999999908 0.07784431137491483
0 0.23599999999527999 0.3562874251390333 0.04399999999912 0.06586826347108178
0 0.27899999999442 0.3937125748385116 0.04599999999908 0.07485029939895657
0 0.32799999999344 0.398203592802449 0.039999999999199995 0.07784431137491483
0 0.31399999999371997 0.3443113772352002 0.02799999999944 0.06586826347108178
0 0.33799999999324 0.37275449100680375 0.03599999999928 0.06287425149512352
0 0.37199999999256 0.3877245508865951 0.04399999999912 0.09281437125470615
0 0.42699999999146 0.35928143711499155 0.04199999999916 0.07784431137491483
0 0.45499999999089996 0.35329341316307505 0.03399999999932 0.06586826347108178
0 0.47099999999057995 0.4011976047784072 0.04199999999916 0.07784431137491483
0 0.49299999999014 0.375748502982762 0.0299999999994 0.06287425149512352
0 0.5199999999896 0.375748502982762 0.02799999999944 0.06287425149512352
0 0.54299999998914 0.398203592802449 0.03399999999932 0.07784431137491483
0 0.54699999998906 0.3562874251390333 0.037999999999239996 0.05988023951916526
0 0.57099999998858 0.4011976047784072 0.037999999999239996 0.07784431137491483
0 0.58899999998822 0.35329341316307505 0.037999999999239996 0.07185628742299831
0 0.61699999998766 0.36826347304286633 0.03399999999932 0.06586826347108178
0 0.63899999998722 0.4086826347183029 0.03399999999932 0.06287425149512352
0 0.61299999998774 0.44311377244182293 0.04199999999916 0.06586826347108178
0 0.6749999999865 0.42964071855001074 0.037999999999239996 0.06886227544704004
0 0.6599999999867999 0.36377245507892897 0.03199999999936 0.06287425149512352
0 0.6929999999861399 0.3817365269346785 0.03399999999932 0.06886227544704004
0 0.72799999998544 0.41017964070628204 0.03199999999936 0.06586826347108178
0 0.7589999999848199 0.4086826347183029 0.037999999999239996 0.06886227544704004
0 0.81299999998374 0.37275449100680375 0.037999999999239996 0.06886227544704004
0 0.8249999999834999 0.43413173651394815 0.04599999999908 0.07784431137491483
0 0.87299999998254 0.4146706586702194 0.04599999999908 0.0808383233508731
0 0.91299999998174 0.40269461076638635 0.04199999999916 0.0808383233508731
0 0.95299999998094 0.39670658681446985 0.05799999999884 0.09880239520662268
