0 0.06199999999876 0.6696696696495594 0.08799999999824 0.12012012011651291
0 0.06199999999876 0.8168168167922877 0.099999999998 0.16216216215729243
0 0.16999999999659998 0.6531531531335389 0.0599999999988 0.08708708708447185
0 0.2399999999952 0.7147147146932518 0.08799999999824 0.12612612612233853
0 0.26399999999472 0.8693693693432621 0.17599999999648 0.26126126125341553
0 0.36599999999267996 0.7942942942704415 0.10799999999783999 0.2012012011951591
0 0.43599999999128 0.7147147146932518 0.07599999999847999 0.12012012011651291
0 0.44599999999108 0.642642642623344 0.039999999999199995 0.07207207206990773
0 0.4049999999919 0.650150150130626 0.04599999999908 0.08108108107864621
0 0.35699999999286 0.6711711711510159 0.06199999999876 0.08708708708447185
0 0.2949999999941 0.6366366366175183 0.049999999999 0.07207207206990773
0 0.26399999999472 0.6201201201014979 0.039999999999199995 0.06306306306116927
0 0.32899999999342 0.6366366366175183 0.04199999999916 0.060060060058256454
0 0.51799999998964 0.6666666666466466 0.05599999999888 0.08408408408155903
0 0.52699999998946 0.6366366366175183 0.053999999998919995 0.07807807807573339
0 0.58399999998832 0.650150150130626 0.04799999999904 0.06306306306116927
0 0.42399999999152 0.4714714714573131 0.03599999999928 0.0660660660640821
0 0.8379999999832399 0.6381381381189748 0.05599999999888 0.08108108107864621
0 0.87899999998242 0.6396396396204312 0.04199999999916 0.07207207206990773
0 0.9399999999812 0.7147147146932518 0.07199999999856 0.10210210209903596
0 0.9769999999804599 0.6156156155971286 0.04599999999908 0.07807807807573339
