0 0.22106481481396195 0.31314432989488955 0.026234567901133356 0.046391752577020676
0 0.1346450617278756 0.44845360824453323 0.043209876543043174 0.0773195876283678
0 0.09355709876507116 0.5563788659757966 0.07291666666638535 0.13208762886512831
0 0.0862268518515192 0.45618556700737 0.048225308641789255 0.0863402061850107
0 0.023533950617193156 0.44845360824453323 0.038580246913431405 0.06572164948411263
0 0.015624999999939718 0.5086984536049698 0.030478395061610812 0.0753865979376586
0 0.3080632716037498 0.49645618556381155 0.060570987654087305 0.1050257731951996
0 0.3721064814800459 0.5225515463883856 0.079861111110803 0.14046391752486817
0 0.3412422839493008 0.43105670102815047 0.043595679012177486 0.07216494845314328
0 0.47974537036851955 0.4703608247392374 0.052854938271401024 0.09536082474165361
0 0.509837962960996 0.4884020618525232 0.04282407407390886 0.10695876288590879
0 0.5378086419732337 0.37338917525532617 0.03240740740728238 0.06121134020579117
0 0.44502314814643124 0.46552835051246444 0.041280864197371606 0.08440721649430151
0 0.7692901234538222 0.5280283505120618 0.06404320987629614 0.13337628865893444
0 0.8221450617252233 0.4871134020587171 0.04629629629611769 0.0863402061850107
0 0.746913580244032 0.48034793814123494 0.050925925925729455 0.09342783505094442
0 0.9510030864160841 0.5212628865945795 0.06018518518495299 0.11082474226732718
0 0.912808641971787 0.47712628865671963 0.050925925925729455 0.12048969072087315
