0 0.7799999999902499 0.3716666666604722 0.09749999999878124 0.1366666666643889
0 0.8493749999893828 0.5099999999915 0.021249999999734374 0.04666666666588889
0 0.8643749999891953 0.49416666665843056 0.026249999999671873 0.051666666665805557
0 0.6243749999921953 0.4558333333257361 0.028749999999640622 0.04499999999925
0 0.566874999992914 0.4616666666589722 0.033749999999578124 0.04999999999916667
0 0.5487499999931406 0.4499999999925 0.027499999999656247 0.04333333333261111
0 0.48749999999390625 0.4483333333258611 0.027499999999656247 0.03999999999933333
0 0.46499999999418745 0.45666666665905553 0.024999999999687498 0.04333333333261111
0 0.4581249999942734 0.42999999999283334 0.023749999999703123 0.03666666666605556
0 0.42999999999462496 0.45666666665905553 0.03249999999959375 0.05666666666572222
0 0.36624999999542185 0.4691666666588472 0.03749999999953125 0.05833333333236111
0 0.35624999999554685 0.5208333333246528 0.0449999999994375 0.07499999999875
0 0.2649999999966875 0.5408333333243195 0.047499999999406246 0.08166666666530556
0 0.3037499999962031 0.46249999999229163 0.03749999999953125 0.06499999999891666
0 0.21687499999728904 0.44916666665918054 0.04124999999948437 0.061666666665638886
0 0.22624999999717185 0.40999999999316666 0.03249999999959375 0.03999999999933333
0 0.2562499999967969 0.40249999999329167 0.024999999999687498 0.038333333332694446
0 0.28624999999642187 0.40833333332652777 0.02249999999971875 0.03666666666605556
0 0.32249999999596873 0.42749999999287497 0.02249999999971875 0.038333333332694446
0 0.33999999999575 0.4183333333263611 0.01999999999975 0.04333333333261111
0 0.18562499999767967 0.42999999999283334 0.028749999999640622 0.04666666666588889
0 0.1549999999980625 0.44583333332590275 0.03749999999953125 0.05833333333236111
0 0.11374999999857811 0.4591666666590139 0.052499999999343745 0.08166666666530556
0 0.14062499999824218 0.41916666665968055 0.028749999999640622 0.048333333332527775
0 0.03687499999953906 0.44333333332594443 0.03874999999951562 0.059999999999
0 0.07374999999907812 0.3883333333268611 0.029999999999625 0.04333333333261111
0 0.018124999999773437 0.3841666666602639 0.026249999999671873 0.04499999999925
