0 0.1801757812482405 0.8945312499883524 0.16894531249835015 0.21093749999725342
0 0.08886718749913217 0.741536458323678 0.1093749999989319 0.15494791666464913
0 0.1772460937482691 0.676432291657859 0.07128906249930382 0.09765624999872843
0 0.12158203124881269 0.6445312499916077 0.04980468749951363 0.07291666666571724
0 0.08447265624917508 0.6171874999919638 0.041992187499589925 0.057291666665920685
0 0.04345703124957562 0.6223958333252292 0.041992187499589925 0.054687499999287924
0 0.053222656249480256 0.5807291666591051 0.03613281249964714 0.04947916666602241
0 0.11328124999889375 0.5846354166590543 0.03710937499963761 0.04166666666612413
0 0.15283203124850753 0.5800781249924469 0.03417968749966622 0.05338541666597155
0 0.17529296874828817 0.5878906249923452 0.028320312499723437 0.037760416666174995
0 0.23632812499769212 0.5794270833257887 0.027343749999732974 0.04947916666602241
0 0.26269531249743466 0.5846354166590543 0.031249999999694827 0.05208333333265516
0 0.3100585937469721 0.6074218749920909 0.03417968749966622 0.0559895833326043
0 0.34765624999660494 0.5865885416590289 0.029296874999713902 0.05859374999923706
0 0.39599609374613287 0.5957031249922434 0.04394531249957085 0.07161458333240085
0 0.4013671874960804 0.7057291666574775 0.080078124999218 0.1562499999979655
0 0.5751953124943829 0.8131510416560788 0.15039062499853137 0.2382812499968974
0 0.5019531249950981 0.6399739583250004 0.05664062499944687 0.0872395833321974
0 0.4882812499952317 0.5924479166589525 0.04296874999958039 0.0624999999991862
0 0.4262695312458373 0.5683593749925995 0.03222656249968529 0.06380208333250258
0 0.3740234374963475 0.5696614583259159 0.025390624999752046 0.04557291666607327
0 0.28759765624719147 0.5709635416592322 0.024414062499761583 0.04296874999944051
0 0.4824218749952889 0.498046874993515 0.02343749999977112 0.04296874999944051
0 0.5371093749947549 0.47265624999384565 0.02343749999977112 0.044270833332756894
0 0.5927734374942113 0.6080729166587491 0.04296874999958039 0.06510416666581896
0 0.5742187499943925 0.573567708325865 0.029296874999713902 0.0559895833326043
0 0.6474609374936772 0.6276041666584947 0.048828124999523166 0.08593749999888102
0 0.6982421874931813 0.6510416666581896 0.06445312499937059 0.1119791666652086
0 0.6704101562434531 0.5787760416591305 0.03613281249964714 0.05859374999923706
0 0.6464843749936867 0.5533854166594612 0.027343749999732974 0.05208333333265516
0 0.6948242187432146 0.5533854166594612 0.028320312499723437 0.04947916666602241
0 0.7348632812428236 0.5631510416593339 0.03222656249968529 0.05338541666597155
0 0.7373046874927999 0.6139322916586728 0.044921874999561316 0.08463541666556465
0 0.8447265624917508 0.6542968749914805 0.062499999999389655 0.10546874999862671
0 0.8315429687418795 0.5950520833255852 0.045898437499551775 0.06510416666581896
0 0.7841796874923421 0.5716145833258904 0.04101562499959946 0.05208333333265516
0 0.8442382812417556 0.5520833333261448 0.045898437499551775 0.06510416666581896
0 0.8955078124912549 0.5475260416595374 0.04101562499959946 0.0559895833326043
0 0.9833984374903966 0.5579427083260685 0.03320312499967575 0.0559895833326043
0 0.9511718749907113 0.6451822916582659 0.07031249999931335 0.10546874999862671
0 0.9785156249904443 0.6920572916576555 0.04296874999958039 0.12109374999842326
