0 0.5724999999904583 0.5068965517066587 0.04499999999925 0.11724137930630202
0 0.6849999999885833 0.4775862068800832 0.03333333333277778 0.08620689654875148
0 0.7449999999875834 0.35689655171183116 0.03666666666605556 0.07931034482485136
0 0.7741666666537639 0.348275862056956 0.011666666666472222 0.027586206895600474
0 0.6649999999889167 0.3844827586074316 0.013333333333111111 0.03793103448145065
0 0.6533333333224445 0.40689655171010697 0.01666666666638889 0.04137931034340071
0 0.6266666666562222 0.3827586206764566 0.013333333333111111 0.027586206895600474
0 0.7074999999882083 0.3431034482640309 0.011666666666472222 0.024137931033650414
0 0.5991666666566805 0.40344827584815696 0.01499999999975 0.03448275861950059
0 0.5349999999910833 0.3431034482640309 0.009999999999833333 0.024137931033650414
0 0.4849999999919167 0.41034482757205704 0.019999999999666666 0.06206896551510107
0 0.43416666665943054 0.34137931033305585 0.01499999999975 0.03448275861950059
0 0.45666666665905553 0.3724137930906064 0.009999999999833333 0.020689655171700357
0 0.4183333333263611 0.48103448274203325 0.03333333333277778 0.07931034482485136
0 0.40416666665993056 0.43448275860570745 0.024999999999583335 0.05517241379120095
0 0.33999999999433334 0.4310344827437574 0.023333333332944444 0.04827586206730083
0 0.35166666666080554 0.46379310343228297 0.023333333332944444 0.07241379310095125
0 0.28499999999525 0.4793103448110582 0.03666666666605556 0.0758620689629013
0 0.3041666666615972 0.43965517239863255 0.01833333333302778 0.044827586205350774
0 0.32166666666130556 0.405172413779132 0.01666666666638889 0.03793103448145065
0 0.247499999995875 0.44999999998448276 0.024999999999583335 0.05862068965315101
0 0.1966666666633889 0.5465517241190844 0.03999999999933333 0.08620689654875148
0 0.18833333333019445 0.44999999998448276 0.023333333332944444 0.05862068965315101
0 0.16416666666393057 0.41206896550303207 0.01833333333302778 0.044827586205350774
0 0.16083333333065278 0.4551724137774078 0.021666666666305553 0.04827586206730083
0 0.13416666666443056 0.39310344826230675 0.01499999999975 0.03448275861950059
0 0.112499999998125 0.3913793103313317 0.011666666666472222 0.031034482757550535
0 0.10166666666497222 0.3844827586074316 0.009999999999833333 0.031034482757550535
0 0.07166666666547222 0.37931034481450654 0.013333333333111111 0.027586206895600474
0 0.26916666666218053 0.349999999987931 0.008333333333194444 0.031034482757550535
0 0.22166666666297222 0.3827586206764566 0.009999999999833333 0.027586206895600474
0 0.232499999996125 0.3999999999862069 0.011666666666472222 0.03448275861950059
0 0.20749999999654167 0.4137931034340071 0.011666666666472222 0.027586206895600474
