0 0.16171874999747315 0.5070821529601393 0.07031249999890136 0.1756373937627298
0 0.21640624999661867 0.5056657223652785 0.0796874999987549 0.16147308781412256
0 0.5062499999920899 0.5665722379442897 0.09374999999853516 0.23229461755715877
0 0.6203124999903077 0.5254957506933287 0.10624999999833985 0.23512747874688023
0 0.7374999999884766 0.36968838525864905 0.05937499999907227 0.15014164305523678
0 0.9179687499856568 0.4135977336993315 0.07343749999885255 0.1813031161421727
0 0.7867187499877075 0.2662889518338162 0.03906249999938965 0.07932011331220055
0 0.9859374999845948 0.22521246458285515 0.02812499999956055 0.07082152974303621
0 0.9382812499853395 0.27195467421325903 0.04218749999934082 0.09065155807108635
0 0.7156249999888183 0.2974504249207521 0.04062499999936524 0.08498583569164346
0 0.694531249989148 0.27762039659270193 0.03906249999938965 0.10198300282997215
0 0.6171874999903565 0.2960339943258914 0.04687499999926758 0.0934844192608078
0 0.5429687499915161 0.33711048157685236 0.04218749999934082 0.09065155807108635
0 0.3968749999937988 0.3201133144385237 0.0562499999991211 0.12464589234774373
0 0.47499999999257814 0.24079320112632313 0.03437499999946289 0.06798866855331476
0 0.36406249999431156 0.27195467421325903 0.02812499999956055 0.06798866855331476
0 0.3148437499950806 0.2535410764800696 0.029687499999536134 0.07648725212247912
0 0.335937499994751 0.22521246458285515 0.03124999999951172 0.06515580736359332
0 0.35781249999440917 0.19688385268564068 0.02812499999956055 0.06515580736359332
0 0.3117187499951294 0.1742209631678691 0.029687499999536134 0.04815864022526462
0 0.20546874999678957 0.2974504249207521 0.045312499999291996 0.07932011331220055
0 0.20703124999676514 0.22946175636743732 0.04218749999934082 0.062322946173871865
0 0.1453124999977295 0.2747875354029805 0.04062499999936524 0.08498583569164346
0 0.067968749998938 0.27762039659270193 0.045312499999291996 0.06798866855331476
0 0.01562499999975586 0.2662889518338162 0.02812499999956055 0.08498583569164346
