0 0.46180555555448655 0.23503086419680547 0.10231481481457798 0.15339506172792164
0 0.5582175925913004 0.8120370370345308 0.2113425925921034 0.3512345679001505
0 0.30266203703633643 0.6239197530844941 0.1516203703700194 0.2478395061720746
0 0.22280092592541018 0.45555555555414956 0.0872685185183165 0.13456790123415258
0 0.17094907407367838 0.43672839506038047 0.05810185185171736 0.09259259259230682
0 0.14212962962930062 0.4003086419740731 0.05740740740727452 0.09753086419722985
0 0.08923611111090454 0.4260802469122652 0.05902777777764114 0.0756172839503839
0 0.2646990740734613 0.4081790123444192 0.0395833333332417 0.0756172839503839
0 0.3079861111103982 0.4092592592579961 0.04699074074063197 0.07777777777753772
0 0.7059027777761437 0.6183641975289557 0.1201388888886108 0.1891975308636136
0 0.6810185185169421 0.46003086419611106 0.0583333333331983 0.09351851851822988
0 0.7153935185168625 0.4266975308628806 0.05671296296283168 0.07870370370346079
0 0.806828703701836 0.45802469135661106 0.05439814814802223 0.09567901234538372
0 0.9296296296274777 0.6899691358003396 0.13009259259229145 0.20524691357961344
0 0.9381944444422727 0.5566358024674178 0.10370370370346366 0.1595679012340754
0 0.9254629629608208 0.45663580246772645 0.05601851851838885 0.072530864197307
