0 0.1962499999983646 0.563749999992953 0.14916666666542364 0.25749999999678125
0 0.12499999999895835 0.3737499999953281 0.12333333333230556 0.19249999999759373
0 0.20624999999828128 0.2587499999967656 0.08916666666592361 0.16249999999796874
0 0.2945833333308785 0.3874999999951562 0.09416666666588196 0.18249999999771874
0 0.48083333332932643 0.5993749999925078 0.13999999999883334 0.2562499999967969
0 0.5491666666620904 0.5012499999937343 0.11166666666573612 0.19249999999759373
0 0.649166666661257 0.49749999999378125 0.10999999999908334 0.1849999999976875
0 0.8095833333265868 0.6462499999919219 0.1208333333323264 0.23749999999703122
0 0.8254166666597883 0.44562499999442967 0.10916666666575696 0.20124999999748436
0 0.6749999999943751 0.19312499999758592 0.0833333333326389 0.14624999999817187
0 0.7366666666605278 0.19687499999753905 0.05499999999954167 0.11624999999854686
0 0.7416666666604862 0.11687499999853905 0.04499999999962501 0.08124999999898437
0 0.8641666666594654 0.2393749999970078 0.08166666666598611 0.14374999999820312
0 0.4770833333293577 0.20812499999739842 0.07249999999939584 0.13374999999832812
0 0.5433333333288056 0.16062499999799218 0.05499999999954167 0.10624999999867187
0 0.5791666666618404 0.12812499999839844 0.04833333333293056 0.09874999999876562
0 0.6333333333280556 0.15749999999803124 0.05499999999954167 0.10749999999865624
0 0.9708333333252431 0.1793749999977578 0.049999999999583336 0.10374999999870312
0 0.2970833333308577 0.11874999999851561 0.04749999999960417 0.08749999999890624
0 0.37916666666350696 0.1743749999978203 0.06499999999945834 0.12124999999848438
0 0.4374999999963542 0.13312499999833594 0.051666666666236115 0.09124999999885937
0 0.1754166666652049 0.18187499999772655 0.07249999999939584 0.11124999999860936
0 0.16416666666529864 0.08812499999889843 0.051666666666236115 0.07374999999907812
