0 0.10234374999920044 0.211111111108179 0.09687499999924316 0.18055555555304784
0 0.19453124999848023 0.30347222221800735 0.045312499999646 0.09861111110974152
0 0.2832031249977875 0.2409722222188754 0.03203124999974976 0.06527777777687115
0 0.3058593749976105 0.31736111110670334 0.04296874999966431 0.07916666666556713
0 0.32499999999746093 0.39166666666122685 0.04374999999965821 0.10833333333182871
0 0.4445312499965271 0.33124999999539934 0.02968749999976807 0.07638888888782794
0 0.3804687499970276 0.231944444441223 0.03281249999974365 0.06666666666574074
0 0.46914062499633485 0.40833333332766203 0.055468749999566656 0.11111111110956791
0 0.4785156249962616 0.2124999999970486 0.03203124999974976 0.06388888888800155
0 0.4792968749962555 0.14583333333130788 0.03203124999974976 0.06944444444347994
0 0.5734374999955201 0.15555555555339506 0.02656249999979248 0.06944444444347994
0 0.5800781249954682 0.2326388888856578 0.03828124999970093 0.07083333333234954
0 0.5722656249955292 0.30972222221792056 0.03828124999970093 0.07499999999895833
0 0.5757812499955017 0.4854166666599248 0.06406249999949952 0.13194444444261189
0 0.6898437499946106 0.3236111111066165 0.040624999999682616 0.09722222222087192
0 0.6910156249946015 0.228472222219049 0.035156249999725345 0.07083333333234954
0 0.6785156249946991 0.1409722222202643 0.02734374999978638 0.05972222222139275
0 0.5929687499953674 0.08194444444330633 0.028124999999780274 0.055555555554783954
0 0.6832031249946625 0.07013888888791474 0.02421874999981079 0.05972222222139275
0 0.7562499999940918 0.12152777777608989 0.031249999999755862 0.07361111111008874
0 0.8027343749937287 0.207638888886005 0.039843749999688725 0.09027777777652392
0 0.8144531249936371 0.3374999999953125 0.04921874999961548 0.09722222222087192
0 0.7800781249939057 0.46736111110462 0.06015624999953003 0.1097222222206983
0 0.9304687499927308 0.595138888880623 0.11562499999909669 0.19027777777513505
0 0.9769531249923676 0.32430555555105134 0.046093749999639895 0.1152777777761767
0 0.9238281249927827 0.2437499999966146 0.0445312499996521 0.08749999999878473
0 0.8945312499930115 0.14722222222017747 0.03281249999974365 0.07777777777669753
0 0.8648437499932434 0.04930555555487076 0.031249999999755862 0.054166666665914354
0 0.9874999999922852 0.1173611111094811 0.02499999999980469 0.05972222222139275
0 0.981640624992331 0.040972222221653164 0.036718749999713134 0.07638888888782794
