0 0.052499999999125 0.5310650887416845 0.07833333333202777 0.15680473372317144
0 0.14916666666418055 0.47781065087343755 0.08499999999858333 0.15680473372317144
0 0.2733333333287778 0.4497041419985294 0.06333333333227778 0.130177514789048
0 0.34249999999429165 0.45710059170245265 0.061666666665638886 0.11538461538120164
0 0.3883333333268611 0.6286982248334705 0.1499999999975 0.3047337278016351
0 0.5299999999911666 0.5813609467283621 0.11666666666472222 0.23964497040711108
0 0.517499999991375 0.4482248520577448 0.061666666665638886 0.11538461538120164
0 0.4541666666590972 0.38757396448557474 0.038333333332694446 0.09467455621021673
0 0.4108333333264861 0.44674556211696015 0.05833333333236111 0.1183431952627709
0 0.3866666666602222 0.3860946745447901 0.04666666666588889 0.09171597632864745
0 0.539999999991 0.38905325442635935 0.053333333332444444 0.097633136091786
0 0.5866666666568889 0.4023668638934211 0.03666666666605556 0.08875739644707818
0 0.6791666666553472 0.37130177513694373 0.05833333333236111 0.10946745561806309
0 0.7016666666549722 0.5192307692154073 0.10333333333161111 0.19822485206514126
0 0.7658333333205695 0.7115384615174101 0.20166666666330554 0.36982248519615907
0 0.9341666666510972 0.5961538461362085 0.12833333333119445 0.27514792898594237
0 0.9008333333183194 0.4526627218800987 0.061666666665638886 0.12426035502590946
