0 0.056666666665911115 0.22565320664547142 0.06533333333246223 0.13301662707522524
0 0.149999999998 0.37292161519304223 0.03599999999952 0.057007125889382254
0 0.1413333333314489 0.33729216151217833 0.029333333332942226 0.047505938241151874
0 0.1953333333307289 0.3776722090171574 0.03599999999952 0.076009501185843
0 0.22933333333027556 0.36935866982495585 0.03999999999946667 0.0736342042737854
0 0.24866666666335113 0.391923990489503 0.041333333332782225 0.07125890736172781
0 0.2826666666628978 0.32660332540791914 0.026666666666311113 0.05938242280143984
0 0.3153333333291289 0.32660332540791914 0.022666666666364445 0.05938242280143984
0 0.34199999999544 0.3337292161440919 0.027999999999626667 0.05463182897732466
0 0.3726666666616978 0.33729216151217833 0.025333333332995558 0.06175771971349744
0 0.40799999999456005 0.3491686460724663 0.029333333332942226 0.06175771971349744
0 0.40333333332795557 0.44061757718668365 0.043999999999413335 0.10688836104259172
0 0.45199999999397333 0.45130641329094284 0.04799999999936 0.10451306413053413
0 0.45466666666060446 0.35748218526466785 0.03733333333283556 0.0783847980979006
0 0.5233333333263556 0.32066508312777514 0.025333333332995558 0.047505938241151874
0 0.4713333333270489 0.30641330165542957 0.025333333332995558 0.0380047505929215
0 0.5793333333256089 0.32541567695189033 0.03066666666625778 0.057007125889382254
0 0.5213333333263822 0.47980997623563393 0.050666666665991116 0.10926365795464932
0 0.6073333333252355 0.4964370546200371 0.06266666666583111 0.12351543942699487
0 0.6233333333250223 0.39904988122567575 0.046666666666044444 0.09026128265818856
0 0.6973333333240356 0.4239904988022805 0.04266666666609778 0.08788598574613098
0 0.7686666666564178 0.4216152018902229 0.05199999999930667 0.09263657957024615
0 0.7459999999900534 0.3705463182809846 0.03599999999952 0.08076009500995819
0 0.7393333333234756 0.5427553444051602 0.07866666666561778 0.1543942992837436
0 0.8986666666546845 0.6294536816952624 0.08533333333219556 0.16627078384403157
0 0.8713333333217156 0.43467933490653965 0.06799999999909334 0.12351543942699487
0 0.8299999999889334 0.3776722090171574 0.043999999999413335 0.09501187648230375
0 0.9666666666537779 0.467933491675346 0.06399999999914667 0.12351543942699487
0 0.9793333333202756 0.39429928740156056 0.041333333332782225 0.08076009500995819
