0 0.13699999999726 0.4460966542585094 0.04599999999908 0.10408921932698553
0 0.09399999999811999 0.4460966542585094 0.03599999999928 0.08178438661406005
0 0.06399999999872 0.44795539031791987 0.03199999999936 0.07063197025759732
0 0.03099999999938 0.4423791821396885 0.03399999999932 0.06691449813877641
0 0.22299999999554 0.4553903345555617 0.053999999998919995 0.13011152415873192
0 0.18699999999626 0.45167286243674076 0.025999999999479998 0.07063197025759732
0 0.28099999999437997 0.4144981412485317 0.037999999999239996 0.0929368029705228
0 0.299999999994 0.4219330854861735 0.019999999999599997 0.048327137544671855
0 0.32099999999358 0.440520446080278 0.025999999999479998 0.05576208178231368
0 0.33599999999328 0.41078066912971073 0.019999999999599997 0.048327137544671855
0 0.38299999999233997 0.4293680297238153 0.05799999999884 0.10780669144580644
0 0.42599999999147997 0.420074349426763 0.02399999999952 0.05947955390113459
0 0.44399999999112 0.420074349426763 0.019999999999599997 0.044609665425850945
0 0.48099999999037996 0.420074349426763 0.03399999999932 0.08178438661406005
0 0.45599999999088 0.39962825277324804 0.02399999999952 0.05576208178231368
0 0.49999999999 0.4182156133673526 0.01599999999968 0.048327137544671855
0 0.52099999998958 0.4256505576049944 0.01799999999964 0.048327137544671855
0 0.56299999998874 0.4052044609514794 0.037999999999239996 0.08178438661406005
0 0.6399999999871999 0.3921933085356062 0.04799999999904 0.10037174720816462
0 0.6669999999866599 0.4052044609514794 0.025999999999479998 0.05947955390113459
0 0.72099999998558 0.40334572489206894 0.053999999998919995 0.0929368029705228
0 0.78399999998432 0.40334572489206894 0.03199999999936 0.05576208178231368
0 0.8509999999829799 0.41078066912971073 0.037999999999239996 0.07063197025759732
0 0.90699999998186 0.4014869888326585 0.0299999999994 0.06691449813877641
