0 0.7649999999846999 0.6561561561364517 0.13399999999731999 0.23123123122428732
0 0.87599999998248 0.48648648647187726 0.051999999998959996 0.11411411411068725
0 0.90099999998198 0.4384384384252721 0.04599999999908 0.07807807807573339
0 0.92199999998156 0.4099099098976003 0.03199999999936 0.05705705705534363
0 0.94699999998106 0.4024024023903182 0.0299999999994 0.05405405405243081
0 0.8909999999821799 0.3873873873757541 0.02199999999956 0.04204204204077951
0 0.87299999998254 0.4114114113990567 0.01399999999972 0.03603603603495387
0 0.8599999999828 0.42042042040779515 0.019999999999599997 0.03603603603495387
0 0.8439999999831199 0.42192192190925154 0.02399999999952 0.039039039037866693
0 0.82899999998342 0.4444444444310977 0.037999999999239996 0.05405405405243081
0 0.83899999998322 0.3963963963844926 0.025999999999479998 0.04204204204077951
0 0.8519999999829599 0.3843843843728413 0.019999999999599997 0.03603603603495387
0 0.7979999999840399 0.40540540539323106 0.02799999999944 0.03603603603495387
0 0.77399999998452 0.44894894893546694 0.04399999999912 0.06306306306116927
0 0.73599999998528 0.4399399399267285 0.03599999999928 0.05705705705534363
0 0.6449999999871 0.4579579579442054 0.04599999999908 0.07507507507282056
0 0.42699999999146 0.5675675675505234 0.08599999999828 0.13813813813398984
0 0.53799999998924 0.4369369369238157 0.03599999999928 0.04504504504369234
0 0.57599999998848 0.33783783782769256 0.01599999999968 0.027027027026215403
0 0.67199999998656 0.4009009008888618 0.019999999999599997 0.039039039037866693
0 0.69799999998604 0.3888888888772105 0.019999999999599997 0.03303303303204105
0 0.6449999999871 0.4039039038917746 0.01799999999964 0.027027027026215403
0 0.60399999998792 0.4114114113990567 0.02799999999944 0.04204204204077951
0 0.55299999998894 0.40840840839614384 0.01799999999964 0.030030030029128227
0 0.5599999999888 0.4174174174048823 0.019999999999599997 0.02402402402330258
0 0.58299999998834 0.40840840839614384 0.01799999999964 0.03603603603495387
0 0.51099999998978 0.4294294294165336 0.0299999999994 0.04804804804660516
0 0.50199999998996 0.40690690689468745 0.019999999999599997 0.03303303303204105
0 0.47899999999042 0.4114114113990567 0.02199999999956 0.04204204204077951
0 0.45499999999089996 0.4264264264136208 0.03399999999932 0.05405405405243081
0 0.4599999999908 0.3993993993874054 0.02399999999952 0.030030030029128227
0 0.42899999999141997 0.4579579579442054 0.037999999999239996 0.06306306306116927
0 0.42599999999147997 0.4249249249121644 0.02399999999952 0.03303303303204105
0 0.399999999992 0.4264264264136208 0.03199999999936 0.05405405405243081
0 0.36299999999273996 0.423423423410708 0.02199999999956 0.04204204204077951
0 0.38899999999221996 0.47447447446022595 0.03399999999932 0.04204204204077951
0 0.31999999999359996 0.4429429429296413 0.03599999999928 0.05105105104951798
0 0.33999999999319996 0.4144144144019695 0.019999999999599997 0.03603603603495387
0 0.3799999999924 0.40690690689468745 0.02399999999952 0.04504504504369234
0 0.29299999999414 0.4174174174048823 0.025999999999479998 0.030030030029128227
0 0.29299999999414 0.4639639639500311 0.04599999999908 0.05105105104951798
0 0.26399999999472 0.4249249249121644 0.02399999999952 0.04504504504369234
0 0.22099999999557998 0.4579579579442054 0.04199999999916 0.05705705705534363
0 0.23099999999537998 0.4369369369238157 0.025999999999479998 0.039039039037866693
0 0.16799999999664 0.43243243241944646 0.02799999999944 0.04204204204077951
0 0.14899999999702 0.5090090089937234 0.04199999999916 0.06306306306116927
0 0.09799999999804 0.49999999998498496 0.0599999999988 0.07507507507282056
0 0.11399999999772 0.4549549549412926 0.04399999999912 0.05705705705534363
0 0.14599999999708 0.4294294294165336 0.02399999999952 0.04204204204077951
0 0.03899999999922 0.5495495495330465 0.0699999999986 0.10810810810486161
0 0.02099999999958 0.4654654654514875 0.0299999999994 0.04204204204077951
