0 0.09245867768571163 0.5696373456768147 0.09762396694189664 0.16087962962900895
0 0.07373450413204098 0.6186342592568725 0.09065082644604688 0.15007716049324818
0 0.20738636363582805 0.5889274691335304 0.10537190082617415 0.18479938271533644
0 0.0538481404957287 0.4475308641958043 0.04261363636352631 0.07098765432071379
0 0.0692148760328791 0.4220679012329396 0.04803719008252057 0.0740740740737883
0 0.14914772727234207 0.42168209876380525 0.038997933884196805 0.05632716049360985
0 0.1651601239665156 0.4039351851836268 0.0348657024792488 0.06481481481456476
0 0.20596590909037715 0.4012345678996866 0.0369318181817228 0.053240740740535336
0 0.24573863636300172 0.40277777777622387 0.04416322314038181 0.07098765432071379
0 0.3215392561975167 0.36168981481341944 0.02944214876025454 0.05516975308620691
0 0.33406508264376533 0.31674382715927185 0.02918388429744529 0.050925925925729455
0 0.34801136363546487 0.5117669753066676 0.06585743801635885 0.11149691357981677
0 0.35976239669328575 0.44714506172667 0.05165289256185007 0.07793209876513144
0 0.4035382231394537 0.4751157407389078 0.05087809917342232 0.10532407407366774
0 0.4380165289244886 0.4675925925907886 0.06404958677669409 0.09182098765396675
0 0.4733987603293559 0.460648148146371 0.04958677685937607 0.08256172839474321
0 0.35679235537097936 0.3896604938256572 0.02866735537182679 0.053240740740535336
0 0.3738378099163899 0.38445216049234393 0.02815082644620829 0.04899691358005789
0 0.534349173552339 0.4444444444427298 0.045971074380046564 0.07098765432071379
0 0.500258264461518 0.429976851850193 0.03357438016520255 0.058256172839281424
0 0.5829028925604781 0.44232253086249107 0.039772727272624556 0.06674382716023633
0 0.6199638429736055 0.4758873456771764 0.05087809917342232 0.08140432098734027
0 0.586002066114189 0.38773148147998565 0.02221074380159553 0.038580246913431405
0 0.6020144628083626 0.40335648147992537 0.02789256198339904 0.05131172839486377
0 0.6366219008248022 0.41685956789962636 0.02737603305778054 0.040509259259102974
0 0.6579287190065652 0.4085648148132386 0.030733471074300793 0.04706790123438631
0 0.695247933882502 0.4116512345663131 0.03409090909082105 0.050925925925729455
0 0.6222882231388888 0.3121141975296601 0.030733471074300793 0.050154320987460824
0 0.9008264462786653 0.3516589506159273 0.045971074380046564 0.06674382716023633
