0 7350000000.0 18500000000.0 4700000000.0 4800000000.0
0 15200000000.0 22400000000.0 4800000000.0 5000000000.0
0 20100000000.0 21300000000.0 3200000000.0 3200000000.0
0 15950000000.0 13650000000.0 900000000.0 1300000000.0
0 18350000000.0 16850000000.0 2100000000.0 2100000000.0
0 21100000000.0 16250000000.0 1200000000.0 1700000000.0
0 22850000000.0 16400000000.0 2100000000.0 2200000000.0
0 26050000000.0 16700000000.0 1900000000.0 2200000000.0
0 28800000000.0 14300000000.0 1400000000.0 1600000000.0
0 32250000000.0 14800000000.0 1300000000.0 1800000000.0
0 37650000000.0 13500000000.0 1500000000.0 1600000000.0
0 42500000000.0 13900000000.0 1600000000.0 2200000000.0
0 49800000000.0 16700000000.0 2200000000.0 2400000000.0
0 53000000000.0 19150000000.0 4400000000.0 4500000000.0
0 57050000000.0 14800000000.0 2100000000.0 3000000000.0
0 58850000000.0 15150000000.0 2100000000.0 2300000000.0
0 58550000000.0 19050000000.0 3500000000.0 4100000000.0
0 62000000000.0 19550000000.0 2000000000.0 4900000000.0
0 57250000000.0 24700000000.0 5700000000.0 5800000000.0
0 44650000000.0 28600000000.0 7700000000.0 8800000000.0
0 31000000000.0 28550000000.0 6600000000.0 8500000000.0
0 29950000000.0 18950000000.0 3500000000.0 4100000000.0
0 35800000000.0 18800000000.0 3200000000.0 3800000000.0
0 37350000000.0 17200000000.0 2500000000.0 2400000000.0
