0 0.18085106382497737 0.7019230768780818 0.10106382978454617 0.23717948716428333
0 0.3670212765859835 0.6378205127796268 0.10106382978454617 0.2756410256233563
0 0.21010638297313547 0.17628205127075114 0.07978723404043118 0.22435897434459234
0 0.33643617020381816 0.18910256409044213 0.07180851063638807 0.1730769230658284
0 0.492021276582659 0.1538461538362919 0.06382978723234495 0.20512820511505586
0 0.5598404255170255 0.0737179487132232 0.050531914892273086 0.1346153846067554
0 0.642287234025471 0.1346153846067554 0.07712765957241681 0.21794871793474685
0 0.8191489361484269 0.18269230768059663 0.09574468084851742 0.2628205128036653
0 0.7726063829581753 0.71153846149285 0.10372340425256055 0.2820512820332018
0 0.5744680850911046 0.6506410255993178 0.09574468084851742 0.23717948716428333
