0 0.8743333333275045 0.3679558011009066 0.029999999999800003 0.059668508286633504
0 0.6956666666620289 0.4243093922605049 0.024666666666502225 0.04198895027577913
0 0.6159999999958934 0.3685082872887458 0.025333333333164447 0.04530386740281433
0 0.5953333333293644 0.3685082872887458 0.01733333333321778 0.04309392265145753
0 0.5763333333294912 0.3629834254103538 0.02066666666652889 0.03867403314874394
0 0.5659999999962267 0.380110497233369 0.02666666666648889 0.048618784529849524
0 0.5393333333297379 0.3806629834212082 0.030666666666462224 0.0607734806623119
0 0.5133333333299112 0.3850828729239218 0.030666666666462224 0.05193370165688471
0 0.4096666666639356 0.39171270717799217 0.04333333333304445 0.07403314917045267
0 0.3473333333310178 0.40607734806181134 0.05199999999965334 0.08950276242995026
0 0.2616666666649222 0.3806629834212082 0.059333333332937783 0.10055248618673424
0 0.16733333333221778 0.39889502761990175 0.05733333333295112 0.10607734806512623
0 0.09933333333267112 0.3756906077306554 0.07866666666614223 0.15469613259497575
0 0.0449999999997 0.26685082872633314 0.04999999999966667 0.10276243093809104
0 0.1459999999990267 0.2773480662952779 0.054666666666302224 0.08839779005427185
0 0.2366666666650889 0.28674033148854433 0.04399999999970667 0.08729281767859345
0 0.2816666666647889 0.2812154696101523 0.03799999999974667 0.07403314917045267
0 0.27433333333150445 0.21491712706944846 0.03266666666644889 0.0607734806623119
0 0.18466666666543557 0.2320441988924636 0.033333333333111115 0.07513812154613107
0 0.1793333333321378 0.1823204419869357 0.033333333333111115 0.05303867403256311
0 0.13799999999908003 0.1812154696112573 0.03199999999978667 0.059668508286633504
0 0.1253333333324978 0.2342541436438204 0.03466666666643556 0.07292817679477429
0 0.08299999999944667 0.16795580110311653 0.03933333333307112 0.07292817679477429
0 0.03599999999976 0.1900552486166845 0.04133333333305778 0.07071823204341748
0 0.021666666666522224 0.14475138121387016 0.04066666666639556 0.06408839778934709
0 0.31533333333123115 0.2453038674006044 0.027999999999813337 0.05303867403256311
0 0.35966666666426894 0.2574585635330668 0.03133333333312445 0.05303867403256311
0 0.38399999999744006 0.27237569060472516 0.025333333333164447 0.04972375690552792
0 0.37899999999747336 0.2337016574559812 0.021999999999853335 0.03867403314874394
0 0.39899999999734004 0.2381215469586948 0.016666666666555557 0.04088397790010073
0 0.41999999999720006 0.2895027624277403 0.027999999999813337 0.06408839778934709
0 0.4369999999970867 0.27955801104663475 0.01799999999988 0.05082872928120632
0 0.4543333333303045 0.27569060773176035 0.01799999999988 0.03646408839738714
0 0.45666666666362227 0.3099447513777907 0.02933333333313778 0.054143646408241514
0 0.4886666666634089 0.3082872928142731 0.023999999999840003 0.05303867403256311
0 0.4813333333301245 0.28453038673718756 0.018666666666542223 0.04088397790010073
0 0.5113333333299245 0.3165745856318611 0.022666666666515557 0.04751381215417112
0 0.527666666663149 0.31546961325618267 0.027333333333151112 0.05635359115959831
0 0.5506666666629956 0.3176795580075395 0.023999999999840003 0.04972375690552792
