0 0.22604166666431205 0.4425925925843964 0.05624999999941406 0.0925925925908779
0 0.23072916666426324 0.3879629629557784 0.03229166666633029 0.06481481481361454
0 0.2578124999973144 0.3712962962894204 0.0260416666663954 0.06111111110997942
0 0.169791666664898 0.40092592591850135 0.03958333333292101 0.07592592592451988
0 0.17760416666481663 0.3768518518448731 0.03229166666633029 0.06481481481361454
0 0.1494791666651096 0.3546296296230624 0.02812499999970703 0.04259259259180384
0 0.10781249999887695 0.39722222221486625 0.04895833333282335 0.07222222222088477
0 0.12083333333207465 0.34166666666033946 0.03124999999967448 0.04999999999907407
0 0.07447916666589084 0.3453703703639746 0.02812499999970703 0.04999999999907407
0 0.04947916666615126 0.3675925925857853 0.03437499999964193 0.06111111110997942
0 0.04739583333283963 0.3138888888830761 0.0260416666663954 0.04629629629543895
0 0.021354166666444227 0.31851851851262003 0.0260416666663954 0.048148148147256514
0 0.008333333333246528 0.3481481481417009 0.014583333333181424 0.051851851850891625
0 0.09635416666566297 0.3092592592535322 0.023958333333083767 0.04074074073998628
0 0.07812499999918619 0.31574074073489367 0.024999999999739585 0.04259259259180384
0 0.18385416666475152 0.33703703703079557 0.02812499999970703 0.055555555554526743
0 0.19687499999794922 0.33981481480852194 0.02083333333311632 0.04259259259180384
0 0.21666666666440973 0.33796296295670436 0.02083333333311632 0.035185185184533604
0 0.23802083333085394 0.34166666666033946 0.021874999999772136 0.035185185184533604
0 0.2817708333303982 0.33425925925306926 0.017708333333148873 0.04259259259180384
0 0.3130208333300727 0.3675925925857853 0.02812499999970703 0.05370370370270919
0 0.33072916666322155 0.40555555554804523 0.03229166666633029 0.07037037036906721
0 0.34218749999643555 0.3629629629562414 0.021874999999772136 0.05925925925816186
0 0.38124999999602865 0.44074074073257885 0.0458333333328559 0.09629629629451303
0 0.3968749999958659 0.38240740740032575 0.029166666666362848 0.06851851851724965
0 0.430208333328852 0.4287037036957647 0.037499999999609374 0.08333333333179012
0 0.4817708333283149 0.4277777777698559 0.03854166666626519 0.07037037036906721
0 0.4713541666617567 0.38703703702986963 0.03020833333301866 0.0666666666654321
0 0.49947916666146375 0.3768518518448731 0.021874999999772136 0.04259259259180384
0 0.48645833332826605 0.34722222221579213 0.02083333333311632 0.04259259259180384
0 0.42708333332888454 0.3638888888821502 0.02083333333311632 0.04629629629543895
0 0.37916666666271703 0.3675925925857853 0.024999999999739585 0.04629629629543895
0 0.3718749999961263 0.3462962962898834 0.016666666666493055 0.02962962962908093
0 0.36197916666289603 0.33703703703079557 0.01562499999983724 0.03333333333271605
0 0.5708333333273872 0.4388888888807613 0.035416666666297746 0.07037037036906721
0 0.5671874999940918 0.37777777777078186 0.02812499999970703 0.051851851850891625
0 0.6192708333268826 0.3907407407335048 0.019791666666460504 0.048148148147256514
0 0.6510416666598849 0.4157407407330418 0.027083333333051216 0.05370370370270919
0 0.6859374999928548 0.40555555554804523 0.0260416666663954 0.05925925925816186
0 0.6895833333261502 0.3287037036976166 0.018749999999804687 0.04629629629543895
0 0.9036458333239203 0.2712962962912723 0.06770833333262803 0.11296296296087105
