0 0.14249999999964377 0.5048798798779848 0.081999999999795 0.1629129129123014
0 0.3212499999991969 0.48761261261078226 0.06599999999983501 0.10735735735695437
0 0.4049999999989875 0.4851726726708515 0.0609999999998475 0.08746246246213416
0 0.49212499999876974 0.6978228228202035 0.12974999999967562 0.2207207207198922
0 0.6463749999983841 0.5930930930908668 0.09524999999976189 0.18243243243174764
0 0.5702499999985744 0.45852102101929987 0.06399999999984 0.09872372372335315
0 0.7491249999981272 0.4283033033016956 0.03524999999991188 0.06756756756731394
0 0.7444999999981388 0.3969594594579694 0.037499999999906254 0.05743243243221685
0 0.7684999999980788 0.5195195195175695 0.06749999999983125 0.1358858858853758
0 0.8627499999978432 0.49868618618431426 0.06249999999984376 0.11073573573532007
0 0.8403749999978991 0.4172297297281636 0.03474999999991313 0.052177177176981324
0 0.8557499999978607 0.40990990990837123 0.024999999999937503 0.04804804804786769
0 0.929249999997677 0.4564564564547431 0.056999999999857505 0.078078078077785
0 0.9503749999976241 0.42774024023863466 0.03124999999992188 0.05818318318296478
