0 0.19861111110559415 0.5240740740546639 0.08611111110871913 0.11481481481056241
0 0.25972222221500774 0.5537037036831961 0.07499999999791666 0.13703703703196157
0 0.34305555554602624 0.5759259259045953 0.13611111110733026 0.24814814813895747
0 0.4833333333199074 0.5129629629439643 0.09444444444182098 0.15925925925336076
0 0.544444444429321 0.48148148146364883 0.061111111109413585 0.125925925921262
0 0.3944444444334877 0.4851851851672153 0.049999999998611114 0.09629629629272976
0 0.4152777777662423 0.46481481479759945 0.041666666665509264 0.08518518518203018
0 0.638888888871142 0.4981481481296982 0.07777777777561729 0.13703703703196157
0 0.7069444444248071 0.5740740740528121 0.11944444444112655 0.2148148148068587
0 0.8041666666443288 0.5351851851653635 0.08611111110871913 0.13703703703196157
0 0.7777777777561729 0.4703703703529492 0.061111111109413585 0.09629629629272976
0 0.7236111110910108 0.4611111110940329 0.058333333331712964 0.09259259258916323
0 0.8833333333087964 0.4722222222047325 0.061111111109413585 0.09999999999629629
0 0.9388888888628086 0.5203703703510973 0.1111111111080247 0.19629629628902606
