0 0.01808972503591766 0.654013015170195 0.0332850940660885 0.0845986984797267
0 0.040520984080455555 0.5911062906596289 0.026049204051721432 0.04989154012906959
0 0.06512301012930358 0.594360086755003 0.026049204051721432 0.043383947938321385
0 0.1013024602011389 0.5824295010719646 0.028943560057468256 0.04121475054140532
0 0.1360347322701008 0.5867678958657968 0.023154848045974605 0.04121475054140532
0 0.16136034732038554 0.5759219088812164 0.018813314037354367 0.0281995661599089
0 0.18234442836205 0.6355748372964083 0.04341534008620238 0.06507592190748208
0 0.19681620839078415 0.6030368763426672 0.026049204051721432 0.043383947938321385
0 0.2503617944971004 0.6312364425025762 0.04920405209769604 0.08242950108281064
0 0.266280752528708 0.5889370932627128 0.017366136034480954 0.036876355747573177
0 0.27785817655169526 0.5867678958657968 0.020260492040227777 0.036876355747573177
0 0.31114327061778374 0.5845986984688807 0.028943560057468256 0.036876355747573177
0 0.31114327061778374 0.6681127982501494 0.052098408103442864 0.09110629067047492
0 0.3617945007183532 0.7039045552992645 0.07235890014367063 0.13232104121188024
0 0.4703328509338592 0.7071583513946386 0.07525325614941747 0.156182212577957
0 0.3306801736565748 0.5835140997704227 0.01591895803160754 0.026030368762992834
0 0.3610709117169165 0.5867678958657968 0.018813314037354367 0.0281995661599089
0 0.394356005783005 0.6149674620257056 0.039073806077582145 0.06290672451056602
0 0.4356005788648972 0.627982646407202 0.037626628074708734 0.05856832971673387
0 0.4290882778519669 0.5824295010719646 0.02170767004310119 0.03253796095374104
0 0.4052098408045556 0.5607375271028039 0.014471780028734128 0.023861171366076763
0 0.4551374819036883 0.594360086755003 0.018813314037354367 0.03036876355682497
0 0.4833574529597199 0.5900216919611708 0.017366136034480954 0.026030368762992834
0 0.5159189580243717 0.6431670281856146 0.04775687409482262 0.0845986984797267
0 0.534732272061726 0.6084598698349575 0.02170767004310119 0.036876355747573177
0 0.5477568740875868 0.592190889358087 0.013024602025860716 0.026030368762992834
0 0.5687409551292513 0.6127982646287896 0.026049204051721432 0.04989154012906959
0 0.6056439942025232 0.6323210412010342 0.03039073806034167 0.054229934922901735
0 0.6360347322628649 0.5986984815488351 0.027496382054594842 0.047722342732153526
0 0.662807525316023 0.5997830802472932 0.023154848045974605 0.036876355747573177
0 0.6808972503519407 0.6062906724380414 0.02460202604884802 0.04989154012906959
0 0.6758321273418838 0.654013015170195 0.03473227206896191 0.06290672451056602
0 0.7141823444180292 0.6583514099640271 0.04196816208332897 0.06724511930439815
0 0.7561505065013582 0.68980477221931 0.07091172214079723 0.09978308025813919
0 0.7518089724927379 0.627982646407202 0.03039073806034167 0.04555314533523746
0 0.8140376266162948 0.6334056398994923 0.04775687409482262 0.06507592190748208
0 0.9211287988289273 0.5260303687521468 0.02460202604884802 0.036876355747573177
0 0.9486251808835221 0.6355748372964083 0.039073806077582145 0.06507592190748208
