0 0.08799999999824 0.5988023951916526 0.15199999999695998 0.2095808383170784
0 0.06799999999864 0.29790419160784715 0.051999999998959996 0.09281437125470615
0 0.07999999999839999 0.27395209580018104 0.04799999999904 0.0808383233508731
0 0.0749999999985 0.17964071855749578 0.0299999999994 0.04790419161533221
0 0.15999999999679998 0.20508982035314102 0.03599999999928 0.056886227543207
0 0.23399999999531998 0.2559880239444315 0.03199999999936 0.044910179639373944
0 0.26699999999466 0.21706586825697408 0.0299999999994 0.03892215568745742
0 0.30399999999391997 0.23502994011272366 0.03199999999936 0.05089820359129047
0 0.36199999999276 0.2949101796318889 0.039999999999199995 0.056886227543207
0 0.32399999999351997 0.32634730537945067 0.051999999998959996 0.07185628742299831
0 0.34999999999299997 0.38622754489861594 0.051999999998959996 0.08982035927874789
0 0.42299999999154 0.38323353292265766 0.06199999999876 0.09580838323066442
0 0.45899999999082 0.6751497005785883 0.17799999999644 0.30838323352370106
0 0.5599999999888 0.4221556886101151 0.07199999999856 0.10778443113449747
0 0.57799999998844 0.31886227543955503 0.04799999999904 0.07485029939895657
0 0.66399999998672 0.3428143712472211 0.0599999999988 0.09281437125470615
0 0.7269999999854599 0.4146706586702194 0.0699999999986 0.12275449101428879
0 0.7319999999853599 0.3308383233433881 0.05599999999888 0.0808383233508731
0 0.82699999998346 0.20359281436516188 0.04199999999916 0.07185628742299831
0 0.96599999998068 0.4041916167543655 0.0599999999988 0.10778443113449747
