0 0.05517578124946118 0.5336749633889653 0.0908203124991131 0.1332357247418267
0 0.17968749999824526 0.4970717423060458 0.05664062499944687 0.08052708638242273
0 0.26611328124740125 0.5285505124373565 0.055664062499456414 0.09077598828564017
0 0.3237304687468386 0.5109809663175552 0.06542968749936104 0.1083455344054415
0 0.43896484374571326 0.505124450944288 0.040039062499609 0.0702781844792053
0 0.5385742187447405 0.53147877012399 0.11816406249884606 0.190336749631181
0 0.6655273437435008 0.40336749633377206 0.03808593749962807 0.06002928257598786
0 0.5961914062441779 0.5161054172691639 0.028320312499723437 0.0629575402626214
0 0.7109374999930573 0.50878477305258 0.062499999999389655 0.11859443630865893
0 0.6621093749935342 0.5139092240041887 0.03320312499967575 0.06149341141930463
0 0.8276367187419177 0.4707174231263438 0.13183593749871256 0.24450951683390176
0 0.027832031249728207 0.3243045387946661 0.04785156249953271 0.1390922401150938
