0 0.19308510638092463 0.3972303206939179 0.1053191489350498 0.18513119533257824
0 0.23670212765705637 0.24052478133760166 0.096808510637268 0.15743440233006656
0 0.2739361702098517 0.10787172011504559 0.07340425531836804 0.11953352769505052
0 0.16702127659396787 0.0816326530600345 0.059574468084472615 0.09620991253504066
0 0.4127659574424174 0.1982507288600838 0.03829787234001811 0.06122448979502588
0 0.4622340425482741 0.21064139941383903 0.035106382978349934 0.0626822157425265
0 0.4962765957394013 0.2084548104925881 0.039361702127240834 0.06413994169002711
0 0.5718085106322148 0.21355685130884028 0.02872340425501358 0.053935860057522794
0 0.5973404255255602 0.19679300291258317 0.03723404255279538 0.06122448979502588
0 0.6404255319080806 0.21355685130884028 0.04042553191446356 0.05976676384752526
0 0.6824468085033782 0.21501457725634088 0.035106382978349934 0.07142857142753019
0 0.7127659574392259 0.20408163265008628 0.027659574467790857 0.055393586005023414
0 0.7712765957364758 0.21355685130884028 0.03617021276557266 0.05976676384752526
0 0.8037234042467689 0.21428571428259058 0.047872340425022634 0.07871720116503328
0 0.7723404255236985 0.17492711370007394 0.021276595744454504 0.03790087463501602
0 0.8436170212676211 0.20189504372883535 0.05319148936113626 0.10058309037754251
0 0.8994680850968142 0.2172011661775918 0.0670212765950317 0.11370262390504807
0 0.9462765957346141 0.21209912536133965 0.03723404255279538 0.05976676384752526
0 0.9835106382874095 0.23250728862634829 0.03297872340390448 0.08600583090253636
