0 0.06555555555409877 0.42455621300519064 0.08666666666474074 0.15680473372317144
0 0.19333333332903702 0.31952662720948144 0.07111111110953086 0.13609467455218655
0 0.07999999999822222 0.21745562129534154 0.04888888888780247 0.07396449703923182
0 0.18111111110708641 0.16863905324944856 0.042222222221283946 0.0769230769208011
0 0.23333333332814815 0.18639053253886417 0.03999999999911111 0.07100591715766255
0 0.3066666666598518 0.14792899407846363 0.031111111110419754 0.05917159763138545
0 0.3677777777696049 0.28698224851221943 0.08222222222039506 0.11242603549963236
0 0.27333333332725923 0.455621301761668 0.12444444444167901 0.15976331360474072
0 0.3588888888809136 0.22041420117691082 0.05999999999866666 0.07396449703923182
0 0.3666666666585185 0.15828402366395608 0.044444444443456785 0.07396449703923182
0 0.4055555555465432 0.1346153846114019 0.02888888888824691 0.05621301774981618
0 0.4888888888780247 0.19378698224278737 0.044444444443456785 0.07988165680237036
0 0.4822222222115062 0.13313609467061727 0.031111111110419754 0.05325443786824691
0 0.5033333333221481 0.11686390532198628 0.02888888888824691 0.050295857986677635
0 0.5677777777651605 0.12869822484826335 0.02888888888824691 0.050295857986677635
0 0.5466666666545185 0.11538461538120164 0.026666666666074073 0.04142011834196982
0 0.6211111110973087 0.019230769230200274 0.024444444443901234 0.032544378697262
0 0.5344444444325679 0.24260355028868036 0.06888888888735802 0.09467455621021673
0 0.5522222222099505 0.3609467455514513 0.09111111110908642 0.1420118343153251
0 0.8011111110933086 0.6079881656624856 0.1755555555516543 0.23964497040711108
0 0.9733333333117037 0.423076923064406 0.053333333332148146 0.1538461538416022
0 0.7055555555398765 0.28698224851221943 0.07777777777604938 0.130177514789048
0 0.8033333333154814 0.2159763313545569 0.05999999999866666 0.09467455621021673
0 0.9055555555354321 0.16863905324944856 0.05999999999866666 0.0769230769208011
0 0.9399999999791111 0.14497041419689435 0.03555555555476543 0.0769230769208011
0 0.9766666666449629 0.15828402366395608 0.03333333333259259 0.06804733727609327
0 0.8511111110921975 0.1257396449666941 0.03999999999911111 0.06213017751295473
0 0.809999999982 0.14349112425610971 0.042222222221283946 0.06213017751295473
0 0.7311111110948642 0.178994082834941 0.053333333332148146 0.0857988165655089
0 0.7455555555389877 0.12278106508512482 0.03777777777693827 0.05621301774981618
0 0.6866666666514074 0.14497041419689435 0.03555555555476543 0.05917159763138545
0 0.629999999986 0.12426035502590946 0.024444444443901234 0.04733727810510836
0 0.6455555555412098 0.20414201182827982 0.05111111110997531 0.08284023668393964
0 0.5977777777644938 0.17455621301258709 0.04888888888780247 0.065088757394524
