0 0.05624999999953126 0.46148148147464474 0.027499999999770836 0.04888888888816461
0 0.11791666666568404 0.473333333326321 0.039166666666340284 0.07259259259151715
0 0.19083333333174307 0.4688888888819424 0.028333333333097226 0.06370370370275995
0 0.20833333333159723 0.4096296296235611 0.024999999999791668 0.04888888888816461
0 0.2499999999979167 0.4629629629561043 0.02333333333313889 0.03703703703648834
0 0.26624999999778126 0.4755555555485103 0.020833333333159725 0.038518518517947874
0 0.28166666666431944 0.4629629629561043 0.021666666666486114 0.03703703703648834
0 0.302083333330816 0.4555555555488066 0.025833333333118057 0.04888888888816461
0 0.3895833333300868 0.45111111110442803 0.044166666666298614 0.08444444444319342
0 0.4212499999964896 0.47111111110413173 0.025833333333118057 0.06814814814713854
0 0.43458333332971183 0.45481481480807684 0.02416666666646528 0.05037037036962415
0 0.4545833333295452 0.45185185184515775 0.022499999999812503 0.05333333333254321
0 0.46916666666275697 0.44518518517858985 0.019999999999833335 0.03999999999940741
0 0.4812499999959896 0.49037037036310566 0.042499999999645835 0.06814814814713854
0 0.5058333333291181 0.4488888888822387 0.029999999999750004 0.05333333333254321
0 0.5262499999956146 0.4592592592524554 0.029166666666423615 0.05629629629546228
0 0.5379166666621841 0.3911111111053169 0.020833333333159725 0.03555555555502881
0 0.6733333333277223 0.4792592592521591 0.03166666666640278 0.042962962962326476
0 0.7166666666606946 0.4592592592524554 0.024999999999791668 0.05037037036962415
0 0.7433333333271389 0.4592592592524554 0.029999999999750004 0.059259259258381346
0 0.7674999999936042 0.4629629629561043 0.019999999999833335 0.03999999999940741
0 0.786249999993448 0.4785185185114294 0.03416666666638195 0.07407407407297668
0 0.8154166666598716 0.4718518518448615 0.03083333333307639 0.054814814814002744
0 0.8529166666595591 0.46370370369683406 0.042499999999645835 0.08592592592465295
0 0.8908333333259097 0.44444444443786013 0.034999999999708334 0.07999999999881482
0 0.936249999992198 0.4659259259190233 0.05416666666621528 0.09037037036903156
