0 0.30836575874886446 0.5904436859866743 0.16926070038581204 0.3208191126170369
0 0.2256809338477494 0.5580204777966545 0.08949416342238338 0.21501706483907793
0 0.4260700389022165 0.3412969283159967 0.050583657586564516 0.11604095562743888
0 0.42509727625632104 0.621160409535114 0.07976653696342867 0.15699658702535849
0 0.6157587548518335 0.7286689419546529 0.11089494163208376 0.17406143344115832
0 0.6177042801436244 0.5767918088540344 0.05642023346193735 0.09556313992847908
0 0.7091439688577987 0.5750853242124544 0.05252918287835546 0.09897610921163905
0 0.7568093385066769 0.5477815699471746 0.03891050583581886 0.08532423207899917
0 0.8297665369488372 0.5784982934956144 0.048638132294773574 0.09215017064531911
0 0.8608949416174922 0.5511945392303347 0.03307392996044603 0.06484641638003937
0 0.9523346303316667 0.5767918088540344 0.07587548637984677 0.1433447098927186
0 0.9601167314988304 0.6638225255746135 0.07976653696342867 0.18771331057379817
