0 0.17578124999725342 0.539583333322092 0.09843749999846192 0.15833333333003471
0 0.11874999999814453 0.43333333332430557 0.04687499999926758 0.06249999999869792
0 0.16640624999739992 0.4312499999910156 0.045312499999291996 0.06666666666527778
0 0.19453124999696045 0.4229166666578559 0.03906249999938965 0.06666666666527778
0 0.3960937499938111 0.41666666665798613 0.04218749999934082 0.06249999999869792
0 0.5374999999916016 0.4343749999909505 0.03124999999951172 0.056249999998828126
0 0.6007812499906128 0.5041666666561632 0.08281249999870606 0.1291666666639757
0 0.6578124999897217 0.4281249999910807 0.04999999999921875 0.07708333333172743
0 0.5671874999911377 0.3218749999932943 0.03124999999951172 0.04374999999908854
0 0.7390624999884522 0.40624999999153644 0.04062499999936524 0.058333333332118056
0 0.7999999999875 0.44791666665733504 0.053124999999169926 0.0749999999984375
0 0.8562499999866211 0.3979166666583767 0.03437499999946289 0.04583333333237847
0 0.9109374999857667 0.44895833332398005 0.04999999999921875 0.07708333333172743
0 0.917187499985669 0.4083333333248264 0.02812499999956055 0.04166666666579861
0 0.9851562499846069 0.41874999999127605 0.029687499999536134 0.04166666666579861
0 0.9695312499848511 0.41458333332469616 0.02343749999963379 0.04583333333237847
0 0.7390624999884522 0.5322916666555773 0.10312499999838867 0.14791666666358508
0 0.657031249989734 0.8583333333154514 0.18281249999714355 0.2749999999942708
