0 0.10667461263281675 0.7071428571302296 0.09415971394405054 0.14999999999732144
0 0.27830750893589623 0.6705357142737405 0.051251489868280674 0.07678571428434311
0 0.1489868891519787 0.7401785714153539 0.05482717520792816 0.11249999999799107
0 0.3557806912949251 0.7517857142722896 0.08224076281189224 0.12857142856913265
0 0.40584028604999 0.6366071428457749 0.04648390941541736 0.08035714285570791
0 0.4719904648334685 0.6517857142740753 0.05959475566079148 0.0821428571413903
0 0.4553039332484469 0.5044642857052775 0.03814064362290655 0.06964285714161352
0 0.5715137067869903 0.6589285714168048 0.051251489868280674 0.0857142857127551
0 0.5768772347964616 0.8026785714142379 0.1168057210951513 0.1874999999966518
0 0.3980929678140871 0.9053571428409758 0.14779499403876287 0.13571428571186225
0 0.6406436233535084 0.708928571415912 0.07270560190616561 0.11785714285503826
0 0.588200238372012 0.6285714285602041 0.03933253873612238 0.06428571428456632
0 0.6585220500517459 0.6151785714175861 0.04886769964184901 0.08035714285570791
0 0.7187127532691453 0.6241071428459981 0.05005959475506484 0.08035714285570791
0 0.7675804529109943 0.6803571428449936 0.0643623361136548 0.09642857142684949
0 0.755661501778836 0.6133928571319037 0.03337306317004323 0.05178571428478954
0 0.7949940405149584 0.6124999999890625 0.042908224075769864 0.07142857142729592
0 0.8122765196565879 0.5642857142756378 0.03694874850969072 0.05357142857047194
0 0.909415971383678 0.5848214285609853 0.03814064362290655 0.06249999999888393
0 0.9237187127422679 0.641964285702822 0.03814064362290655 0.07678571428434311
0 0.958283671025527 0.6276785714173629 0.04767580452863318 0.14107142856890945
