0 0.08333333333080807 0.5772727272464876 0.08181818181570247 0.14545454544793388
0 0.07878787878549127 0.44999999997954543 0.060606060604224056 0.09999999999545454
0 0.04848484848337924 0.38181818180082644 0.04242424242295684 0.07272727272396694
0 0.06818181817975207 0.3522727272567149 0.03333333333232323 0.059090909088223134
0 0.07424242424017446 0.3249999999852273 0.03333333333232323 0.04999999999772727
0 0.16363636363140494 0.32272727271260326 0.03636363636253443 0.0545454545429752
0 0.17424242423714414 0.35454545452933883 0.03333333333232323 0.0545454545429752
0 0.19090909090330577 0.3840909090734504 0.03636363636253443 0.059090909088223134
0 0.2151515151449954 0.43409090907117764 0.05454545454380165 0.08636363635971074
0 0.2984848484758035 0.4954545454320248 0.08181818181570247 0.12727272726694214
0 0.6515151514954086 0.4318181817985537 0.05454545454380165 0.09090909090495868
0 0.6227272727084021 0.38636363634607435 0.03333333333232323 0.0545454545429752
0 0.5999999999818182 0.33181818180309913 0.030303030302112028 0.04545454545247934
0 0.5833333333156565 0.32272727271260326 0.02121212121147842 0.0545454545429752
0 0.5212121211963269 0.39772727270919417 0.03636363636253443 0.07727272726921487
0 0.44090909089573 0.37954545452820243 0.03333333333232323 0.059090909088223134
0 0.448484848471258 0.3363636363483471 0.030303030302112028 0.0545454545429752
0 0.4818181818035812 0.2999999999863636 0.02424242424168962 0.04545454545247934
0 0.39848484847277316 0.3249999999852273 0.027272727271900825 0.04999999999772727
0 0.37424242423108356 0.3477272727114669 0.027272727271900825 0.059090909088223134
0 0.36363636362534435 0.29545454544111566 0.02424242424168962 0.04545454545247934
0 0.3363636363534435 0.33409090907572314 0.030303030302112028 0.04999999999772727
0 0.2984848484758035 0.30681818180423553 0.027272727271900825 0.059090909088223134
0 0.5348484848322773 0.31818181816735536 0.027272727271900825 0.0545454545429752
0 0.6454545454349861 0.3363636363483471 0.02424242424168962 0.04545454545247934
0 0.6818181817975206 0.37045454543770656 0.030303030302112028 0.059090909088223134
0 0.6863636363428374 0.2999999999863636 0.02121212121147842 0.04545454545247934
0 0.7272727272506887 0.3090909090768595 0.02424242424168962 0.03636363636198347
0 0.7530303030074839 0.3477272727114669 0.027272727271900825 0.04999999999772727
0 0.7515151514923782 0.4159090908901859 0.04848484848337924 0.08636363635971074
0 0.7848484848247015 0.3749999999829545 0.030303030302112028 0.059090909088223134
0 0.8015151514908632 0.3204545454399793 0.02121212121147842 0.0409090909072314
0 0.8530303030044536 0.37954545452820243 0.03333333333232323 0.059090909088223134
0 0.8454545454289255 0.3363636363483471 0.02424242424168962 0.04545454545247934
0 0.8939393939123048 0.33863636362097105 0.02424242424168962 0.0409090909072314
0 0.9303030302748392 0.3954545454365702 0.03636363636253443 0.0818181818144628
0 0.9863636363337465 0.3886363636186983 0.027272727271900825 0.059090909088223134
0 0.9666666666373737 0.35909090907458674 0.030303030302112028 0.04545454545247934
