0 0.10636363636170247 0.6133879781253173 0.049090909090016524 0.0737704918012631
0 0.14818181817912396 0.5601092896021829 0.049090909090016524 0.07650273223834693
0 0.10727272727077686 0.4658469945227911 0.047272727271867765 0.0737704918012631
0 0.09545454545280992 0.4234972677479919 0.04181818181742149 0.054644808741676376
0 0.13999999999745455 0.3784153005361089 0.03999999999927272 0.06284153005292784
0 0.16363636363338843 0.44262295080757863 0.04363636363557025 0.06010928961584401
0 0.20636363635988428 0.3893442622844442 0.034545454544826444 0.05191256830459256
0 0.21272727272340494 0.3633879781321479 0.029090909090380163 0.049180327867508734
0 0.2381818181774876 0.5437158469796799 0.0363636363629752 0.06557377049001165
0 0.2509090909045289 0.5109289617346741 0.032727272726677685 0.06010928961584401
0 0.29545454544917354 0.5245901639200932 0.03818181818112396 0.06010928961584401
0 0.3645454545388264 0.5204918032644674 0.034545454544826444 0.057377049178760194
0 0.2645454545406446 0.37021857922485746 0.030909090908528922 0.05191256830459256
0 0.2909090909038016 0.3497267759467288 0.02545454545408264 0.049180327867508734
0 0.31181818181251236 0.3975409835956956 0.027272727272231404 0.057377049178760194
0 0.32727272726677686 0.35109289616527073 0.032727272726677685 0.057377049178760194
0 0.36090909090252893 0.3497267759467288 0.030909090908528922 0.054644808741676376
0 0.40454545453809915 0.35928961747652216 0.030909090908528922 0.05191256830459256
0 0.4245454545377355 0.34836065572818686 0.023636363635933882 0.04644808743042492
0 0.4490909090827438 0.37021857922485746 0.032727272726677685 0.06284153005292784
0 0.48181818180942143 0.34289617485401924 0.029090909090380163 0.057377049178760194
0 0.519090909081471 0.35109289616527073 0.034545454544826444 0.06284153005292784
0 0.43636363635570247 0.5204918032644674 0.032727272726677685 0.057377049178760194
0 0.49454545453646276 0.5068306010790484 0.029090909090380163 0.057377049178760194
0 0.5409090908992562 0.5068306010790484 0.027272727272231404 0.057377049178760194
0 0.5718181818077851 0.38797814206590225 0.034545454544826444 0.06010928961584401
0 0.5718181818077851 0.3360655737613097 0.027272727272231404 0.0437158469933411
0 0.6118181818070578 0.5314207650128028 0.030909090908528922 0.05191256830459256
0 0.6381818181702148 0.41939890709236616 0.029090909090380163 0.05191256830459256
0 0.6318181818066941 0.331967213105684 0.030909090908528922 0.05191256830459256
0 0.6718181818059669 0.35109289616527073 0.030909090908528922 0.05191256830459256
0 0.6854545454420826 0.4084699453440309 0.0363636363629752 0.057377049178760194
0 0.7272727272595041 0.4098360655625728 0.03999999999927272 0.06557377049001165
0 0.7236363636232066 0.34836065572818686 0.029090909090380163 0.057377049178760194
0 0.698181818169124 0.5464480874167638 0.04363636363557025 0.07103825136417928
0 0.7636363636224793 0.5450819671982219 0.03999999999927272 0.0737704918012631
0 0.8063636363489751 0.3893442622844442 0.03818181818112396 0.06284153005292784
0 0.7745454545313718 0.37158469944339934 0.02545454545408264 0.054644808741676376
0 0.8599999999843636 0.5833333333173953 0.05090909090816528 0.0737704918012631
0 0.8554545454389917 0.3647540983506898 0.04181818181742149 0.06830601092709547
0 0.8972727272564132 0.3811475409731927 0.045454545453719006 0.0737704918012631
