0 0.05271084337296474 0.40880503144011315 0.05722891566207601 0.1163522012560322
0 0.14106425702669612 0.47327044024413095 0.08333333333249665 0.11320754716803133
0 0.21285140562035287 0.4292452830121188 0.07028112449728632 0.10062893081602785
0 0.296686746984973 0.2657232704360735 0.055220883533582114 0.09119496855202523
0 0.3107429718844303 0.38128930817010553 0.0612449799190638 0.10220125786002829
0 0.30722891565956595 0.6022012578521666 0.15863453815101772 0.2610062893040722
0 0.40863453814850764 0.5754716981041592 0.1224899598381276 0.2327044025120644
0 0.39407630521692694 0.3985849056541103 0.08132530120400275 0.15251572326804222
0 0.458835341360855 0.2547169811280705 0.04417670682686569 0.09748427672802698
0 0.6074297188694032 0.7885220125662182 0.1967871485924017 0.33805031446009354
0 0.8017068273011876 0.42216981131411685 0.05722891566207601 0.09905660377202741
0 0.8870481927621782 0.4166666666601153 0.055220883533582114 0.09748427672802698
0 0.9628514056128227 0.5157232704321427 0.07429718875427412 0.10062893081602785
