0 0.1276923076903432 0.4699769053009243 0.19076923076629587 0.29792147805316577
0 0.224615384611929 0.42147806003645544 0.12923076922878107 0.23325635103387396
0 0.16846153845894676 0.2055427251684632 0.08769230769095858 0.17090069283669973
0 0.2615384615344379 0.30254041569740087 0.09538461538314794 0.20785219399058075
0 0.44538461537776336 0.3013856812863421 0.08769230769095858 0.16397228637034705
0 0.509230769222935 0.6016166281616254 0.18769230768942013 0.2748267898319901
0 0.5661538461451361 0.4515011547239838 0.09538461538314794 0.1732101616588173
0 0.6607692307590651 0.28521939953151915 0.0661538461528284 0.15011547343764167
0 0.543846153837787 0.20900692840163954 0.06307692307595267 0.11778290992799577
0 0.7938461538339409 0.4561200923682189 0.2092307692275503 0.36720554271669265
0 0.8469230769100474 0.2586605080771672 0.09384615384471007 0.17551963048093486
0 0.8884615384478699 0.20669745957952199 0.056923076922201186 0.13625866050493626
0 0.980769230754142 0.21939953810116858 0.03846153846094675 0.07390300230776205
0 0.933846153831787 0.1870669745915227 0.02461538461500592 0.060046189375056666
0 0.721538461527361 0.19976905311316928 0.036923076922508874 0.06235565819717423
0 0.733076923065645 0.15819861431505314 0.02307692307656805 0.03926096997599859
0 0.7792307692187811 0.16859122401458218 0.03230769230719527 0.0646651270192918
0 0.7530769230653374 0.14203233256023018 0.01692307692281657 0.03926096997599859
0 0.8461538461408284 0.15704387990399435 0.018461538461254437 0.036951501153881024
0 0.8161538461412899 0.14203233256023018 0.026153846153443787 0.03926096997599859
0 0.839999999987077 0.1224018475722309 0.021538461538130178 0.02771362586541077
0 0.8092307692183196 0.12124711316117211 0.01230769230750296 0.030023094687528333
0 0.8007692307569113 0.09122401847364378 0.01692307692281657 0.025404157043293202
0 0.7799999999880001 0.09468822170682012 0.0153846153843787 0.018475750576940512
0 0.7792307692187811 0.1351039260938775 0.01999999999969231 0.03464203233176346
0 0.7353846153733018 0.10623556581740794 0.009230769230627218 0.02309468822117564
0 0.6584615384514083 0.0831408775962323 0.0153846153843787 0.02771362586541077
0 0.3692307692250888 0.1547344110818768 0.03384615384563314 0.07390300230776205
0 0.45846153845448523 0.1870669745915227 0.0769230769218935 0.12009237875011333
0 0.5461538461454438 0.13163972286070114 0.043076923076260355 0.07852193995199717
0 0.6484615384515622 0.18244803694728756 0.026153846153443787 0.050808314086586405
0 0.6299999999903078 0.22055427251222737 0.01999999999969231 0.04849884526446884
0 0.27846153845725446 0.12471131639434846 0.036923076922508874 0.07390300230776205
0 0.2999999999953846 0.1547344110818768 0.021538461538130178 0.050808314086586405
0 0.3215384615335148 0.1859122401804639 0.021538461538130178 0.04849884526446884
0 0.34461538461008284 0.19053117782469903 0.018461538461254437 0.03926096997599859
0 0.2199999999966154 0.1674364896035234 0.021538461538130178 0.03926096997599859
0 0.3230769230719527 0.11778290992799577 0.018461538461254437 0.0323325635096459
0 0.2984615384569468 0.12586605080540725 0.01230769230750296 0.03464203233176346
0 0.34461538461008284 0.14549653579340652 0.0153846153843787 0.0323325635096459
0 0.35307692307149113 0.11316397228376064 0.01384615384594083 0.02771362586541077
0 0.4130769230705681 0.0704387990745857 0.01692307692281657 0.030023094687528333
0 0.39923076922462725 0.14434180138234776 0.01692307692281657 0.030023094687528333
0 0.4230769230704142 0.15704387990399435 0.018461538461254437 0.0323325635096459
0 0.41461538460900593 0.12471131639434846 0.01692307692281657 0.036951501153881024
0 0.45230769230073375 0.09699769052893768 0.0153846153843787 0.0323325635096459
0 0.4707692307619882 0.09468822170682012 0.01230769230750296 0.02771362586541077
0 0.5138461538382485 0.09468822170682012 0.01230769230750296 0.02309468822117564
0 0.5761538461449823 0.09584295611787891 0.010769230769065089 0.030023094687528333
0 0.5938461538370178 0.10161662817317281 0.0153846153843787 0.02309468822117564
0 0.6176923076828048 0.1547344110818768 0.01999999999969231 0.04157043879811615
0 0.6307692307595266 0.1339491916828187 0.021538461538130178 0.04157043879811615
0 0.6469230769131243 0.13163972286070114 0.01692307692281657 0.04157043879811615
0 0.5853846153756095 0.1859122401804639 0.029230769230319528 0.05311778290870397
0 0.5999999999907693 0.16166281754822948 0.0153846153843787 0.036951501153881024
0 0.6661538461435976 0.17205542724775852 0.018461538461254437 0.03926096997599859
0 0.6715384615281302 0.14318706697128897 0.01692307692281657 0.0323325635096459
0 0.6923076922970415 0.14318706697128897 0.0153846153843787 0.036951501153881024
