0 0.2095070422516769 0.5557511737023973 0.0475352112671872 0.07159624413061508
0 0.301936619715652 0.5915492957677049 0.0704225352106477 0.0868544600928773
0 0.34551056337724023 0.5516431924817883 0.0448943661967879 0.06572769952974498
0 0.4419014084468143 0.6549295774571018 0.0897887323935758 0.14788732394192622
0 0.4485035211228125 0.5604460093830934 0.05897887323891744 0.08802816901305131
0 0.5365316901361221 0.39847417839907895 0.041373239436255524 0.04342723004643865
0 0.5453345070374531 0.5780516431857037 0.03961267605598933 0.07394366197096311
0 0.5792253521075773 0.6156103286312722 0.05809859154878435 0.08568075117270328
0 0.5655809859105143 0.5498826291015272 0.0448943661967879 0.06455399060957097
0 0.6421654929520937 0.5598591549230064 0.05017605633758648 0.0727699530507891
0 0.6690140845011531 0.7822769952959827 0.11795774647783488 0.18427230046732077
0 0.7077464788670094 0.5980046948286619 0.06514084506984912 0.08333333333235525
0 0.8010563380211175 0.5880281690071828 0.05281690140798577 0.06807511737009302
0 0.7856514084437883 0.5252347417778729 0.04313380281652171 0.06455399060957097
0 0.8499119718235044 0.5187793427169157 0.03961267605598933 0.06572769952974498
0 0.9801936619632026 0.5598591549230064 0.03961267605598933 0.061032863849048914
0 0.9727112675970713 0.660798122057972 0.051056338027719576 0.11737089201740175
0 0.8173415492885798 0.7629107981131115 0.10475352112583845 0.1455399061015782
