0 0.6460937499949524 0.10833333333182871 0.08281249999935303 0.15555555555339506
0 0.5894531249953949 0.08611111110991512 0.036718749999713134 0.08333333333217594
0 0.5605468749956207 0.27361111110731096 0.039843749999688725 0.08333333333217594
0 0.5292968749958649 0.09930555555417632 0.03359374999973755 0.07916666666556713
0 0.4398437499965637 0.08472222222104553 0.03906249999969483 0.06944444444347994
0 0.4109374999967896 0.26180555555191937 0.03437499999973145 0.07361111111008874
0 0.38906249999696046 0.20624999999713542 0.02656249999979248 0.06527777777687115
0 0.36132812499717715 0.21874999999696182 0.025781249999798587 0.05972222222139275
0 0.3304687499974182 0.28749999999600695 0.04687499999963379 0.09999999999861112
0 0.29960937499765933 0.2541666666631366 0.025781249999798587 0.07222222222121914
0 0.2503906249980438 0.43055555554957564 0.11796874999907837 0.20555555555270064
0 0.20664062499838562 0.263194444440789 0.041406249999676514 0.09027777777652392
0 0.1593749999987549 0.15624999999782987 0.028124999999780274 0.05972222222139275
0 0.14101562499889833 0.27569444444061536 0.030468749999761964 0.06527777777687115
0 0.12656249999901123 0.3138888888845293 0.03749999999970703 0.08055555555443673
0 0.11874999999907228 0.3666666666615741 0.05468749999957276 0.1194444444427855
0 0.023046874999819947 0.42569444443853205 0.04296874999966431 0.16249999999774306
0 0.06757812499947205 0.17777777777530865 0.04765624999962769 0.08055555555443673
0 0.019531249999847414 0.18472222221965665 0.03593749999971924 0.06944444444347994
