0 0.09777777777560494 0.5316205533386712 0.07555555555387654 0.12252964426393165
0 0.15666666666318518 0.42885375492376077 0.04666666666562963 0.08300395256588917
0 0.23333333332814815 0.45454545452748835 0.044444444443456785 0.08695652173569343
0 0.2522222222166173 0.4110671936596416 0.03777777777693827 0.07905138339608493
0 0.31111111110419754 0.42885375492376077 0.03555555555476543 0.0513833992074552
0 0.325555555548321 0.3992094861502289 0.03333333333259259 0.05533596837725945
0 0.3322222222148395 0.5335968379235733 0.06888888888735802 0.1264822134337359
0 0.3777777777693827 0.4130434782445438 0.026666666666074073 0.0513833992074552
0 0.3688888888806913 0.38735177864081616 0.022222222221728392 0.04743083003765096
0 0.43555555554587655 0.30830039524473124 0.031111111110419754 0.05533596837725945
0 0.4377777777680494 0.3833992094710119 0.03555555555476543 0.05533596837725945
0 0.47666666665607405 0.4110671936596416 0.03777777777693827 0.07114624505647643
0 0.49444444443345675 0.3893280632257183 0.03777777777693827 0.06719367588667219
0 0.6622222222075062 0.3814229248861098 0.026666666666074073 0.0592885375470637
0 0.6799999999848889 0.4071146244898374 0.03555555555476543 0.07114624505647643
0 0.7133333333174815 0.4426877470180756 0.03999999999911111 0.07905138339608493
0 0.7411111110946419 0.38537549405591404 0.03333333333259259 0.0592885375470637
0 0.7733333333161481 0.40316205532003313 0.03555555555476543 0.06324110671686795
0 0.8177777777596049 0.38735177864081616 0.031111111110419754 0.05533596837725945
0 0.8422222222035062 0.4664031620369011 0.053333333332148146 0.09486166007530192
0 0.892222222202395 0.3833992094710119 0.042222222221283946 0.07114624505647643
0 0.9566666666454073 0.5889328063008328 0.07777777777604938 0.13438735177334438
0 0.968888888867358 0.4683794466218032 0.053333333332148146 0.09090909090549767
0 0.9799999999782222 0.40513833990493525 0.03999999999911111 0.07509881422628069
