0 0.04818435754176485 0.5090222408707133 0.054469273742864616 0.10574905581155791
0 0.07583798882660381 0.47293327737946733 0.04664804469260713 0.09232060427993151
0 0.15921787709452734 0.5190935795194331 0.05586592178755345 0.10910616869446452
0 0.1417597765359169 0.5998741082643732 0.076815642457886 0.1321863197644474
0 0.3269553072616566 0.5306336550544245 0.07402234636850832 0.12798992866081416
0 0.2979050279321288 0.6632396139292352 0.09581005586565418 0.17498950902150656
0 0.4762569832388932 0.33801930339765834 0.08938547486008552 0.1624003357106068
0 0.5416201117303308 0.7450692404500836 0.1279329608934974 0.202685690305486
0 0.6668994413389193 0.6076374318060946 0.076815642457886 0.15023080151007037
0 0.7713687150816443 0.7219890893801008 0.1041899441337872 0.18170373478731974
0 0.9476256983213754 0.6147712966822713 0.10474860335166272 0.18715904322204296
