0 0.16084425036155975 0.3835470085388131 0.027656477437734257 0.04059829059742311
0 0.19505094613981003 0.3803418803337533 0.029112081513404484 0.051282051280955504
0 0.25181950509094875 0.3675213675135145 0.023289665210723585 0.03846153846071663
0 0.2758369723395075 0.3835470085388131 0.0363901018917556 0.0619658119644879
0 0.32096069868528443 0.39209401708563896 0.033478893740415155 0.05341880341766199
0 0.34570596797167824 0.38888888888057926 0.027656477437734257 0.051282051280955504
0 0.41848617175518943 0.39102564101728576 0.039301310043096054 0.06837606837460734
0 0.43740902473890236 0.3675213675135145 0.02474526928639381 0.04700854700754255
0 0.4665211062523068 0.39636752135905196 0.027656477437734257 0.049145299144249026
0 0.5145560407494242 0.3846153846071663 0.021834061135053363 0.03418803418730367
0 0.5320232896574669 0.39102564101728576 0.02474526928639381 0.04273504273412959
0 0.5844250363815949 0.4081196581109376 0.027656477437734257 0.04700854700754255
0 0.6113537117814941 0.42414529913623616 0.04657933042144717 0.07905982905813974
0 0.6542940320137657 0.3824786324704598 0.021834061135053363 0.051282051280955504
0 0.7183406113432556 0.37927350426540013 0.033478893740415155 0.057692307691074945
0 0.7459970887809898 0.39102564101728576 0.030567685589074706 0.04700854700754255
0 0.7663755458403729 0.39636752135905196 0.039301310043096054 0.0619658119644879
0 0.7845705967862507 0.40491452990587784 0.026200873362064035 0.04059829059742311
0 0.8493449781535758 0.42948717947800236 0.05676855895113874 0.0940170940150851
0 0.8842794759696612 0.40170940170081815 0.039301310043096054 0.07692307692143326
0 0.9068413391425496 0.4134615384527038 0.026200873362064035 0.05341880341766199
0 0.9439592430721403 0.3985042734957584 0.021834061135053363 0.03632478632401015
