0 0.2119771863097721 0.8430813123988148 0.152091254751406 0.24536376604500193
0 0.13973384030285427 0.654778887294511 0.07984790874448815 0.10556348074029154
0 0.13498098859187282 0.5920114122597431 0.07034220532252528 0.08559201141104719
0 0.10884030418147492 0.547788873030702 0.050380228136403235 0.057061340940698126
0 0.11929657794563407 0.5071326676104546 0.03707224334565521 0.05563480741718067
0 0.08460076045546959 0.5049928673251785 0.04372623574102922 0.05420827389366322
0 0.04087452471444036 0.5748930099775336 0.0608365019005624 0.091298145505117
0 0.01806083650172946 0.5092724678957308 0.03422053231906635 0.05135520684662831
0 0.24144486691785702 0.4992867332311086 0.032319391634673775 0.042796005705523596
0 0.21577946767855724 0.4893009985664864 0.02661596958149605 0.03708987161145378
0 0.22338403041612756 0.47075606276075954 0.032319391634673775 0.03708987161145378
0 0.2785171102635122 0.47360912980779446 0.032319391634673775 0.0456490727525585
0 0.30846007604269526 0.4964336661840737 0.03326996197687006 0.03994293865848869
0 0.314163498095873 0.46291012838141354 0.027566539923692335 0.03851640513497123
0 0.34173003801956536 0.508559201133972 0.03517110266126264 0.06134094151125048
0 0.3654942965744725 0.4971469329458324 0.019961977186122037 0.04422253922904105
0 0.34505703421725237 0.472182596284277 0.024714828897103473 0.034236804564418875
0 0.38212927756290754 0.48288159771065786 0.02661596958149605 0.04422253922904105
0 0.40494296577561845 0.4700427959990008 0.02661596958149605 0.041369472182006144
0 0.4291825095016238 0.5028530670399022 0.042775665398832936 0.05848787446421558
0 0.4500950570299421 0.5349500713190449 0.050380228136403235 0.06847360912883775
0 0.44439163497676437 0.4764621968548293 0.023764258554907186 0.042796005705523596
0 0.4553231939120217 0.45863052781086117 0.024714828897103473 0.03851640513497123
0 0.3184410646357563 0.4001426533466456 0.017110266159533174 0.03281027104090142
0 0.4942965779420695 0.5014265335163848 0.0380228136878515 0.05563480741718067
0 0.5004752851663453 0.45863052781086117 0.023764258554907186 0.029957203993866515
0 0.542300380222982 0.456490727525585 0.025665399239299762 0.042796005705523596
0 0.5617870722380058 0.4807417974253817 0.0228136882127109 0.05420827389366322
0 0.5375475285120006 0.5470756062689432 0.04657794676761808 0.06990014265235521
0 0.6411596958113959 0.5934379457832605 0.06749049429593641 0.09700427959918681
0 0.6292775665339423 0.5356633380808037 0.051330798478599525 0.06419400855828539
0 0.5865019011351094 0.4893009985664864 0.0380228136878515 0.05420827389366322
0 0.6121673003744091 0.4700427959990008 0.02661596958149605 0.04422253922904105
0 0.5888783269906 0.44650499286096285 0.025665399239299762 0.03138373751738397
0 0.641634980982494 0.4572039942873437 0.0228136882127109 0.041369472182006144
0 0.6463878326934754 0.4921540656135213 0.03422053231906635 0.048502139799593405
0 0.6653992395374012 0.45791726104910246 0.024714828897103473 0.0456490727525585
0 0.7062737642518415 0.5064194008486959 0.04752851710981437 0.06847360912883775
0 0.7100760456206268 0.46291012838141354 0.028517110265888622 0.04422253922904105
0 0.7442965779396931 0.47075606276075954 0.032319391634673775 0.0456490727525585
0 0.787072243338526 0.4807417974253817 0.02661596958149605 0.05420827389366322
0 0.8051330798402555 0.49786019970759116 0.03612167300345892 0.057061340940698126
0 0.8174904942888072 0.5527817403630131 0.06273764258495497 0.08131241084049483
0 0.8512357414367754 0.691155492144206 0.11501901140575078 0.21825962909817034
0 0.9301330798390672 0.6747503566237554 0.08840304182425474 0.16833095577505947
0 0.8849809885847436 0.5577746076953242 0.0684410646381327 0.0941512125521519
0 0.8431558935281069 0.49429386589879754 0.04372623574102922 0.06134094151125048
0 0.8640684410564253 0.456490727525585 0.032319391634673775 0.05420827389366322
0 0.9634030418159373 0.5249643366544228 0.05608365018958096 0.09985734664622171
0 0.9776615969488817 0.4600570613343786 0.04467680608322551 0.06134094151125048
