0 0.7393749999907577 0.5812499999927343 0.11374999999857811 0.1449999999981875
0 0.8093749999898828 0.5318749999933515 0.07374999999907812 0.08374999999895312
0 0.8618749999892266 0.5156249999935547 0.061249999999234375 0.06874999999914062
0 0.906874999988664 0.4574999999942812 0.05124999999935937 0.06249999999921875
0 0.669999999991625 0.43687499999453905 0.03749999999953125 0.036249999999546874
0 0.5912499999926093 0.4381249999945234 0.0399999999995 0.04874999999939062
0 0.5587499999930156 0.4306249999946172 0.0349999999995625 0.036249999999546874
0 0.5437499999932031 0.45624999999429683 0.0449999999994375 0.0449999999994375
0 0.4843749999939453 0.49749999999378125 0.05374999999932812 0.052499999999343745
0 0.5087499999936406 0.4387499999945156 0.0449999999994375 0.0399999999995
0 0.5256249999934297 0.3724999999953437 0.033749999999578124 0.0349999999995625
0 0.4193749999947578 0.45562499999430467 0.05124999999935937 0.04624999999942187
0 0.31937499999600777 0.4949999999938125 0.06374999999920312 0.07249999999909375
0 0.3187499999960156 0.4374999999945312 0.0399999999995 0.03749999999953125
0 0.3724999999953437 0.4224999999947187 0.0399999999995 0.04249999999946875
0 0.2793749999965078 0.4206249999947422 0.04624999999942187 0.03874999999951562
0 0.22687499999716404 0.44624999999442183 0.04874999999939062 0.0449999999994375
0 0.2293749999971328 0.41187499999485155 0.03874999999951562 0.031249999999609375
0 0.16687499999791405 0.479999999994 0.07124999999910937 0.06749999999915625
0 0.06687499999916406 0.5412499999932343 0.09874999999876562 0.10499999999868749
0 0.07249999999909375 0.4581249999942734 0.057499999999281244 0.06624999999917187
0 0.1199999999985 0.4381249999945234 0.04249999999946875 0.05124999999935937
0 0.17562499999780468 0.4281249999946484 0.03874999999951562 0.03874999999951562
0 0.09187499999885156 0.4287499999946406 0.026249999999671873 0.0399999999995
0 0.0149999999998125 0.4306249999946172 0.027499999999656247 0.05374999999932812
