0 0.022499999999887502 0.5421686746947126 0.042999999999785 0.0873493975897037
0 0.10024999999949877 0.5508283132488643 0.0654999999996725 0.10165662650525861
0 0.040499999999797504 0.47891566264699614 0.029999999999850004 0.05271084337309706
0 0.016249999999918753 0.4823042168638381 0.028499999999857504 0.04292168674666475
0 0.06774999999966126 0.47402108433378 0.025499999999872503 0.04442771084303895
0 0.11099999999944501 0.47966867469518326 0.029999999999850004 0.040662650602103445
0 0.12924999999935377 0.47891566264699614 0.022499999999887502 0.04216867469847765
0 0.16599999999917 0.5222138554177544 0.050999999999745006 0.07756024096327138
0 0.14524999999927377 0.46347891565916055 0.018499999999907504 0.027861445782922732
0 0.20899999999895502 0.5022590361407963 0.033999999999830006 0.055722891565845464
0 0.20449999999897753 0.47402108433378 0.030999999999845002 0.038403614457542146
0 0.266999999998665 0.3625753012020891 0.057999999999710006 0.09412650602338761
0 0.3052499999984738 0.6460843373445325 0.14749999999926253 0.23644578313074968
0 0.5042499999974788 0.533509036140561 0.10249999999948751 0.16942771084209768
0 0.5627499999971863 0.5128012048154157 0.0474999999997625 0.10692771084256832
0 0.46799999999766007 0.3294427710818566 0.07699999999961502 0.12274096385449744
0 0.4392499999978038 0.4039909638523796 0.0164999999999175 0.03237951807204534
0 0.4352499999978238 0.3847891566236085 0.020499999999897503 0.031626506023858234
0 0.40649999999796754 0.39081325300910535 0.018999999999905003 0.028614457831109833
0 0.4062499999979688 0.41528614457518614 0.018499999999907504 0.027861445782922732
0 0.4134999999979325 0.4691265060205638 0.031999999999840004 0.06174698795134227
0 0.3637499999981813 0.47665662650243484 0.03849999999980751 0.0828313253005811
0 0.34999999999825004 0.41641566264746677 0.016999999999915003 0.030120481927484035
0 0.5967499999970163 0.4472891566231379 0.028499999999857504 0.04668674698760025
0 0.5569999999972151 0.44917168674360564 0.024999999999875004 0.038403614457542146
0 0.5364999999973176 0.4435240963822024 0.01799999999991 0.040662650602103445
0 0.5622499999971888 0.3972138554186957 0.0214999999998925 0.03539156626479374
0 0.5802499999970988 0.38215361445495366 0.017499999999912502 0.03237951807204534
0 0.6012499999969938 0.40775602409331513 0.018499999999907504 0.038403614457542146
0 0.6057499999969713 0.3847891566236085 0.017499999999912502 0.03765060240935504
0 0.6259999999968701 0.36634036144302456 0.016999999999915003 0.03539156626479374
0 0.6452499999967738 0.4167921686715603 0.018499999999907504 0.04141566265029055
0 0.618999999996905 0.4058734939728474 0.0199999999999 0.04668674698760025
0 0.6447499999967763 0.3851656626477021 0.0164999999999175 0.03237951807204534
0 0.6672499999966638 0.37650602409355044 0.0194999999999025 0.040662650602103445
0 0.6697499999966513 0.42959337349074106 0.030499999999847503 0.04442771084303895
0 0.6704999999966476 0.47552710843015417 0.031999999999840004 0.06852409638502618
0 0.6559999999967201 0.6393072289108487 0.11999999999940002 0.24849397590174327
0 0.6359999999968201 0.5207078313213802 0.04999999999975001 0.089608433734265
0 0.7134999999964325 0.5587349397548288 0.094999999999525 0.1746987951794074
0 0.7127499999964363 0.4559487951772896 0.05149999999974251 0.09713855421613601
0 0.7472499999962638 0.48117469879155744 0.029499999999852502 0.05873493975859387
0 0.7804999999960975 0.4570783132495702 0.04599999999977 0.09487951807157471
0 0.8132499999959338 0.5214608433695673 0.07249999999963751 0.14081325301098785
0 0.8529999999957351 0.4792921686710897 0.050999999999745006 0.11219879517987803
0 0.8024999999959876 0.414533132526999 0.031999999999840004 0.06400602409590357
0 0.7202499999963988 0.391942771081386 0.0164999999999175 0.036897590361167944
0 0.7107499999964463 0.3847891566236085 0.015499999999922501 0.03765060240935504
0 0.7374999999963125 0.38177710843086016 0.020999999999895002 0.03765060240935504
0 0.7637499999961813 0.369352409635773 0.018499999999907504 0.04141566265029055
0 0.9374999999953126 0.6652861445733036 0.12499999999937501 0.25527108433542717
0 0.9469999999952651 0.5229668674659416 0.10599999999947002 0.18599397590221392
0 0.8849999999955751 0.440512048189454 0.023999999999880003 0.055722891565845464
0 0.8617499999956914 0.40361445782828603 0.023499999999882504 0.03915662650572924
0 0.8877499999955614 0.39683734939460213 0.023499999999882504 0.04668674698760025
0 0.8947499999955264 0.3723644578285214 0.0194999999999025 0.036897590361167944
0 0.9399999999953002 0.3783885542140182 0.028999999999855003 0.04743975903578736
0 0.9507499999952463 0.3603162650575278 0.020499999999897503 0.03388554216841954
0 0.9904999999950476 0.36784638553939875 0.018999999999905003 0.038403614457542146
