0 0.044999999999099996 0.29066666665891555 0.03399999999932 0.04799999999872
0 0.04399999999912 0.3453333333241244 0.06799999999864 0.08266666666446222
0 0.09399999999811999 0.4359999999883733 0.08799999999824 0.1253333333299911
0 0.12599999999748 0.3413333333242311 0.05599999999888 0.10666666666382221
0 0.24199999999516 0.5399999999856 0.17199999999656 0.23199999999381332
0 0.39799999999204 0.3759999999899733 0.07999999999839999 0.12799999999658668
0 0.44899999999101997 0.36933333332348445 0.09399999999811999 0.1199999999968
0 0.43499999999129996 0.47066666665411555 0.09399999999811999 0.09866666666403555
0 0.6949999999861 0.46399999998762664 0.15799999999684 0.14399999999616
0 0.6609999999867799 0.40799999998912 0.08599999999828 0.10666666666382221
