0 0.36455108358568805 0.8246606334655053 0.1811145510807877 0.30542986424648344
0 0.41176470587597885 0.6278280542844382 0.07430340557160521 0.1063348416265535
0 0.44891640866178145 0.5497737556436703 0.03095975232150217 0.04977375565498249
0 0.5092879256887107 0.5067873303052762 0.024767801857201736 0.04072398189953113
0 0.3181114551034348 0.5848416289460443 0.04798761609832836 0.07013574660474806
0 0.33049535603203567 0.5384615384493561 0.023219814241126627 0.04072398189953113
0 0.16718266253611172 0.5848416289460443 0.037151702785802605 0.07013574660474806
0 0.08591331269216852 0.6708144796228321 0.07585139318768032 0.11990950225973054
0 0.7476780185642774 0.6153846153706926 0.04953560371440347 0.0950226244322393
0 0.9620743033906799 0.729638009033266 0.07585139318768032 0.14705882352608463
0 0.9651702786228301 0.6527149321119294 0.06656346749122967 0.09276018099337646
0 0.9806501547835812 0.5916289592626328 0.0356037151697275 0.06561085972702237
0 0.9396284829575908 0.57352941175173 0.04024767801795282 0.06108597284929669
0 0.6230650154702312 0.567873303154573 0.04179566563402793 0.05429864253270817
0 0.5967492259969543 0.5497737556436703 0.02941176470542706 0.03619909502180545
0 0.5789473684120906 0.5328054298521989 0.024767801857201736 0.03393665158294261
0 0.25851393188454314 0.5486425339242388 0.02167182662505152 0.038461538460668285
