0 0.15599999999688 0.47471910111026067 0.08799999999824 0.14606741572623405
0 0.037999999999239996 0.3918539325732625 0.051999999998959996 0.08707865168294722
0 0.07299999999854 0.3946629213372285 0.04199999999916 0.08146067415501514
0 0.10399999999791999 0.41011235953904174 0.02799999999944 0.04494382022345663
0 0.099999999998 0.3764044943714493 0.02399999999952 0.039325842695524554
0 0.20599999999587998 0.5042134831319041 0.0599999999988 0.11516853932260762
0 0.249999999995 0.498595505603972 0.051999999998959996 0.08146067415501514
0 0.30599999999388 0.4901685393120739 0.04399999999912 0.0646067415712189
0 0.40299999999193997 0.4817415730201758 0.03399999999932 0.058988764043286825
0 0.25699999999486 0.4002808988651606 0.02199999999956 0.03651685393155851
0 0.1949999999961 0.38904494380929644 0.02199999999956 0.030898876403626433
0 0.17199999999656 0.3862359550453304 0.02399999999952 0.030898876403626433
0 0.26699999999466 0.44662921347060025 0.0299999999994 0.04494382022345663
0 0.34399999999312 0.4845505617841418 0.039999999999199995 0.05337078651535475
0 0.35899999999282 0.45224719099853233 0.03399999999932 0.039325842695524554
0 0.34099999999318 0.4030898876291267 0.0299999999994 0.04213483145949059
0 0.3099999999938 0.41713483144895686 0.02399999999952 0.030898876403626433
0 0.30099999999397997 0.38904494380929644 0.02199999999956 0.03651685393155851
0 0.3949999999921 0.42556179774085495 0.02199999999956 0.030898876403626433
0 0.40799999999184 0.4030898876291267 0.02399999999952 0.03651685393155851
0 0.45099999999098 0.4691011235823286 0.0299999999994 0.039325842695524554
0 0.42799999999144 0.44382022470663424 0.02399999999952 0.03370786516759247
0 0.46099999999078 0.44382022470663424 0.02199999999956 0.028089887639660395
0 0.47499999999049997 0.426966292122838 0.02199999999956 0.039325842695524554
0 0.45399999999092 0.4185393258309399 0.01599999999968 0.022471910111728315
0 0.49399999999011995 0.4915730336940569 0.04399999999912 0.05056179775138871
0 0.49199999999016 0.5365168539175136 0.0599999999988 0.05617977527932079
0 0.5159999999896799 0.5617977527932079 0.07999999999839999 0.061797752807252866
0 0.54599999998908 0.6278089887464098 0.10799999999783999 0.13202247190640384
0 0.57399999998852 0.5463483145913947 0.039999999999199995 0.058988764043286825
0 0.52699999998946 0.45926966290844745 0.0299999999994 0.04213483145949059
0 0.53799999998924 0.43117977526878704 0.02799999999944 0.03651685393155851
0 0.49799999999003997 0.4424157303246512 0.019999999999599997 0.030898876403626433
0 0.5749999999884999 0.46488764043637953 0.0299999999994 0.04213483145949059
0 0.61599999998768 0.4817415730201758 0.03199999999936 0.05337078651535475
0 0.6339999999873199 0.4494382022345663 0.02399999999952 0.039325842695524554
0 0.60599999998788 0.45365168538051537 0.02399999999952 0.04213483145949059
0 0.6479999999870399 0.5126404494238022 0.03599999999928 0.04775280898742267
0 0.6849999999863 0.4915730336940569 0.04199999999916 0.07303370786311703
0 0.7329999999853399 0.5337078651535475 0.06199999999876 0.07303370786311703
0 0.6929999999861399 0.4550561797624984 0.03399999999932 0.05056179775138871
0 0.8379999999832399 0.5646067415571739 0.08399999999832 0.08988764044691326
0 0.91899999998162 0.5561797752652758 0.09399999999811999 0.1292134831424378
