0 0.2853618421005697 0.6071428571288676 0.12664473684002228 0.20967741935000742
0 0.22450657894367587 0.3974654377788602 0.07730263157767595 0.12211981566538893
0 0.3338815789418769 0.31451612902501114 0.06249999999897204 0.09907834101154196
0 0.4720394736764467 0.4262672810961689 0.07894736841975415 0.11520737326923484
0 0.5814144736746478 0.380184331788475 0.06414473684105025 0.11520737326923484
0 0.5682565789380221 0.558755760355789 0.11019736841924017 0.1543778801807747
0 0.8108552631445584 0.5541474654250196 0.09539473684053627 0.16359447004231348
0 0.9440789473528934 0.4504608294827082 0.08881578947222342 0.1497695852500053
0 0.8799342105118432 0.0737327188923103 0.09539473684053627 0.11981566820000424
0 0.7787828947240332 0.34792626727308923 0.07072368420936309 0.09216589861538788
0 0.8223684210391058 0.330645161282704 0.04605263157818992 0.06682027649615621
0 0.583059210516726 0.24654377879616257 0.057565789472737404 0.0737327188923103
0 0.5238486842019103 0.2476958525288549 0.04440789473611171 0.076036866357695
0 0.5534539473593182 0.2430875575980855 0.03453947368364244 0.05760368663461742
0 0.43832236841384337 0.2235023041423156 0.03782894736779887 0.06451612903077152
0 0.40460526315124007 0.24884792626154725 0.04605263157818992 0.0691244239615409
0 0.34950657894161996 0.19700460829039157 0.03453947368364244 0.05760368663461742
0 0.30509868420550823 0.21082949308269977 0.03453947368364244 0.05760368663461742
0 0.13898026315560888 0.26728110598462484 0.04769736842026814 0.08294930875384908
0 0.16858552631301668 0.21313364054808445 0.04111842105195529 0.0714285714269256
0 0.0863486842091061 0.18433179723077575 0.04111842105195529 0.0691244239615409
0 0.03865131578883797 0.22235023040962323 0.05098684210442456 0.0714285714269256
0 0.04523026315715082 0.31451612902501114 0.06743421052520668 0.09907834101154196
