0 0.04533333333212444 0.24583333332309026 0.06399999999829334 0.09999999999583334
0 0.1133333333303111 0.30208333332074655 0.06133333333169778 0.09583333332934027
0 0.22266666666072887 0.28124999998828126 0.05066666666531555 0.08749999999635416
0 0.33866666665763556 0.39999999998333335 0.07466666666467556 0.14166666666076388
0 0.34666666665742224 0.26458333332230904 0.053333333331911106 0.09583333332934027
0 0.46399999998762664 0.28333333332152777 0.06399999999829334 0.09999999999583334
0 0.5546666666518756 0.39999999998333335 0.07466666666467556 0.14166666666076388
0 0.5666666666515555 0.2791666666550347 0.04533333333212444 0.09999999999583334
0 0.6759999999819734 0.2729166666552951 0.05599999999850667 0.1124999999953125
0 0.7799999999792 0.2979166666542535 0.06133333333169778 0.1041666666623264
0 0.9013333333092978 0.2270833333238715 0.06399999999829334 0.1041666666623264
