0 0.16503906249838832 0.42903645832774695 0.06835937499933244 0.09244791666546293
0 0.09423828124907971 0.3945312499948629 0.055664062499456414 0.07812499999898274
0 0.07763671874924184 0.29557291666281804 0.04394531249957085 0.06510416666581896
0 0.1987304687480593 0.3059895833293491 0.04394531249957085 0.05989583333255344
0 0.23486328124770645 0.3177083333291965 0.04980468749951363 0.06510416666581896
0 0.3134765624969387 0.28971354166289437 0.039062499999618534 0.07161458333240085
0 0.33496093749672895 0.36718749999521894 0.06054687499940873 0.08593749999888102
0 0.3198242187468768 0.5136718749933116 0.09667968749905587 0.1497395833313836
0 0.42773437499582295 0.4010416666614448 0.05664062499944687 0.0937499999987793
0 0.3989257812461043 0.31315104166258917 0.041992187499589925 0.07161458333240085
0 0.4653320312454558 0.29101562499621075 0.03808593749962807 0.0559895833326043
0 0.5048828124950696 0.2994791666627672 0.039062499999618534 0.057291666665920685
0 0.49365234374517925 0.3802083333283827 0.05371093749947548 0.08072916666561551
0 0.5385742187447405 0.4798177083270857 0.10253906249899865 0.14192708333148532
0 0.5102539062450171 0.6263020833251783 0.11425781249888421 0.17708333333102758
0 0.7626953124925518 0.5462239583262211 0.11328124999889375 0.14192708333148532
0 0.8159179687420322 0.4368489583276452 0.06347656249938012 0.1002604166653612
0 0.853515624991665 0.4374999999943034 0.05468749999946595 0.10156249999867757
0 0.9809570312404204 0.34765624999547323 0.03417968749966622 0.08072916666561551
0 0.899902343741212 0.32812499999572753 0.03222656249968529 0.05989583333255344
0 0.8623046874915792 0.35481770832871334 0.04101562499959946 0.0690104166657681
0 0.8066406249921227 0.29166666666286895 0.03515624999965668 0.057291666665920685
0 0.7548828124926282 0.3678385416618771 0.048828124999523166 0.0690104166657681
0 0.7636718749925423 0.3209635416624875 0.04687499999954224 0.06380208333250258
0 0.7094726562430717 0.30468749999603273 0.041992187499589925 0.07291666666571724
0 0.6328124999938203 0.2968749999961344 0.03320312499967575 0.054687499999287924
0 0.5996093749941445 0.34570312499549866 0.03710937499963761 0.06640624999913533
0 0.5688476562444449 0.37695312499509176 0.05175781249949456 0.07942708333229913
0 0.5566406249945641 0.288411458329578 0.03515624999965668 0.04817708333270603
