0 0.03785714285660204 0.5154545454451736 0.0557142857134898 0.08545454545299173
0 0.11714285714118368 0.5036363636272065 0.0771428571417551 0.09454545454373553
0 0.2735714285675204 0.48090909090034706 0.07285714285610204 0.09999999999818181
0 0.33928571428086735 0.576363636353157 0.12714285714104082 0.18181818181487602
0 0.38571428570877553 0.45454545453719003 0.057142857142040815 0.07636363636224792
0 0.40214285713711223 0.3654545454479008 0.041428571427979594 0.05818181818076033
0 0.45142857142212245 0.46454545453700824 0.04285714285653061 0.07090909090780165
0 0.4764285714217653 0.4518181818099669 0.03285714285667347 0.049090909090016524
0 0.4542857142792245 0.42636363635588426 0.028571428571020407 0.04181818181742149
0 0.4828571428502449 0.41818181817421485 0.02571428571391837 0.03999999999927272
0 0.5364285714209082 0.42363636362866114 0.024285714285367348 0.04363636363557025
0 0.5742857142775102 0.511818181808876 0.0914285714272653 0.136363636361157
0 0.6471428571336123 0.504545454536281 0.06857142857044898 0.11818181817966941
0 0.5821428571345408 0.4445454545373719 0.041428571427979594 0.05636363636261157
0 0.6028571428485306 0.40909090908347107 0.028571428571020407 0.03999999999927272
0 0.6307142857052755 0.4245454545377355 0.052857142856387755 0.05636363636261157
0 0.6542857142763674 0.40181818181087603 0.022857142856816327 0.03999999999927272
0 0.669285714276153 0.4418181818101487 0.03285714285667347 0.05454545454446281
0 0.7085714285613062 0.44090909090107433 0.05142857142783674 0.07818181818039668
0 0.7471428571321836 0.43727272726477684 0.05142857142783674 0.07090909090780165
0 0.7835714285602347 0.4245454545377355 0.03857142857087755 0.06727272727150413
0 0.799285714274296 0.39909090908365286 0.02999999999957143 0.05272727272631405
0 0.8121428571312551 0.4172727272651405 0.024285714285367348 0.045454545453719006
0 0.8271428571310409 0.4009090909018016 0.03428571428522449 0.06363636363520661
0 0.9021428571299694 0.4299999999921818 0.044285714285081636 0.07454545454409917
0 0.9649999999862143 0.46363636362793387 0.069999999999 0.1418181818156033
0 0.8471428571307551 0.5018181818090578 0.07142857142755102 0.10181818181633057
